1 47686U 21006EM  21048.15844472  .00000570  00000-0  36433-4 0  9995
2 47686  97.5110 111.4477 0013043 155.3901 204.7955 15.12495079  3868
1 47686U 21006EM  21049.48160248  .00000489  00000-0  31767-4 0  9998
2 47686  97.5105 112.7498 0013067 151.1267 209.0690 15.12496593  4063
1 47686U 21006EM  21049.94470714  .00000473  00000-0  30851-4 0  9997
2 47686  97.5104 113.2055 0013107 149.6138 210.5856 15.12497183  4136
1 47686U 21006EM  21050.40781174  .00000447  00000-0  29336-4 0  9992
2 47686  97.5104 113.6613 0013151 148.0980 212.1049 15.12497664  4201
1 47686U 21006EM  21050.80475840  .00000454  00000-0  29759-4 0  9993
2 47686  97.5103 114.0518 0013186 146.8067 213.3993 15.12498115  4268
1 47686U 21006EM  21051.46633541  .00000529  00000-0  34043-4 0  9995
2 47686  97.5102 114.7029 0013241 144.6774 215.5336 15.12499324  4363
1 47686U 21006EM  21051.92943883  .00000632  00000-0  39943-4 0  9998
2 47686  97.5101 115.1585 0013281 143.1797 217.0349 15.12500504  4439
1 47686U 21006EM  21052.12791178  .00000635  00000-0  40135-4 0  9997
2 47686  97.5100 115.3538 0013292 142.5489 217.6671 15.12500781  4465
1 47686U 21006EM  21052.52485696  .00000791  00000-0  49062-4 0  9997
2 47686  97.5100 115.7444 0013322 141.2787 218.9401 15.12502304  4521
1 47686U 21006EM  21052.78948724  .00000794  00000-0  49242-4 0  9994
2 47686  97.5099 116.0048 0013338 140.4392 219.7815 15.12502695  4567
1 47686U 21006EM  21053.45106230  .00000882  00000-0  54270-4 0  9992
2 47686  97.5098 116.6558 0013383 138.3607 221.8646 15.12504254  4663
1 47686U 21006EM  21053.91416448  .00000935  00000-0  57300-4 0  9994
2 47686  97.5096 117.1114 0013403 136.9096 223.3186 15.12505335  4739
1 47686U 21006EM  21054.44342374  .00000913  00000-0  56065-4 0  9992
2 47686  97.5095 117.6322 0013434 135.3104 224.9212 15.12506213  4813
1 47686U 21006EM  21054.77421054  .00000899  00000-0  55258-4 0  9997
2 47686  97.5094 117.9576 0013448 134.2902 225.9434 15.12506795  4862
1 47686U 21006EM  21054.90652508  .00000976  00000-0  59690-4 0  9992
2 47686  97.5094 118.0878 0013457 133.8739 226.3605 15.12507502  4886
1 47686U 21006EM  21055.56809804  .00000967  00000-0  59151-4 0  9990
2 47686  97.5093 118.7388 0013481 131.8476 228.3908 15.12508841  4987
1 47686U 21006EM  21055.76656980  .00000953  00000-0  58334-4 0  9994
2 47686  97.5092 118.9341 0013490 131.2399 228.9996 15.12509200  5013
1 47686U 21006EM  21056.42814163  .00001000  00000-0  61034-4 0  9992
2 47686  97.5091 119.5850 0013526 129.1983 231.0451 15.12511029  5113
1 47686U 21006EM  21056.89124132  .00000866  00000-0  53355-4 0  9999
2 47686  97.5090 120.0407 0013550 127.7668 232.4793 15.12511545  5182
1 47686U 21006EM  21057.15586970  .00000836  00000-0  51620-4 0  9991
2 47686  97.5089 120.3010 0013560 126.9503 233.2972 15.12512043  5220
1 47686U 21006EM  21057.61896966  .00000877  00000-0  53985-4 0  9992
2 47686  97.5089 120.7567 0013587 125.5091 234.7409 15.12513203  5294
1 47686U 21006EM  21058.41285422  .00000781  00000-0  48498-4 0  9997
2 47686  97.5087 121.5378 0013638 123.0245 237.2298 15.12514352  5416
1 47686U 21006EM  21058.74363940  .00000709  00000-0  44340-4 0  9997
2 47686  97.5087 121.8632 0013659 122.0027 238.2533 15.12514578  5460
1 47686U 21006EM  21059.40520918  .00000690  00000-0  43241-4 0  9999
2 47686  97.5086 122.5141 0013692 119.9617 240.2975 15.12515633  5566
1 47686U 21006EM  21059.93446484  .00000627  00000-0  39675-4 0  9998
2 47686  97.5085 123.0348 0013719 118.3354 241.9262 15.12516104  5641
1 47686U 21006EM  21060.13293563  .00000624  00000-0  39485-4 0  9996
2 47686  97.5084 123.2301 0013727 117.7129 242.5496 15.12516397  5676
1 47686U 21006EM  21060.59603358  .00000761  00000-0  47344-4 0  9998
2 47686  97.5084 123.6857 0013751 116.2638 244.0007 15.12517927  5745
1 47686U 21006EM  21060.92681781  .00000770  00000-0  47844-4 0  9996
2 47686  97.5083 124.0112 0013763 115.2423 245.0236 15.12518458  5797
1 47686U 21006EM  21061.05913133  .00000866  00000-0  53361-4 0  9997
2 47686  97.5082 124.1413 0013765 114.8268 245.4396 15.12519223  5810
1 47686U 21006EM  21062.11763940  .00000893  00000-0  54865-4 0  9994
2 47686  97.5080 125.1827 0013790 111.5921 248.6781 15.12521144  5971
1 47686U 21006EM  21063.44077149  .00001011  00000-0  61648-4 0  9990
2 47686  97.5078 126.4844 0013799 107.5741 252.6999 15.12524389  6178
1 47686U 21006EM  21063.63924116  .00000989  00000-0  60409-4 0  9993
2 47686  97.5077 126.6796 0013796 106.9885 253.2859 15.12524680  6204
1 47686U 21006EM  21064.43311927  .00000927  00000-0  56800-4 0  9994
2 47686  97.5076 127.4606 0013779 104.5996 255.6763 15.12525938  6320
1 47686U 21006EM  21064.69774516  .00000889  00000-0  54660-4 0  9998
2 47686  97.5076 127.7209 0013776 103.8025 256.4740 15.12526304  6360
1 47686U 21006EM  21065.16083922  .00000946  00000-0  57917-4 0  9997
2 47686  97.5076 128.1766 0013726 102.2124 258.0645 15.12527900  6434
1 47686U 21006EM  21065.62393356  .00000930  00000-0  57003-4 0  9992
2 47686  97.5075 128.6322 0013738 100.8256 259.4521 15.12528958  6509
1 47686U 21006EM  21066.15318379  .00000924  00000-0  56652-4 0  9995
2 47686  97.5074 129.1529 0013728  99.1510 261.1275 15.12530221  6585
1 47686U 21006EM  21066.41780872  .00000938  00000-0  57465-4 0  9993
2 47686  97.5074 129.4132 0013742  98.3508 261.9282 15.12530945  6626
1 47686U 21006EM  21066.88090213  .00000909  00000-0  55813-4 0  9990
2 47686  97.5073 129.8687 0013724  96.9244 263.3548 15.12531907  6692
1 47686U 21006EM  21067.14552668  .00000916  00000-0  56160-4 0  9991
2 47686  97.5072 130.1291 0013699  96.1094 264.1698 15.12532594  6736
1 47686U 21006EM  21067.80707488  .00002393  00000-0  14076-3 0  9996
2 47686  97.5070 130.7798 0013826  94.1654 266.1157 15.12544936  6830
1 47686U 21006EM  21068.07169672  .00002241  00000-0  13202-3 0  9995
2 47686  97.5070 131.0404 0013852  93.4998 266.7817 15.12545717  6871
1 47686U 21006EM  21068.46863037  .00002327  00000-0  13697-3 0  9997
2 47686  97.5069 131.4308 0013853  92.2907 267.9910 15.12547510  6931
1 47686U 21006EM  21068.79940809  .00002342  00000-0  13779-3 0  9994
2 47686  97.5068 131.7562 0013848  91.2615 269.0202 15.12548836  6988
1 47686U 21006EM  21069.13018541  .00002431  00000-0  14289-3 0  9998
2 47686  97.5067 132.0815 0013843  90.2702 270.0115 15.12550432  7030
1 47686U 21006EM  21069.46096271  .00002349  00000-0  13817-3 0  9994
2 47686  97.5067 132.4069 0013840  89.3044 270.9773 15.12551311  7081
1 47686U 21006EM  21069.92405017  .00002315  00000-0  13623-3 0  9995
2 47686  97.5065 132.8624 0013821  87.9162 272.3651 15.12552960  7154
1 47686U 21006EM  21070.45329214  .00002332  00000-0  13722-3 0  9998
2 47686  97.5064 133.3830 0013814  86.3364 273.9446 15.12555208  7233
1 47686U 21006EM  21070.71791272  .00002374  00000-0  13963-3 0  9997
2 47686  97.5063 133.6432 0013808  85.5272 274.7535 15.12556544  7271
1 47686U 21006EM  21071.11484343  .00002184  00000-0  12871-3 0  9996
2 47686  97.5062 134.0336 0013799  84.3115 275.9689 15.12557640  7338
1 47686U 21006EM  21071.71023795  .00002397  00000-0  14091-3 0  9994
2 47686  97.5061 134.6193 0013789  82.4880 277.7917 15.12561237  7422
1 47686U 21006EM  21071.84254767  .00002404  00000-0  14132-3 0  9998
2 47686  97.5060 134.7494 0013784  82.0663 278.2131 15.12561890  7447
1 47686U 21006EM  21072.43794016  .00002612  00000-0  15317-3 0  9997
2 47686  97.5059 135.3350 0013770  80.2880 279.9905 15.12565900  7532
1 47686U 21006EM  21072.83486729  .00002843  00000-0  16641-3 0  9997
2 47686  97.5057 135.7254 0013757  79.0328 281.2450 15.12569150  7593
1 47686U 21006EM  21073.43025687  .00002946  00000-0  17224-3 0  9998
2 47686  97.5055 136.3110 0013743  77.2256 283.0510 15.12573324  7689
1 47686U 21006EM  21074.15795268  .00003341  00000-0  19479-3 0  9991
2 47686  97.5052 137.0268 0013753  75.0502 285.2250 15.12579933  7798
1 47686U 21006EM  21074.42256867  .00003287  00000-0  19173-3 0  9998
2 47686  97.5051 137.2870 0013749  74.2778 285.9969 15.12581768  7837
1 47686U 21006EM  21074.75333821  .00003093  00000-0  18064-3 0  9993
2 47686  97.5049 137.6124 0013717  73.2290 287.0445 15.12583805  7884
1 47686U 21006EM  21075.41487673  .00002349  00000-0  13804-3 0  9992
2 47686  97.5047 138.2630 0013688  71.2182 289.0533 15.12586131  7982
1 47686U 21006EM  21075.87795349  .00002321  00000-0  13646-3 0  9998
2 47686  97.5047 138.7185 0013639  69.6835 290.5860 15.12587540  8058
1 47686U 21006EM  21076.40718273  .00002311  00000-0  13588-3 0  9993
2 47686  97.5046 139.2390 0013607  68.0390 292.2285 15.12590293  8133
1 47686U 21006EM  21076.73795072  .00002276  00000-0  13385-3 0  9996
2 47686  97.5045 139.5643 0013597  67.0409 293.2255 15.12591751  8187
1 47686U 21006EM  21076.87025798  .00002133  00000-0  12568-3 0  9996
2 47686  97.5044 139.6944 0013592  66.6312 293.6347 15.12591783  8208
1 47686U 21006EM  21077.39948568  .00002563  00000-0  15028-3 0  9994
2 47686  97.5044 140.2150 0013562  65.0037 295.2600 15.12595489  8284
1 47686U 21006EM  21077.79640645  .00002317  00000-0  13620-3 0  9996
2 47686  97.5043 140.6053 0013532  63.7851 296.4769 15.12596158  8345
1 47686U 21006EM  21078.39178653  .00002453  00000-0  14397-3 0  9991
2 47686  97.5043 141.1909 0013497  61.9653 298.2941 15.12598777  8432
1 47686U 21006EM  21078.92101223  .00002426  00000-0  14243-3 0  9999
2 47686  97.5042 141.7115 0013457  60.3277 299.9292 15.12600804  8518
1 47686U 21006EM  21079.11947161  .00002447  00000-0  14360-3 0  9993
2 47686  97.5042 141.9067 0013445  59.7059 300.5500 15.12601784  8545
1 47686U 21006EM  21079.25177765  .00002634  00000-0  15428-3 0  9997
2 47686  97.5042 142.0368 0013438  59.3059 300.9494 15.12603021  8563
1 47686U 21006EM  21079.71484795  .00003261  00000-0  19011-3 0  9991
2 47686  97.5042 142.4923 0013419  57.8852 302.3679 15.12607556  8633
1 47686U 21006EM  21080.17791662  .00003511  00000-0  20437-3 0  9999
2 47686  97.5042 142.9477 0013363  56.4022 303.8482 15.12611508  8702
1 47686U 21006EM  21080.70713667  .00003808  00000-0  22131-3 0  9999
2 47686  97.5043 143.4683 0013330  54.7297 305.5179 15.12616365  8783
1 47686U 21006EM  21081.36865950  .00004318  00000-0  25039-3 0  9992
2 47686  97.5044 144.1189 0013309  52.7839 307.4604 15.12623296  8885
1 47686U 21006EM  21081.76557213  .00003851  00000-0  22373-3 0  9995
2 47686  97.5044 144.5093 0013284  51.5779 308.6642 15.12625672  8947
1 47686U 21006EM  21082.42709168  .00003007  00000-0  17549-3 0  9999
2 47686  97.5044 145.1599 0013257  49.5552 310.6833 15.12628921  9048
1 47686U 21006EM  21082.89015419  .00002929  00000-0  17104-3 0  9998
2 47686  97.5042 145.6153 0013216  48.0929 312.1427 15.12631946  9119
1 47686U 21006EM  21083.22091268  .00002757  00000-0  16120-3 0  9998
2 47686  97.5042 145.9406 0013188  47.0315 313.2020 15.12633761  9162
1 47686U 21006EM  21083.75012528  .00002884  00000-0  16843-3 0  9991
2 47686  97.5040 146.4611 0013140  45.3680 314.8620 15.12637289  9249
1 47686U 21006EM  21083.88242849  .00002538  00000-0  14869-3 0  9998
2 47686  97.5040 146.5912 0013129  44.9671 315.2621 15.12637038  9266
1 47686U 21006EM  21084.47779136  .00003020  00000-0  17617-3 0  9999
2 47686  97.5038 147.1766 0013062  42.8844 317.3403 15.12641626  9351
1 47686U 21006EM  21084.80854774  .00003156  00000-0  18398-3 0  9995
2 47686  97.5037 147.5019 0013031  41.8031 318.4192 15.12644005  9405
1 47686U 21006EM  21084.87469900  .00003176  00000-0  18512-3 0  9995
2 47686  97.5037 147.5670 0013027  41.5940 318.6279 15.12644415  9413
1 47686U 21006EM  21085.93311629  .00003778  00000-0  21944-3 0  9998
2 47686  97.5033 148.6079 0012892  38.1238 322.0902 15.12651696  9573
1 47686U 21006EM  21086.13156895  .00003887  00000-0  22566-3 0  9995
2 47686  97.5033 148.8030 0012870  37.4407 322.7718 15.12653278  9602
1 47686U 21006EM  21086.46232329  .00003763  00000-0  21857-3 0  9993
2 47686  97.5032 149.1282 0012840  36.4124 323.7978 15.12654879  9658
1 47686U 21006EM  21086.92537839  .00003778  00000-0  21942-3 0  9999
2 47686  97.5030 149.5836 0012791  34.8795 325.3271 15.12657778  9729
1 47686U 21006EM  21087.45458372  .00003253  00000-0  18944-3 0  9998
2 47686  97.5029 150.1040 0012784  33.2875 326.9157 15.12659959  9808
1 47686U 21006EM  21087.71918596  .00003024  00000-0  17635-3 0  9998
2 47686  97.5027 150.3642 0012743  32.3176 327.8833 15.12660838  9848
1 47686U 21006EM  21088.24839028  .00002485  00000-0  14560-3 0  9993
2 47686  97.5026 150.8846 0012699  30.6953 329.5018 15.12661768  9928
1 47686U 21006EM  21088.77759296  .00002570  00000-0  15040-3 0  9998
2 47686  97.5024 151.4051 0012664  29.0292 331.1641 15.12664966 10006
1 47686U 21006EM  21088.84374339  .00002290  00000-0  13444-3 0  9992
2 47686  97.5023 151.4701 0012656  28.7844 331.4083 15.12664371 10011
1 47686U 21006EM  21089.43909525  .00002317  00000-0  13600-3 0  9993
2 47686  97.5023 152.0556 0012579  26.8094 333.3784 15.12667579 10108
1 47686U 21006EM  21089.63754560  .00002344  00000-0  13754-3 0  9992
2 47686  97.5022 152.2507 0012564  26.1727 334.0136 15.12668762 10132
1 47686U 21006EM  21090.16674607  .00002111  00000-0  12424-3 0  9990
2 47686  97.5020 152.7711 0012517  24.4280 335.7542 15.12670680 10215
1 47686U 21006EM  21090.23289598  .00002138  00000-0  12573-3 0  9993
2 47686  97.5020 152.8362 0012509  24.1915 335.9901 15.12671133 10227
1 47686U 21006EM  21091.15899355  .00002557  00000-0  14963-3 0  9993
2 47686  97.5018 153.7469 0012424  21.0941 339.0800 15.12677461 10361
1 47686U 21006EM  21091.42359227  .00002674  00000-0  15633-3 0  9997
2 47686  97.5018 154.0071 0012393  20.1664 340.0054 15.12679246 10402
1 47686U 21006EM  21091.75434039  .00002701  00000-0  15787-3 0  9999
2 47686  97.5017 154.3324 0012365  19.1054 341.0638 15.12681151 10457
1 47686U 21006EM  21092.48198521  .00002509  00000-0  14689-3 0  9999
2 47686  97.5016 155.0480 0012299  16.6691 343.4941 15.12684316 10563
1 47686U 21006EM  21092.81273241  .00002572  00000-0  15048-3 0  9999
2 47686  97.5015 155.3732 0012268  15.5548 344.6058 15.12686093 10612
1 47686U 21006EM  21092.94503118  .00002589  00000-0  15146-3 0  9999
2 47686  97.5015 155.5034 0012252  15.1305 345.0290 15.12686762 10637
1 47686U 21006EM  21093.47422578  .00002488  00000-0  14567-3 0  9992
2 47686  97.5015 156.0238 0012199  13.3396 346.8155 15.12689014 10710
1 47686U 21006EM  21093.87112134  .00002309  00000-0  13543-3 0  9995
2 47686  97.5014 156.4141 0012160  11.9765 348.1752 15.12690201 10772
1 47686U 21006EM  21094.13571803  .00002356  00000-0  13812-3 0  9998
2 47686  97.5014 156.6743 0012131  11.0428 349.1067 15.12691560 10811
1 47686U 21006EM  21094.46646374  .00002317  00000-0  13589-3 0  9998
2 47686  97.5014 156.9995 0012094   9.9381 350.2087 15.12692802 10865
1 47686U 21006EM  21094.79720905  .00002340  00000-0  13723-3 0  9993
2 47686  97.5014 157.3248 0012060   8.8150 351.3291 15.12694313 10910
1 47686U 21006EM  21095.85559252  .00002243  00000-0  13169-3 0  9992
2 47686  97.5013 158.3655 0011936   5.1495 354.9857 15.12698137 11078
1 47686U 21006EM  21095.92174136  .00002260  00000-0  13266-3 0  9991
2 47686  97.5013 158.4305 0011923   4.9142 355.2204 15.12698435 11085
1 47686U 21006EM  21096.12018776  .00002281  00000-0  13382-3 0  9993
2 47686  97.5013 158.6257 0011905   4.2092 355.9237 15.12699414 11115
1 47686U 21006EM  21096.84782394  .00002108  00000-0  12397-3 0  9999
2 47686  97.5013 159.3411 0011828   1.6926 358.4343 15.12701924 11224
1 47686U 21006EM  21097.11241804  .00001901  00000-0  11217-3 0  9996
2 47686  97.5012 159.6011 0011851   0.7523 359.3724 15.12702557 11261
1 47686U 21006EM  21097.90620099  .00001884  00000-0  11117-3 0  9999
2 47686  97.5011 160.3816 0011770 357.9305   2.1875 15.12705673 11382
1 47686U 21006EM  21098.17079428  .00002093  00000-0  12308-3 0  9999
2 47686  97.5010 160.6417 0011745 356.9740   3.1418 15.12708049 11424
1 47686U 21006EM  21098.83227928  .00001712  00000-0  10135-3 0  9995
2 47686  97.5009 161.2921 0011669 354.6110   5.4994 15.12708369 11520
1 47686U 21006EM  21099.42761458  .00001614  00000-0  95761-4 0  9992
2 47686  97.5008 161.8775 0011616 352.4593   7.6461 15.12709998 11617
1 47686U 21006EM  21099.82450469  .00001511  00000-0  89882-4 0  9996
2 47686  97.5008 162.2677 0011572 351.0083   9.0939 15.12710736 11677
1 47686U 21006EM  21099.89065295  .00001510  00000-0  89849-4 0  9994
2 47686  97.5007 162.3328 0011563 350.7653   9.3363 15.12710959 11681
1 47686U 21006EM  21100.41983905  .00001404  00000-0  83762-4 0  9992
2 47686  97.5007 162.8531 0011509 348.8304  11.2670 15.12712142 11761
1 47686U 21006EM  21100.88287621  .00001445  00000-0  86097-4 0  9994
2 47686  97.5006 163.3084 0011467 347.1857  12.9081 15.12713945 11831
1 47686U 21006EM  21100.94902435  .00001445  00000-0  86135-4 0  9991
2 47686  97.5006 163.3734 0011460 346.9445  13.1488 15.12714161 11842
1 47686U 21006EM  21101.61050482  .00001608  00000-0  95416-4 0  9995
2 47686  97.5006 164.0238 0011392 344.5700  15.5182 15.12717320 11949
1 47686U 21006EM  21101.80894923  .00001419  00000-0  84650-4 0  9990
2 47686  97.5005 164.2189 0011373 343.8670  16.2197 15.12716816 11978
1 47686U 21006EM  21102.13968922  .00001436  00000-0  85631-4 0  9997
2 47686  97.5004 164.5441 0011343 342.6691  17.4151 15.12717939 12025
1 47686U 21006EM  21103.13190659  .00001774  00000-0  10487-3 0  9993
2 47686  97.5003 165.5196 0011250 339.1077  20.9692 15.12723096 12174
1 47686U 21006EM  21104.38871220  .00001964  00000-0  11570-3 0  9996
2 47686  97.5000 166.7552 0011136 334.5232  25.5448 15.12728379 12365
1 47686U 21006EM  21105.44707211  .00002874  00000-0  16752-3 0  9990
2 47686  97.4993 167.7958 0011004 330.4625  29.5983 15.12734803 12526
1 47686U 21006EM  21105.91010342  .00002181  00000-0  12805-3 0  9990
2 47686  97.4992 168.2510 0010956 328.7374  31.3204 15.12734793 12593
1 47686U 21006EM  21106.43928033  .00002231  00000-0  13088-3 0  9993
2 47686  97.4991 168.7712 0010906 326.7154  33.3390 15.12737918 12679
1 47686U 21006EM  21106.70386843  .00002174  00000-0  12760-3 0  9992
2 47686  97.4991 169.0313 0010885 325.7354  34.3174 15.12739283 12710
1 47686U 21006EM  21107.49763146  .00002054  00000-0  12076-3 0  9991
2 47686  97.4991 169.8119 0010840 322.6665  37.3812 15.12743227 12832
1 47686U 21006EM  21107.76221904  .00001834  00000-0  10822-3 0  9994
2 47686  97.4991 170.0719 0010823 321.6647  38.3813 15.12743782 12874
1 47686U 21006EM  21107.89451234  .00001964  00000-0  11566-3 0  9999
2 47686  97.4990 170.2020 0010805 321.2120  38.8335 15.12744995 12895
1 47686U 21006EM  21108.48983176  .00002362  00000-0  13828-3 0  9996
2 47686  97.4989 170.7873 0010754 318.9886  41.0536 15.12749781 12986
1 47686U 21006EM  21108.82056386  .00002585  00000-0  15098-3 0  9996
2 47686  97.4989 171.1123 0010742 317.7082  42.3320 15.12752640 13031
1 47686U 21006EM  21108.88671029  .00002542  00000-0  14857-3 0  9994
2 47686  97.4989 171.1774 0010735 317.4383  42.6015 15.12752898 13046
1 47686U 21006EM  21109.48202711  .00002830  00000-0  16495-3 0  9999
2 47686  97.4989 171.7627 0010707 315.0627  44.9736 15.12757489 13139
1 47686U 21006EM  21109.87890406  .00003190  00000-0  18541-3 0  9990
2 47686  97.4986 172.1529 0010664 313.5583  46.4762 15.12761352 13194
1 47686U 21006EM  21110.14348827  .00003172  00000-0  18438-3 0  9992
2 47686  97.4986 172.4130 0010659 312.4464  47.5865 15.12763274 13231
1 47686U 21006EM  21110.47421799  .00003365  00000-0  19534-3 0  9990
2 47686  97.4986 172.7382 0010648 311.1556  48.8755 15.12766135 13285
1 47686U 21006EM  21110.93723909  .00003114  00000-0  18108-3 0  9997
2 47686  97.4987 173.1934 0010626 309.3218  50.7071 15.12768596 13358
1 47686U 21006EM  21111.20182209  .00003153  00000-0  18325-3 0  9994
2 47686  97.4987 173.4535 0010620 308.2218  51.8057 15.12770491 13397
1 47686U 21006EM  21111.46640479  .00003242  00000-0  18830-3 0  9990
2 47686  97.4987 173.7137 0010608 307.1739  52.8522 15.12772357 13436
1 47686U 21006EM  21111.86327834  .00003302  00000-0  19172-3 0  9998
2 47686  97.4987 174.1038 0010597 305.5892  54.4351 15.12775015 13498
1 47686U 21006EM  21112.39244215  .00003160  00000-0  18362-3 0  9990
2 47686  97.4988 174.6241 0010584 303.4462  56.5756 15.12777984 13574
1 47686U 21006EM  21112.45858751  .00003123  00000-0  18154-3 0  9991
2 47686  97.4989 174.6890 0010557 303.3154  56.7066 15.12778391 13582
1 47686U 21006EM  21112.85545954  .00003134  00000-0  18214-3 0  9992
2 47686  97.4988 175.0792 0010537 301.7384  58.2819 15.12780927 13640
1 47686U 21006EM  21113.12004040  .00003107  00000-0  18060-3 0  9998
2 47686  97.4988 175.3393 0010531 300.6440  59.3752 15.12782640 13681
1 47686U 21006EM  21113.71534660  .00002949  00000-0  17160-3 0  9992
2 47686  97.4988 175.9246 0010494 298.2880  61.7291 15.12785927 13778
1 47686U 21006EM  21114.44294078  .00003017  00000-0  17544-3 0  9992
2 47686  97.4987 176.6398 0010466 295.4006  64.6141 15.12790838 13886
1 47686U 21006EM  21114.77366463  .00002918  00000-0  16978-3 0  9995
2 47686  97.4986 176.9649 0010454 294.0735  65.9402 15.12792790 13937
1 47686U 21006EM  21115.43511084  .00003046  00000-0  17707-3 0  9994
2 47686  97.4985 177.6151 0010425 291.3789  68.6329 15.12797553 14031
1 47686U 21006EM  21115.76583261  .00003499  00000-0  20282-3 0  9990
2 47686  97.4983 177.9403 0010413 290.0919  69.9191 15.12801606 14081
1 47686U 21006EM  21116.16269938  .00003040  00000-0  17668-3 0  9993
2 47686  97.4982 178.3304 0010380 288.5493  71.4610 15.12802672 14142
1 47686U 21006EM  21116.55956563  .00002695  00000-0  15707-3 0  9990
2 47686  97.4982 178.7205 0010405 286.9411  73.0679 15.12803909 14200
1 47686U 21006EM  21116.62570985  .00002681  00000-0  15627-3 0  9994
2 47686  97.4982 178.7855 0010405 286.6685  73.3404 15.12804311 14219
1 47686U 21006EM  21117.41944225  .00001655  00000-0  97907-4 0  9996
2 47686  97.4979 179.5658 0010363 283.5510  76.4567 15.12804527 14337
1 47686U 21006EM  21118.14702904  .00001352  00000-0  80614-4 0  9994
2 47686  97.4976 180.2810 0010381 280.5986  79.4075 15.12806172 14444
1 47686U 21006EM  21118.47775037  .00001233  00000-0  73840-4 0  9998
2 47686  97.4976 180.6062 0010380 279.2220  80.7837 15.12806583 14494
1 47686U 21006EM  21118.87461601  .00001065  00000-0  64312-4 0  9998
2 47686  97.4975 180.9963 0010362 277.7399  82.2655 15.12806760 14555
1 47686U 21006EM  21119.40377096  .00001241  00000-0  74316-4 0  9993
2 47686  97.4981 181.5165 0010392 275.6973  84.3072 15.12807510 14630
1 47686U 21006EM  21119.80063588  .00001185  00000-0  71102-4 0  9992
2 47686  97.4980 181.9066 0010389 274.0608  85.9435 15.12808312 14694
1 47686U 21006EM  21120.39593314  .00001003  00000-0  60762-4 0  9992
2 47686  97.4979 182.4918 0010404 271.6087  88.3952 15.12808849 14782
1 47686U 21006EM  21120.59436543  .00000982  00000-0  59555-4 0  9997
2 47686  97.4979 182.6869 0010404 270.7971  89.2068 15.12809189 14811
1 47686U 21006EM  21121.45423822  .00000953  00000-0  57926-4 0  9997
2 47686  97.4978 183.5322 0010408 267.4328  92.5711 15.12810815 14941
1 47686U 21006EM  21121.71881435  .00000938  00000-0  57083-4 0  9991
2 47686  97.4977 183.7923 0010406 266.3999  93.6042 15.12811249 14984
1 47686U 21006EM  21122.44639792  .00000941  00000-0  57259-4 0  9998
2 47686  97.4976 184.5075 0010434 263.3839  96.6205 15.12812671 15098
1 47686U 21006EM  21122.71097352  .00000944  00000-0  57420-4 0  9991
2 47686  97.4975 184.7675 0010448 262.2816  97.7228 15.12813235 15132
1 47686U 21006EM  21123.10783573  .00001074  00000-0  64795-4 0  9990
2 47686  97.4974 185.1577 0010430 260.8059  99.1993 15.12815084 15196
1 47686U 21006EM  21123.17397902  .00001136  00000-0  68336-4 0  9998
2 47686  97.4975 185.2228 0010464 260.6086  99.3962 15.12815722 15205
1 47686U 21006EM  21123.63698525  .00001159  00000-0  69643-4 0  9991
2 47686  97.4974 185.6779 0010458 258.7130 101.2925 15.12817016 15277
1 47686U 21006EM  21124.16613511  .00001147  00000-0  68937-4 0  9994
2 47686  97.4973 186.1980 0010481 256.6242 103.3820 15.12818208 15353
1 47686U 21006EM  21124.43071006  .00001103  00000-0  66439-4 0  9998
2 47686  97.4973 186.4580 0010489 255.5763 104.4304 15.12818557 15396
1 47686U 21006EM  21124.56299757  .00001017  00000-0  61541-4 0  9990
2 47686  97.4972 186.5881 0010505 255.0190 104.9879 15.12818392 15410
1 47686U 21006EM  21125.42286548  .00000922  00000-0  56123-4 0  9994
2 47686  97.4971 187.4333 0010526 251.6234 108.3853 15.12819820 15546
1 47686U 21006EM  21126.15044520  .00000869  00000-0  53110-4 0  9990
2 47686  97.4970 188.1485 0010560 248.7410 111.2693 15.12821235 15652
1 47686U 21006EM  21127.14259779  .00001418  00000-0  84354-4 0  9999
2 47686  97.4968 189.1234 0010592 244.8468 115.1665 15.12824514 15809
1 47686U 21006EM  21127.40717160  .00001298  00000-0  77511-4 0  9994
2 47686  97.4968 189.3836 0010594 243.7893 116.2249 15.12825146 15847
1 47686U 21006EM  21127.73788880  .00001121  00000-0  67452-4 0  9995
2 47686  97.4968 189.7086 0010644 242.5386 117.4763 15.12825483 15891
1 47686U 21006EM  21128.39932341  .00000868  00000-0  53043-4 0  9999
2 47686  97.4968 190.3587 0010659 239.9179 120.0995 15.12825921 15996
1 47686U 21006EM  21128.92847055  .00000827  00000-0  50698-4 0  9993
2 47686  97.4968 190.8789 0010694 237.9219 122.0974 15.12826714 16077
1 47686U 21006EM  21129.12690067  .00000823  00000-0  50477-4 0  9996
2 47686  97.4967 191.0739 0010709 237.1351 122.8849 15.12827042 16108
1 47686U 21006EM  21129.39147449  .00000748  00000-0  46246-4 0  9991
2 47686  97.4966 191.3339 0010713 236.0508 123.9705 15.12826995 16146
1 47686U 21006EM  21129.72219125  .00000741  00000-0  45834-4 0  9994
2 47686  97.4965 191.6589 0010739 234.7748 125.2478 15.12827481 16192
1 47686U 21006EM  21130.31748134  .00000728  00000-0  45090-4 0  9997
2 47686  97.4965 192.2440 0010779 232.4291 127.5962 15.12828239 16282
1 47686U 21006EM  21130.78048453  .00000715  00000-0  44330-4 0  9997
2 47686  97.4964 192.6990 0010809 230.6848 129.3425 15.12828808 16351
1 47686U 21006EM  21130.84662770  .00000734  00000-0  45457-4 0  9990
2 47686  97.4964 192.7641 0010821 230.4202 129.6074 15.12829032 16365
1 47686U 21006EM  21131.17734407  .00000788  00000-0  48520-4 0  9997
2 47686  97.4963 193.0891 0010837 229.1749 130.8543 15.12829813 16411
1 47686U 21006EM  21131.70649012  .00000714  00000-0  44269-4 0  9998
2 47686  97.4963 193.6092 0010878 227.1565 132.8753 15.12830190 16492
1 47686U 21006EM  21132.16949240  .00000701  00000-0  43554-4 0  9997
2 47686  97.4962 194.0643 0010919 225.4837 134.5503 15.12830901 16567
1 47686U 21006EM  21132.43406496  .00000720  00000-0  44644-4 0  9990
2 47686  97.4962 194.3243 0010963 224.4322 135.6031 15.12831457 16603
1 47686U 21006EM  21132.69863682  .00001056  00000-0  63729-4 0  9990
2 47686  97.4961 194.5843 0010954 223.4314 136.6055 15.12833967 16649
1 47686U 21006EM  21133.75692414  .00001086  00000-0  65430-4 0  9995
2 47686  97.4961 195.6246 0011047 219.4769 140.5658 15.12836750 16805
1 47686U 21006EM  21134.08763890  .00001016  00000-0  61438-4 0  9996
2 47686  97.4960 195.9497 0011082 218.2405 141.8041 15.12837132 16858
1 47686U 21006EM  21134.74906830  .00000937  00000-0  56947-4 0  9992
2 47686  97.4960 196.5998 0011141 215.7328 144.3158 15.12838146 16957
1 47686U 21006EM  21135.14592556  .00000896  00000-0  54640-4 0  9995
2 47686  97.4960 196.9898 0011174 214.2527 145.7985 15.12838830 17012
1 47686U 21006EM  21135.74121050  .00001042  00000-0  62892-4 0  9990
2 47686  97.4960 197.5749 0011224 212.0247 148.0303 15.12841098 17105
1 47686U 21006EM  21136.13806736  .00000911  00000-0  55489-4 0  9993
2 47686  97.4959 197.9649 0011260 210.5516 149.5060 15.12841232 17160
1 47686U 21006EM  21136.73335166  .00000967  00000-0  58643-4 0  9999
2 47686  97.4959 198.5500 0011303 208.2908 151.7711 15.12842922 17255
1 47686U 21006EM  21138.12234688  .00000897  00000-0  54654-4 0  9991
2 47686  97.4957 199.9151 0011429 203.1813 156.8904 15.12845543 17463
1 47686U 21006EM  21138.38691684  .00000951  00000-0  57751-4 0  9994
2 47686  97.4958 200.1750 0011460 202.2346 157.8390 15.12846452 17505
1 47686U 21006EM  21138.71762889  .00001054  00000-0  63601-4 0  9993
2 47686  97.4957 200.5001 0011463 200.9758 159.1004 15.12847908 17551
1 47686U 21006EM  21139.44519464  .00001170  00000-0  70154-4 0  9993
2 47686  97.4956 201.2151 0011578 198.5147 161.5665 15.12850455 17668
1 47686U 21006EM  21139.64362025  .00001412  00000-0  83922-4 0  9990
2 47686  97.4955 201.4100 0011568 197.6651 162.4179 15.12852737 17690
1 47686U 21006EM  21140.43732614  .00001502  00000-0  89010-4 0  9998
2 47686  97.4955 202.1900 0011626 195.0197 165.0690 15.12855713 17816
1 47686U 21006EM  21140.63575226  .00001583  00000-0  93597-4 0  9998
2 47686  97.4954 202.3850 0011658 194.2448 165.8456 15.12856864 17845
1 47686U 21006EM  21141.42945668  .00001706  00000-0  10057-3 0  9993
2 47686  97.4952 203.1649 0011728 191.4968 168.5997 15.12860163 17962
1 47686U 21006EM  21141.76016719  .00001298  00000-0  77420-4 0  9990
2 47686  97.4952 203.4900 0011791 190.5565 169.5420 15.12858892 18013
1 47686U 21006EM  21141.89245116  .00001300  00000-0  77551-4 0  9998
2 47686  97.4952 203.6201 0011807 190.1016 169.9979 15.12859313 18038
1 47686U 21006EM  21142.42158702  .00001202  00000-0  71968-4 0  9999
2 47686  97.4951 204.1403 0011870 188.0657 172.0385 15.12860399 18115
1 47686U 21006EM  21142.88458021  .00001173  00000-0  70304-4 0  9996
2 47686  97.4952 204.5953 0011914 186.5975 173.5101 15.12861698 18187
1 47686U 21006EM  21143.41371510  .00001116  00000-0  67078-4 0  9994
2 47686  97.4952 205.1153 0011960 184.6518 175.4603 15.12862956 18264
1 47686U 21006EM  21143.74442447  .00001146  00000-0  68759-4 0  9998
2 47686  97.4952 205.4404 0012002 183.5838 176.5309 15.12863971 18316
1 47686U 21006EM  21144.40584235  .00001062  00000-0  64021-4 0  9999
2 47686  97.4951 206.0904 0012080 181.2335 178.8868 15.12865224 18419
1 47686U 21006EM  21145.39796899  .00000842  00000-0  51511-4 0  9994
2 47686  97.4952 207.0655 0012161 177.7045 182.4244 15.12865965 18569
1 47686U 21006EM  21146.12552684  .00000961  00000-0  58244-4 0  9990
2 47686  97.4951 207.7806 0012224 175.1885 184.9466 15.12868137 18676
1 47686U 21006EM  21146.39009349  .00000902  00000-0  54915-4 0  9990
2 47686  97.4952 208.0406 0012286 174.4209 185.7161 15.12868227 18713
1 47686U 21006EM  21147.18379332  .00000865  00000-0  52789-4 0  9995
2 47686  97.4950 208.8206 0012340 171.6692 188.4746 15.12869197 18832
1 47686U 21006EM  21147.44835958  .00000866  00000-0  52851-4 0  9996
2 47686  97.4950 209.0806 0012375 170.8018 189.3442 15.12869636 18877
1 47686U 21006EM  21147.77906495  .00001217  00000-0  72768-4 0  9997
2 47686  97.4948 209.4054 0012404 169.5879 190.5612 15.12872837 18922
1 47686U 21006EM  21148.44047898  .00001420  00000-0  84261-4 0  9992
2 47686  97.4949 210.0554 0012461 167.3962 192.7583 15.12875355 19029
1 47686U 21006EM  21148.70504422  .00001100  00000-0  66136-4 0  9998
2 47686  97.4949 210.3155 0012503 166.6298 193.5266 15.12874341 19065
1 47686U 21006EM  21149.43259890  .00000976  00000-0  59069-4 0  9992
2 47686  97.4948 211.0304 0012572 164.2687 195.8937 15.12875271 19175
1 47686U 21006EM  21149.76330525  .00000962  00000-0  58288-4 0  9990
2 47686  97.4948 211.3554 0012603 163.2555 196.9094 15.12875982 19224
1 47686U 21006EM  21150.16015274  .00000919  00000-0  55846-4 0  9996
2 47686  97.4948 211.7454 0012641 161.9422 198.2261 15.12876679 19288
1 47686U 21006EM  21150.75542330  .00000902  00000-0  54850-4 0  9995
2 47686  97.4948 212.3304 0012689 160.0642 200.1087 15.12878055 19374
1 47686U 21006EM  21151.08612921  .00000829  00000-0  50710-4 0  9995
2 47686  97.4948 212.6554 0012723 158.9617 201.2140 15.12878399 19420
1 47686U 21006EM  21151.41683477  .00000860  00000-0  52511-4 0  9992
2 47686  97.4947 212.9804 0012760 157.8653 202.3131 15.12879356 19470
1 47686U 21006EM  21151.81368157  .00000786  00000-0  48271-4 0  9996
2 47686  97.4947 213.3704 0012792 156.5971 203.5845 15.12879770 19530
1 47686U 21006EM  21152.14438702  .00000746  00000-0  46021-4 0  9994
2 47686  97.4947 213.6954 0012824 155.5316 204.6526 15.12880235 19589
1 47686U 21006EM  21153.13650278  .00000568  00000-0  35919-4 0  9994
2 47686  97.4907 214.6699 0013096 152.0597 208.1421 15.12881394 19734
1 47686U 21006EM  21153.46720834  .00000731  00000-0  45180-4 0  9999
2 47686  97.4947 214.9955 0012951 151.2306 208.9641 15.12882279 19784
1 47686U 21006EM  21154.39318248  .00000710  00000-0  43959-4 0  9993
2 47686  97.4946 215.9054 0013024 148.1667 212.0354 15.12883335 19928
1 47686U 21006EM  21155.38529637  .00000738  00000-0  45566-4 0  9995
2 47686  97.4945 216.8803 0013101 145.0191 215.1903 15.12884766 20074
1 47686U 21006EM  21155.58371898  .00000743  00000-0  45812-4 0  9991
2 47686  97.4945 217.0753 0013120 144.3886 215.8223 15.12885081 20102
1 47686U 21006EM  21155.91442327  .00000752  00000-0  46349-4 0  9990
2 47686  97.4944 217.4003 0013142 143.3436 216.8697 15.12885564 20154
1 47686U 21006EM  21156.11284578  .00000755  00000-0  46495-4 0  9990
2 47686  97.4944 217.5952 0013153 142.7291 217.4855 15.12885874 20182
1 47686U 21006EM  21156.70811323  .00000733  00000-0  45243-4 0  9995
2 47686  97.4943 218.1802 0013195 140.8698 219.3490 15.12886586 20275
1 47686U 21006EM  21157.10495802  .00000719  00000-0  44497-4 0  9994
2 47686  97.4943 218.5701 0013217 139.6564 220.5650 15.12887060 20337
1 47686U 21006EM  21157.76636548  .00000717  00000-0  44358-4 0  9994
2 47686  97.4943 219.2201 0013262 137.6077 222.6181 15.12888067 20438
1 47686U 21006EM  21158.42777273  .00000531  00000-0  33816-4 0  9990
2 47686  97.4943 219.8700 0013309 135.5513 224.6788 15.12888069 20530
1 47686U 21006EM  21158.89075721  .00000553  00000-0  35030-4 0  9994
2 47686  97.4942 220.3250 0013342 134.1116 226.1215 15.12889007 20600
1 47686U 21006EM  21159.08917918  .00000544  00000-0  34550-4 0  9995
2 47686  97.4942 220.5199 0013353 133.4896 226.7448 15.12889282 20635
1 47686U 21006EM  21159.15531923  .00000693  00000-0  42999-4 0  9992
2 47686  97.4942 220.5849 0013355 133.2731 226.9616 15.12890381 20647
1 47686U 21006EM  21159.61830359  .00000674  00000-0  41900-4 0  9998
2 47686  97.4943 221.0398 0013389 131.8205 228.4171 15.12891040 20714
1 47686U 21006EM  21160.14742831  .00000610  00000-0  38306-4 0  9991
2 47686  97.4942 221.5598 0013421 130.1584 230.0824 15.12891540 20796
1 47686U 21006EM  21160.61041195  .00000647  00000-0  40365-4 0  9996
2 47686  97.4943 222.0147 0013455 128.7458 231.4977 15.12892527 20861
1 47686U 21006EM  21160.74269300  .00000643  00000-0  40134-4 0  9990
2 47686  97.4943 222.1447 0013460 128.3354 231.9089 15.12892701 20887
1 47686U 21006EM  21161.40409800  .00000609  00000-0  38213-4 0  9992
2 47686  97.4943 222.7946 0013506 126.2823 233.9657 15.12893484 20989
1 47686U 21006EM  21161.73480020  .00000630  00000-0  39398-4 0  9990
2 47686  97.4943 223.1196 0013525 125.2641 234.9857 15.12894109 21034
1 47686U 21006EM  21161.93322157  .00000615  00000-0  38574-4 0  9996
2 47686  97.4942 223.3146 0013539 124.6577 235.5932 15.12894279 21068
1 47686U 21006EM  21163.12374741  .00000777  00000-0  47721-4 0  9998
2 47686  97.4941 224.4845 0013590 121.0653 239.1913 15.12897166 21245
1 47686U 21006EM  21163.45444879  .00000776  00000-0  47659-4 0  9993
2 47686  97.4941 224.8094 0013603 120.0785 240.1797 15.12897702 21298
1 47686U 21006EM  21163.71900956  .00000795  00000-0  48779-4 0  9990
2 47686  97.4940 225.0694 0013609 119.2978 240.9615 15.12898341 21338
1 47686U 21006EM  21164.44654962  .00000972  00000-0  58817-4 0  9995
2 47686  97.4940 225.7843 0013656 116.7385 243.5246 15.12901279 21443
1 47686U 21006EM  21164.71110805  .00001199  00000-0  71655-4 0  9995
2 47686  97.4939 226.0442 0013652 116.1029 244.1608 15.12903667 21481
1 47686U 21006EM  21165.43864747  .00001151  00000-0  68937-4 0  9993
2 47686  97.4939 226.7592 0013669 113.8819 246.3846 15.12905304 21593
1 47686U 21006EM  21165.70320706  .00001128  00000-0  67645-4 0  9994
2 47686  97.4938 227.0191 0013663 113.1179 247.1494 15.12905902 21634
1 47686U 21006EM  21165.90162670  .00001108  00000-0  66479-4 0  9992
2 47686  97.4938 227.2141 0013670 112.5435 247.7244 15.12906298 21668
1 47686U 21006EM  21166.43074555  .00001041  00000-0  62714-4 0  9999
2 47686  97.4938 227.7340 0013691 110.8977 249.3721 15.12907322 21745
1 47686U 21006EM  21166.76144445  .00001040  00000-0  62645-4 0  9993
2 47686  97.4938 228.0589 0013686 109.9265 250.3442 15.12908250 21795
1 47686U 21006EM  21167.42284164  .00001037  00000-0  62466-4 0  9997
2 47686  97.4937 228.7088 0013715 107.9125 252.3603 15.12910110 21891
1 47686U 21006EM  21167.75353978  .00001044  00000-0  62882-4 0  9993
2 47686  97.4936 229.0337 0013703 106.9332 253.3402 15.12911145 21940
1 47686U 21006EM  21168.15037735  .00001093  00000-0  65619-4 0  9993
2 47686  97.4936 229.4237 0013713 105.7065 254.5680 15.12912569 22004
1 47686U 21006EM  21168.61335455  .00001031  00000-0  62102-4 0  9990
2 47686  97.4937 229.8786 0013723 104.3405 255.9350 15.12913448 22075
1 47686U 21006EM  21169.14247139  .00000968  00000-0  58564-4 0  9995
2 47686  97.4936 230.3985 0013738 102.7080 257.5688 15.12914241 22152
1 47686U 21006EM  21169.60544832  .00000789  00000-0  48412-4 0  9998
2 47686  97.4937 230.8534 0013757 101.3149 258.9629 15.12914244 22221
1 47686U 21006EM  21170.39912250  .00000794  00000-0  48685-4 0  9997
2 47686  97.4936 231.6334 0013794  98.8378 261.4416 15.12915586 22348
1 47686U 21006EM  21170.72981997  .00000738  00000-0  45513-4 0  9993
2 47686  97.4935 231.9583 0013800  97.8173 262.4625 15.12915782 22392
1 47686U 21006EM  21171.12665656  .00000727  00000-0  44851-4 0  9991
2 47686  97.4936 232.3482 0013801  96.6622 263.6181 15.12916343 22454
1 47686U 21006EM  21172.05260805  .00000714  00000-0  44121-4 0  9997
2 47686  97.4935 233.2581 0013805  93.8420 266.4390 15.12917672 22596
1 47686U 21006EM  21172.64786204  .00000675  00000-0  41957-4 0  9998
2 47686  97.4935 233.8430 0013805  92.0707 268.2105 15.12918407 22685
1 47686U 21006EM  21173.57381152  .00000759  00000-0  46711-4 0  9990
2 47686  97.4934 234.7528 0013779  89.2937 270.9873 15.12920404 22823
1 47686U 21006EM  21173.63995074  .00000757  00000-0  46560-4 0  9991
2 47686  97.4934 234.8178 0013777  89.0936 271.1873 15.12920503 22834
1 47686U 21006EM  21174.43362108  .00000741  00000-0  45687-4 0  9998
2 47686  97.4934 235.5977 0013757  86.6973 273.5831 15.12921697 22959
1 47686U 21006EM  21174.76431681  .00000742  00000-0  45743-4 0  9991
2 47686  97.4934 235.9226 0013748  85.6984 274.5818 15.12922278 23000
1 47686U 21006EM  21175.16115149  .00000735  00000-0  45304-4 0  9999
2 47686  97.4934 236.3126 0013736  84.5162 275.7635 15.12922931 23069
1 47686U 21006EM  21175.42570817  .00000718  00000-0  44381-4 0  9990
2 47686  97.4934 236.5725 0013730  83.7239 276.5555 15.12923187 23105
1 47686U 21006EM  21175.75640338  .00000727  00000-0  44873-4 0  9998
2 47686  97.4934 236.8975 0013724  82.7165 277.5625 15.12923882 23151
1 47686U 21006EM  21176.41779318  .00000831  00000-0  50771-4 0  9993
2 47686  97.4935 237.5474 0013695  80.6485 279.6294 15.12925763 23259
1 47686U 21006EM  21176.55007052  .00000912  00000-0  55328-4 0  9990
2 47686  97.4936 237.6773 0013699  80.2429 280.0348 15.12926655 23270
1 47686U 21006EM  21177.07918190  .00000909  00000-0  55160-4 0  9992
2 47686  97.4935 238.1972 0013694  78.6423 281.6345 15.12927696 23355
1 47686U 21006EM  21177.40987521  .00001082  00000-0  64982-4 0  9998
2 47686  97.4935 238.5221 0013699  77.6770 282.5994 15.12929623 23403
1 47686U 21006EM  21177.74056914  .00001099  00000-0  65956-4 0  9998
2 47686  97.4935 238.8471 0013686  76.6624 283.6132 15.12930475 23454
1 47686U 21006EM  21178.13740159  .00001127  00000-0  67546-4 0  9992
2 47686  97.4934 239.2370 0013686  75.4406 284.8342 15.12931547 23515
1 47686U 21006EM  21178.40195700  .00001102  00000-0  66106-4 0  9992
2 47686  97.4934 239.4970 0013682  74.6501 285.6240 15.12931816 23555
1 47686U 21006EM  21178.73265041  .00001129  00000-0  67619-4 0  9993
2 47686  97.4934 239.8219 0013663  73.6406 286.6326 15.12932711 23604
1 47686U 21006EM  21179.12948262  .00001124  00000-0  67347-4 0  9993
2 47686  97.4934 240.2119 0013646  72.4347 287.8374 15.12933464 23669
1 47686U 21006EM  21179.72473035  .00001133  00000-0  67854-4 0  9993
2 47686  97.4933 240.7967 0013637  70.6037 289.6667 15.12934746 23759
1 47686U 21006EM  21180.12156162  .00001138  00000-0  68149-4 0  9991
2 47686  97.4933 241.1866 0013612  69.4107 290.8583 15.12935672 23816
1 47686U 21006EM  21180.71680867  .00001187  00000-0  70911-4 0  9994
2 47686  97.4932 241.7715 0013594  67.5691 292.6978 15.12937104 23900
1 47686U 21006EM  21181.11363921  .00001230  00000-0  73359-4 0  9996
2 47686  97.4931 242.1614 0013569  66.3398 293.9256 15.12938288 23968
1 47686U 21006EM  21181.44433189  .00001093  00000-0  65563-4 0  9991
2 47686  97.4931 242.4864 0013551  65.3065 294.9575 15.12938110 24015
1 47686U 21006EM  21181.70888515  .00001231  00000-0  73432-4 0  9995
2 47686  97.4931 242.7463 0013528  64.4917 295.7711 15.12939560 24058
1 47686U 21006EM  21182.17185342  .00001264  00000-0  75261-4 0  9993
2 47686  97.4930 243.2012 0013496  63.0855 297.1753 15.12940846 24122
1 47686U 21006EM  21182.43640693  .00001146  00000-0  68609-4 0  9994
2 47686  97.4930 243.4611 0013483  62.2581 298.0016 15.12940757 24169
1 47686U 21006EM  21182.76709879  .00001061  00000-0  63764-4 0  9995
2 47686  97.4929 243.7861 0013448  61.2178 299.0402 15.12940907 24212
1 47686U 21006EM  21183.42848180  .00000982  00000-0  59301-4 0  9991
2 47686  97.4929 244.4359 0013423  59.1875 301.0676 15.12941798 24312
1 47686U 21006EM  21183.75917288  .00000956  00000-0  57842-4 0  9992
2 47686  97.4929 244.7608 0013400  58.1643 302.0891 15.12942402 24367
1 47686U 21006EM  21184.42055475  .00000944  00000-0  57163-4 0  9991
2 47686  97.4929 245.4106 0013356  56.1111 304.1389 15.12943734 24461
1 47686U 21006EM  21184.75124535  .00000917  00000-0  55634-4 0  9992
2 47686  97.4929 245.7356 0013335  55.0988 305.1494 15.12944356 24513
1 47686U 21006EM  21185.41262652  .00000893  00000-0  54235-4 0  9998
2 47686  97.4929 246.3854 0013295  53.0549 307.1898 15.12945546 24612
1 47686U 21006EM  21185.74331664  .00000899  00000-0  54620-4 0  9998
2 47686  97.4929 246.7103 0013275  52.0322 308.2106 15.12946331 24661
1 47686U 21006EM  21186.14014487  .00000904  00000-0  54857-4 0  9993
2 47686  97.4929 247.1002 0013245  50.7907 309.4497 15.12947114 24728
1 47686U 21006EM  21186.40469683  .00000908  00000-0  55078-4 0  9994
2 47686  97.4929 247.3601 0013230  49.9876 310.2514 15.12947653 24766
1 47686U 21006EM  21186.73538672  .00000900  00000-0  54629-4 0  9998
2 47686  97.4929 247.6850 0013207  48.9671 311.2700 15.12948244 24812
1 47686U 21006EM  21187.13221397  .00000945  00000-0  57209-4 0  9992
2 47686  97.4929 248.0749 0013169  47.7199 312.5146 15.12949345 24870
1 47686U 21006EM  21187.92586724  .00001090  00000-0  65413-4 0  9995
2 47686  97.4927 248.8548 0013168  45.3346 314.8956 15.12952016 24996
1 47686U 21006EM  21188.12427952  .00001164  00000-0  69585-4 0  9991
2 47686  97.4928 249.0497 0013112  44.5679 315.6604 15.12953154 25020
1 47686U 21006EM  21188.71951816  .00001260  00000-0  75014-4 0  9998
2 47686  97.4928 249.6346 0013062  42.6858 317.5385 15.12955230 25115
1 47686U 21006EM  21189.11634384  .00001288  00000-0  76634-4 0  9990
2 47686  97.4927 250.0244 0013044  41.4130 318.8087 15.12956364 25175
1 47686U 21006EM  21189.44703168  .00001288  00000-0  76619-4 0  9996
2 47686  97.4927 250.3494 0013027  40.3652 319.8544 15.12957208 25226
1 47686U 21006EM  21189.71158201  .00001231  00000-0  73387-4 0  9995
2 47686  97.4927 250.6093 0012987  39.5204 320.6972 15.12957528 25265
1 47686U 21006EM  21190.17454468  .00001142  00000-0  68347-4 0  9992
2 47686  97.4926 251.0642 0012940  38.0001 322.2140 15.12958181 25336
1 47686U 21006EM  21190.43909463  .00001118  00000-0  67002-4 0  9991
2 47686  97.4926 251.3241 0012934  37.1938 323.0187 15.12958707 25374
1 47686U 21006EM  21190.70364445  .00001063  00000-0  63878-4 0  9992
2 47686  97.4926 251.5840 0012887  36.3065 323.9038 15.12959088 25412
1 47686U 21006EM  21191.43115601  .00001010  00000-0  60858-4 0  9998
2 47686  97.4926 252.2988 0012823  33.9222 326.2826 15.12960589 25522
1 47686U 21006EM  21191.89411761  .00000927  00000-0  56155-4 0  9995
2 47686  97.4926 252.7537 0012766  32.3925 327.8087 15.12961262 25598
1 47686U 21006EM  21192.42321639  .00000762  00000-0  46806-4 0  9998
2 47686  97.4926 253.2735 0012729  30.7323 329.4651 15.12961591 25676
1 47686U 21006EM  21192.75390302  .00000820  00000-0  50133-4 0  9990
2 47686  97.4926 253.5984 0012693  29.6156 330.5791 15.12962622 25726
1 47686U 21006EM  21193.15072682  .00000771  00000-0  47358-4 0  9993
2 47686  97.4925 253.9883 0012655  28.3141 331.8775 15.12963150 25784
1 47686U 21006EM  21193.74596216  .00000723  00000-0  44608-4 0  9994
2 47686  97.4926 254.5731 0012600  26.3843 333.8027 15.12964025 25875
1 47686U 21006EM  21194.14278578  .00000620  00000-0  38785-4 0  9992
2 47686  97.4925 254.9630 0012575  25.1825 335.0017 15.12964106 25934
1 47686U 21006EM  21194.73802089  .00000586  00000-0  36856-4 0  9995
2 47686  97.4925 255.5478 0012517  23.2894 336.8901 15.12964748 26026
1 47686U 21006EM  21195.13484413  .00000554  00000-0  35049-4 0  9995
2 47686  97.4924 255.9377 0012471  21.9719 338.2044 15.12965073 26089
1 47686U 21006EM  21195.73007881  .00000532  00000-0  33776-4 0  9992
2 47686  97.4924 256.5225 0012410  20.0431 340.1285 15.12965636 26176
1 47686U 21006EM  21196.12690142  .00000599  00000-0  37573-4 0  9996
2 47686  97.4923 256.9124 0012374  18.7089 341.4594 15.12966536 26233
1 47686U 21006EM  21197.11895783  .00000617  00000-0  38611-4 0  9999
2 47686  97.4922 257.8871 0012282  15.3939 344.7663 15.12967828 26380
1 47686U 21006EM  21198.17715040  .00000612  00000-0  38355-4 0  9993
2 47686  97.4921 258.9267 0012164  11.7782 348.3731 15.12969116 26541
1 47686U 21006EM  21198.70624628  .00000593  00000-0  37249-4 0  9992
2 47686  97.4921 259.4465 0012101   9.9309 350.2159 15.12969716 26623
1 47686U 21006EM  21199.10306794  .00000607  00000-0  38043-4 0  9997
2 47686  97.4920 259.8363 0012052   8.5181 351.6253 15.12970339 26680
1 47686U 21006EM  21199.69830040  .00000581  00000-0  36592-4 0  9995
2 47686  97.4920 260.4211 0011979   6.4249 353.7133 15.12971018 26774
1 47686U 21006EM  21200.75649034  .00000611  00000-0  38265-4 0  9999
2 47686  97.4920 261.4607 0011878   2.7443 357.3851 15.12972786 26935
1 47686U 21006EM  21201.15331134  .00000649  00000-0  40444-4 0  9996
2 47686  97.4921 261.8507 0011840   1.3840 358.7421 15.12973599 26991
1 47686U 21006EM  21201.68240568  .00000653  00000-0  40634-4 0  9990
2 47686  97.4921 262.3705 0011782 359.5717   0.5502 15.12974470 27074
1 47686U 21006EM  21202.14536304  .00000643  00000-0  40083-4 0  9995
2 47686  97.4921 262.8254 0011737 357.9664   2.1517 15.12975126 27142
1 47686U 21006EM  21202.40990975  .00000742  00000-0  45716-4 0  9990
2 47686  97.4921 263.0853 0011712 357.0754   3.0407 15.12976129 27180
1 47686U 21006EM  21202.74059343  .00000716  00000-0  44242-4 0  9996
2 47686  97.4921 263.4102 0011679 355.9509   4.1625 15.12976476 27233
1 47686U 21006EM  21203.13741337  .00000767  00000-0  47107-4 0  9990
2 47686  97.4921 263.8000 0011640 354.5735   5.5368 15.12977400 27291
1 47686U 21006EM  21203.73264277  .00001062  00000-0  63796-4 0  9990
2 47686  97.4921 264.3848 0011585 352.4778   7.6278 15.12979973 27389
1 47686U 21006EM  21204.39400896  .00000847  00000-0  51655-4 0  9993
2 47686  97.4921 265.0346 0011518 350.1945   9.9060 15.12979757 27482
1 47686U 21006EM  21204.72469141  .00001108  00000-0  66392-4 0  9993
2 47686  97.4920 265.3595 0011494 349.0229  11.0750 15.12981754 27531
1 47686U 21006EM  21205.12150998  .00001171  00000-0  69972-4 0  9992
2 47686  97.4919 265.7493 0011457 347.5888  12.5059 15.12982910 27592
1 47686U 21006EM  21205.45219274  .00001056  00000-0  63438-4 0  9994
2 47686  97.4919 266.0742 0011428 346.4429  13.6493 15.12982737 27647
1 47686U 21006EM  21206.44423873  .00001034  00000-0  62209-4 0  9997
2 47686  97.4918 267.0488 0011330 342.8150  17.2696 15.12984512 27791
1 47686U 21006EM  21207.43628310  .00000996  00000-0  60050-4 0  9998
2 47686  97.4917 268.0234 0011238 339.0828  20.9942 15.12986432 27942
1 47686U 21006EM  21207.70082805  .00000966  00000-0  58343-4 0  9990
2 47686  97.4916 268.2833 0011214 338.0645  22.0105 15.12986877 27989
1 47686U 21006EM  21208.42832634  .00000951  00000-0  57531-4 0  9995
2 47686  97.4916 268.9980 0011159 335.2970  24.7725 15.12988366 28092
1 47686U 21006EM  21208.75900713  .00000889  00000-0  53999-4 0  9999
2 47686  97.4915 269.3229 0011129 334.0482  26.0190 15.12988791 28143
1 47686U 21006EM  21209.15582388  .00000872  00000-0  53051-4 0  9999
2 47686  97.4915 269.7127 0011097 332.5613  27.5031 15.12989600 28204
1 47686U 21006EM  21209.88332056  .00000856  00000-0  52109-4 0  9999
2 47686  97.4914 270.4274 0011032 329.8164  30.2431 15.12991186 28313
1 47686U 21006EM  21210.14786473  .00000840  00000-0  51238-4 0  9991
2 47686  97.4914 270.6873 0011012 328.8375  31.2202 15.12991685 28356
1 47686U 21006EM  21210.41240890  .00000867  00000-0  52758-4 0  9996
2 47686  97.4914 270.9472 0010985 327.8475  32.2085 15.12992350 28396
1 47686U 21006EM  21211.40444852  .00000858  00000-0  52260-4 0  9998
2 47686  97.4914 271.9218 0010892 324.1506  35.8993 15.12994293 28549
1 47686U 21006EM  21212.59489474  .00000856  00000-0  52144-4 0  9997
2 47686  97.4913 273.0912 0010793 319.6354  40.4075 15.12996418 28726
1 47686U 21006EM  21212.92557403  .00000836  00000-0  50988-4 0  9994
2 47686  97.4912 273.4161 0010769 318.3725  41.6685 15.12996830 28779
1 47686U 21006EM  21213.38852494  .00000711  00000-0  43909-4 0  9990
2 47686  97.4912 273.8709 0010735 316.6330  43.4055 15.12996907 28841
1 47686U 21006EM  21213.58693235  .00000774  00000-0  47474-4 0  9998
2 47686  97.4912 274.0658 0010720 315.8581  44.1794 15.12997581 28870
1 47686U 21006EM  21214.57896877  .00000718  00000-0  44305-4 0  9993
2 47686  97.4911 275.0403 0010661 312.0386  47.9936 15.12998935 29025
1 47686U 21006EM  21215.17418952  .00000858  00000-0  52230-4 0  9995
2 47686  97.4910 275.6250 0010636 309.7316  50.2977 15.13000877 29110
1 47686U 21006EM  21215.63713952  .00000719  00000-0  44373-4 0  9999
2 47686  97.4910 276.0798 0010606 307.8431  52.1839 15.13000839 29189
1 47686U 21006EM  21216.10008906  .00000684  00000-0  42373-4 0  9997
2 47686  97.4910 276.5345 0010589 306.0009  54.0239 15.13001408 29250
1 47686U 21006EM  21216.76144490  .00000741  00000-0  45611-4 0  9990
2 47686  97.4910 277.1842 0010555 303.3871  56.6350 15.13002928 29350
1 47686U 21006EM  21217.42280072  .00000667  00000-0  41433-4 0  9996
2 47686  97.4910 277.8339 0010529 300.8084  59.2110 15.13003616 29456
1 47686U 21006EM  21218.08415589  .00000678  00000-0  42020-4 0  9997
2 47686  97.4909 278.4835 0010500 298.2052  61.8118 15.13004839 29552
1 47686U 21006EM  21218.15029163  .00000630  00000-0  39324-4 0  9995
2 47686  97.4909 278.5485 0010496 297.9408  62.0760 15.13004626 29560
1 47686U 21006EM  21218.54710457  .00000612  00000-0  38338-4 0  9995
2 47686  97.4910 278.9383 0010471 296.3397  63.6758 15.13005204 29620
1 47686U 21006EM  21219.40686550  .00000554  00000-0  35035-4 0  9993
2 47686  97.4909 279.7828 0010430 292.9509  67.0622 15.13006251 29758
1 47686U 21006EM  21220.39889626  .00000738  00000-0  45447-4 0  9994
2 47686  97.4908 280.7573 0010389 289.0528  70.9578 15.13008768 29902
1 47686U 21006EM  21220.59730243  .00000703  00000-0  43461-4 0  9992
2 47686  97.4908 280.9522 0010384 288.2368  71.7732 15.13008848 29939
1 47686U 21006EM  21221.39092646  .00000748  00000-0  45995-4 0  9992
2 47686  97.4907 281.7318 0010369 285.0688  74.9395 15.13010160 30058
1 47686U 21006EM  21222.11841458  .00000704  00000-0  43484-4 0  9999
2 47686  97.4905 282.4464 0010362 282.1377  77.8693 15.13010947 30160
1 47686U 21006EM  21223.44111915  .00000662  00000-0  41107-4 0  9997
2 47686  97.4904 283.7457 0010361 276.8369  83.1683 15.13012589 30360
1 47686U 21006EM  21223.90406546  .00000603  00000-0  37792-4 0  9995
2 47686  97.4903 284.2004 0010370 274.9434  85.0613 15.13012937 30434
1 47686U 21006EM  21224.43314674  .00000595  00000-0  37328-4 0  9999
2 47686  97.4902 284.7201 0010375 272.8383  87.1660 15.13013673 30514
1 47686U 21006EM  21224.96222780  .00000574  00000-0  36172-4 0  9996
2 47686  97.4902 285.2398 0010385 270.7195  89.2846 15.13014360 30597
1 47686U 21006EM  21225.42517359  .00000594  00000-0  37264-4 0  9992
2 47686  97.4901 285.6945 0010389 268.8583  91.1458 15.13015148 30665
1 47686U 21006EM  21225.75584898  .00000579  00000-0  36436-4 0  9993
2 47686  97.4901 286.0193 0010393 267.5220  92.4821 15.13015601 30712
1 47686U 21006EM  21226.08652432  .00000566  00000-0  35713-4 0  9993
2 47686  97.4901 286.3441 0010398 266.1901  93.8141 15.13016030 30769
1 47686U 21006EM  21226.41719968  .00000533  00000-0  33819-4 0  9997
2 47686  97.4901 286.6689 0010403 264.8523  95.1520 15.13016307 30817
1 47686U 21006EM  21226.88014492  .00000546  00000-0  34559-4 0  9994
2 47686  97.4900 287.1237 0010407 262.9954  97.0094 15.13017043 30884
1 47686U 21006EM  21227.14468493  .00000557  00000-0  35192-4 0  9994
2 47686  97.4900 287.3835 0010411 261.9340  98.0710 15.13017501 30923
1 47686U 21006EM  21227.73989928  .00000654  00000-0  40646-4 0  9998
2 47686  97.4899 287.9681 0010378 259.4922 100.5140 15.13019023 31013
1 47686U 21006EM  21228.40124781  .00000805  00000-0  49208-4 0  9992
2 47686  97.4899 288.6177 0010429 256.8811 103.1257 15.13020982 31111
1 47686U 21006EM  21228.73192085  .00001006  00000-0  60556-4 0  9993
2 47686  97.4899 288.9425 0010428 255.6383 104.3690 15.13022996 31166
1 47686U 21006EM  21229.12872939  .00001050  00000-0  63056-4 0  9997
2 47686  97.4898 289.3322 0010448 254.0496 105.9584 15.13023991 31228
1 47686U 21006EM  21229.59167263  .00001090  00000-0  65306-4 0  9999
2 47686  97.4898 289.7870 0010449 252.2294 107.7797 15.13025066 31295
1 47686U 21006EM  21230.45142356  .00001098  00000-0  65799-4 0  9996
2 47686  97.4898 290.6314 0010473 248.8580 111.1532 15.13026768 31426
1 47686U 21006EM  21230.71596225  .00001074  00000-0  64432-4 0  9990
2 47686  97.4897 290.8912 0010508 247.7683 112.2434 15.13027122 31464
1 47686U 21006EM  21231.44344314  .00001023  00000-0  61528-4 0  9998
2 47686  97.4896 291.6057 0010529 244.9473 115.0666 15.13028249 31572
1 47686U 21006EM  21231.70798141  .00001013  00000-0  60979-4 0  9996
2 47686  97.4895 291.8655 0010567 243.9012 116.1132 15.13028744 31612
1 47686U 21006EM  21232.43546120  .00000985  00000-0  59390-4 0  9997
2 47686  97.4895 292.5800 0010599 241.0619 118.9550 15.13030117 31722
1 47686U 21006EM  21232.63386461  .00000879  00000-0  53368-4 0  9990
2 47686  97.4895 292.7749 0010627 240.2838 119.7336 15.13030016 31754
1 47686U 21006EM  21233.16293989  .00001023  00000-0  61508-4 0  9998
2 47686  97.4894 293.2945 0010657 238.2688 121.7505 15.13032023 31830
1 47686U 21006EM  21233.42747810  .00000943  00000-0  57017-4 0  9994
2 47686  97.4894 293.5542 0010660 237.1950 122.8254 15.13031997 31876
1 47686U 21006EM  21233.89041859  .00001005  00000-0  60508-4 0  9994
2 47686  97.4894 294.0089 0010696 235.4098 124.6124 15.13033403 31949
1 47686U 21006EM  21234.41949421  .00000816  00000-0  49820-4 0  9998
2 47686  97.4893 294.5286 0010753 233.3895 126.6347 15.13033254 32021
1 47686U 21006EM  21234.88243478  .00000792  00000-0  48458-4 0  9997
2 47686  97.4892 294.9832 0010791 231.6285 128.3977 15.13033952 32097
1 47686U 21006EM  21235.41150999  .00000730  00000-0  44923-4 0  9997
2 47686  97.4892 295.5028 0010819 229.5163 130.5126 15.13034366 32173
1 47686U 21006EM  21235.74218156  .00000707  00000-0  43639-4 0  9990
2 47686  97.4892 295.8276 0010832 228.2310 131.7996 15.13034801 32224
1 47686U 21006EM  21236.60192755  .00000758  00000-0  46553-4 0  9996
2 47686  97.4891 296.6719 0010888 224.9072 135.1279 15.13036298 32351
1 47686U 21006EM  21236.73419607  .00000762  00000-0  46761-4 0  9994
2 47686  97.4891 296.8018 0010898 224.4066 135.6292 15.13036499 32379
1 47686U 21006EM  21237.13100171  .00000603  00000-0  37761-4 0  9996
2 47686  97.4890 297.1915 0010931 222.8833 137.1547 15.13036166 32438
1 47686U 21006EM  21237.39553839  .00000864  00000-0  52540-4 0  9998
2 47686  97.4890 297.4513 0010944 221.8918 138.1477 15.13037977 32470
1 47686U 21006EM  21237.72620907  .00000920  00000-0  55669-4 0  9994
2 47686  97.4889 297.7761 0010967 220.6431 139.3982 15.13038856 32525
1 47686U 21006EM  21238.45368515  .00000934  00000-0  56491-4 0  9998
2 47686  97.4888 298.4905 0011022 217.9002 142.1455 15.13039871 32635
1 47686U 21006EM  21238.71822146  .00000939  00000-0  56726-4 0  9998
2 47686  97.4887 298.7503 0011042 216.9086 143.1386 15.13040358 32674
1 47686U 21006EM  21239.11502592  .00000939  00000-0  56744-4 0  9993
2 47686  97.4885 299.1400 0011078 215.4651 144.5844 15.13040999 32736
1 47686U 21006EM  21239.71023241  .00000980  00000-0  59050-4 0  9997
2 47686  97.4884 299.7245 0011134 213.2718 146.7814 15.13042178 32823
1 47686U 21006EM  21240.10703570  .00001177  00000-0  70203-4 0  9994
2 47686  97.4884 300.1141 0011170 211.8602 148.1954 15.13044147 32886
1 47686U 21006EM  21240.76837359  .00001868  00000-0  10923-3 0  9998
2 47686  97.4883 300.7636 0011222 209.4659 150.5941 15.13049577 32989
1 47686U 21006EM  21241.42971038  .00002006  00000-0  11702-3 0  9996
2 47686  97.4882 301.4130 0011286 207.0694 152.9950 15.13052342 33080
1 47686U 21006EM  21241.76037863  .00001971  00000-0  11503-3 0  9991
2 47686  97.4882 301.7377 0011318 205.8910 154.1756 15.13053172 33135
1 47686U 21006EM  21241.89264663  .00001842  00000-0  10772-3 0  9999
2 47686  97.4882 301.8676 0011332 205.4039 154.6636 15.13052635 33159
1 47686U 21006EM  21242.42171575  .00001803  00000-0  10551-3 0  9990
2 47686  97.4881 302.3871 0011384 203.5010 156.5702 15.13053984 33238
1 47686U 21006EM  21242.88465321  .00001367  00000-0  80920-4 0  9998
2 47686  97.4881 302.8417 0011433 201.8655 158.2090 15.13052279 33303
1 47686U 21006EM  21243.14918834  .00001301  00000-0  77193-4 0  9996
2 47686  97.4881 303.1014 0011457 200.9212 159.1551 15.13052417 33345
1 47686U 21006EM  21243.41372250  .00001310  00000-0  77687-4 0  9990
2 47686  97.4881 303.3612 0011478 199.9415 160.1369 15.13053217 33388
1 47686U 21006EM  21243.74439006  .00001310  00000-0  77694-4 0  9997
2 47686  97.4881 303.6859 0011513 198.7551 161.3257 15.13054184 33431
1 47686U 21006EM  21244.40572626  .00001189  00000-0  70827-4 0  9992
2 47686  97.4881 304.3353 0011574 196.3275 163.7584 15.13054862 33535
1 47686U 21006EM  21244.73639352  .00001163  00000-0  69389-4 0  9991
2 47686  97.4880 304.6600 0011607 195.1644 164.9241 15.13055572 33583
1 47686U 21006EM  21245.59612812  .00001056  00000-0  63320-4 0  9998
2 47686  97.4880 305.5042 0011694 192.0899 168.0053 15.13056944 33712
1 47686U 21006EM  21245.72839486  .00001054  00000-0  63188-4 0  9991
2 47686  97.4880 305.6341 0011706 191.6241 168.4721 15.13057222 33733
1 47686U 21006EM  21246.12519540  .00000948  00000-0  57236-4 0  9990
2 47686  97.4879 306.0238 0011741 190.2207 169.8787 15.13057381 33796
1 47686U 21006EM  21246.58812861  .00000973  00000-0  58629-4 0  9997
2 47686  97.4879 306.4783 0011788 188.5659 171.5373 15.13058499 33867
1 47686U 21006EM  21247.05106127  .00000989  00000-0  59522-4 0  9991
2 47686  97.4878 306.9329 0011831 186.9811 173.1257 15.13059601 33931
1 47686U 21006EM  21247.11719493  .00000987  00000-0  59415-4 0  9993
2 47686  97.4878 306.9978 0011838 186.7589 173.3485 15.13059594 33945
1 47686U 21006EM  21247.58012755  .00000998  00000-0  60034-4 0  9992
2 47686  97.4877 307.4524 0011888 185.1420 174.9691 15.13060595 34017
1 47686U 21006EM  21248.10919323  .00000996  00000-0  59936-4 0  9995
2 47686  97.4876 307.9719 0011937 183.3652 176.7500 15.13061581 34092
1 47686U 21006EM  21248.43985888  .00001022  00000-0  61414-4 0  9995
2 47686  97.4876 308.2966 0011972 182.2402 177.8777 15.13062430 34148
1 47686U 21006EM  21248.57212512  .00001017  00000-0  61094-4 0  9995
2 47686  97.4876 308.4265 0011988 181.7998 178.3192 15.13062697 34167
1 47686U 21006EM  21248.96892376  .00000972  00000-0  58573-4 0  9997
2 47686  97.4875 308.8161 0012034 180.4634 179.6588 15.13063277 34226
1 47686U 21006EM  21249.56412137  .00001004  00000-0  60372-4 0  9994
2 47686  97.4874 309.4005 0012095 178.4703 181.6567 15.13064724 34318
1 47686U 21006EM  21249.89478656  .00000939  00000-0  56714-4 0  9999
2 47686  97.4873 309.7251 0012125 177.3726 182.7571 15.13065063 34369
1 47686U 21006EM  21250.42385053  .00000978  00000-0  58898-4 0  9996
2 47686  97.4873 310.2446 0012175 175.5910 184.5430 15.13066403 34444
1 47686U 21006EM  21250.62224933  .00000957  00000-0  57679-4 0  9990
2 47686  97.4873 310.4394 0012199 174.9220 185.2137 15.13066777 34470
1 47686U 21006EM  21250.88678108  .00000938  00000-0  56632-4 0  9992
2 47686  97.4872 310.6992 0012224 174.0358 186.1021 15.13067242 34512
1 47686U 21006EM  21251.41584393  .00001061  00000-0  63548-4 0  9996
2 47686  97.4871 311.2186 0012273 172.2383 187.9040 15.13069182 34598
1 47686U 21006EM  21251.61424264  .00001004  00000-0  60352-4 0  9995
2 47686  97.4871 311.4134 0012297 171.5643 188.5798 15.13069307 34620
1 47686U 21006EM  21252.14330502  .00001008  00000-0  60571-4 0  9992
2 47686  97.4869 311.9329 0012345 169.7811 190.3673 15.13070568 34701
1 47686U 21006EM  21252.40783641  .00001007  00000-0  60509-4 0  9997
2 47686  97.4869 312.1926 0012373 168.9010 191.2497 15.13071045 34749
1 47686U 21006EM  21252.60623453  .00001043  00000-0  62542-4 0  9992
2 47686  97.4869 312.3874 0012392 168.2227 191.9296 15.13071744 34770
1 47686U 21006EM  21253.13529635  .00001108  00000-0  66200-4 0  9995
2 47686  97.4868 312.9068 0012440 166.4624 193.6944 15.13073200 34852
1 47686U 21006EM  21253.73049025  .00001127  00000-0  67287-4 0  9998
2 47686  97.4867 313.4912 0012499 164.4488 195.7130 15.13074594 34942
1 47686U 21006EM  21254.39181549  .00001318  00000-0  78080-4 0  9994
2 47686  97.4866 314.1405 0012557 162.2606 197.9066 15.13077247 35041
1 47686U 21006EM  21254.72247854  .00001208  00000-0  71860-4 0  9990
2 47686  97.4865 314.4651 0012589 161.1724 198.9975 15.13077272 35093
1 47686U 21006EM  21255.11927340  .00001213  00000-0  72152-4 0  9990
2 47686  97.4864 314.8547 0012619 159.8879 200.2852 15.13078209 35158
1 47686U 21006EM  21255.38380338  .00001180  00000-0  70247-4 0  9995
2 47686  97.4864 315.1144 0012646 159.0100 201.1653 15.13078576 35194
1 47686U 21006EM  21255.71446543  .00001159  00000-0  69076-4 0  9997
2 47686  97.4863 315.4390 0012675 157.9540 202.2239 15.13079260 35245
1 47686U 21006EM  21256.11125952  .00001172  00000-0  69794-4 0  9992
2 47686  97.4862 315.8286 0012704 156.6939 203.4871 15.13080314 35307
1 47686U 21006EM  21256.64031805  .00001151  00000-0  68621-4 0  9998
2 47686  97.4861 316.3480 0012752 155.0097 205.1754 15.13081527 35383
1 47686U 21006EM  21256.70645023  .00001175  00000-0  69983-4 0  9996
2 47686  97.4861 316.4129 0012755 154.7926 205.3930 15.13081850 35392
1 47686U 21006EM  21257.16937599  .00001142  00000-0  68100-4 0  9993
2 47686  97.4860 316.8674 0012791 153.3269 206.8623 15.13082842 35460
1 47686U 21006EM  21257.56616938  .00001074  00000-0  64292-4 0  9990
2 47686  97.4860 317.2569 0012829 152.0687 208.1235 15.13083466 35524
1 47686U 21006EM  21257.96296226  .00001065  00000-0  63733-4 0  9997
2 47686  97.4860 317.6465 0012857 150.8118 209.3834 15.13084460 35588
1 47686U 21006EM  21258.42588725  .00001030  00000-0  61767-4 0  9994
2 47686  97.4860 318.1009 0012892 149.3128 210.8860 15.13085432 35655
1 47686U 21006EM  21258.95494398  .00000973  00000-0  58556-4 0  9991
2 47686  97.4859 318.6203 0012938 147.6462 212.5565 15.13086451 35739
1 47686U 21006EM  21259.08720808  .00000962  00000-0  57940-4 0  9998
2 47686  97.4859 318.7502 0012946 147.2260 212.9776 15.13086736 35759
1 47686U 21006EM  21259.41786826  .00000978  00000-0  58866-4 0  9992
2 47686  97.4859 319.0748 0012974 146.1793 214.0268 15.13087629 35802
1 47686U 21006EM  21260.40984830  .00000865  00000-0  52456-4 0  9992
2 47686  97.4858 320.0486 0013055 143.0113 217.2021 15.13089235 35958
1 47686U 21006EM  21260.47598008  .00000913  00000-0  55183-4 0  9991
2 47686  97.4859 320.1135 0013057 142.8111 217.4027 15.13089686 35967
1 47686U 21006EM  21261.40182639  .00000902  00000-0  54533-4 0  9990
2 47686  97.4858 321.0224 0013133 139.8321 220.3883 15.13091632 36103
1 47686U 21006EM  21261.60022209  .00000823  00000-0  50065-4 0  9996
2 47686  97.4858 321.2171 0013154 139.2062 221.0157 15.13091566 36136
1 47686U 21006EM  21262.39380398  .00000740  00000-0  45383-4 0  9994
2 47686  97.4857 321.9962 0013208 136.7065 223.5207 15.13092517 36258
1 47686U 21006EM  21262.92285782  .00000849  00000-0  51524-4 0  9998
2 47686  97.4855 322.5155 0013242 135.0410 225.1895 15.13094081 36339
1 47686U 21006EM  21263.05512124  .00000852  00000-0  51713-4 0  9990
2 47686  97.4855 322.6454 0013246 134.6240 225.6074 15.13094351 36358
1 47686U 21006EM  21263.38577990  .00000881  00000-0  53374-4 0  9995
2 47686  97.4855 322.9699 0013269 133.5802 226.6533 15.13095047 36409
1 47686U 21006EM  21264.11322829  .00000933  00000-0  56282-4 0  9995
2 47686  97.4853 323.6840 0013304 131.3320 228.9058 15.13096564 36518
1 47686U 21006EM  21264.90680724  .00000929  00000-0  56062-4 0  9994
2 47686  97.4851 324.4630 0013345 128.9014 231.3409 15.13098043 36634
1 47686U 21006EM  21265.43585914  .00001103  00000-0  65853-4 0  9991
2 47686  97.4850 324.9823 0013364 127.2749 232.9703 15.13100094 36713
1 47686U 21006EM  21266.42783041  .00001175  00000-0  69939-4 0  9990
2 47686  97.4848 325.9560 0013402 124.2496 236.0006 15.13102679 36866
1 47686U 21006EM  21266.69235551  .00001231  00000-0  73042-4 0  9990
2 47686  97.4847 326.2156 0013410 123.4505 236.8010 15.13103705 36900
1 47686U 21006EM  21267.41979997  .00001117  00000-0  66624-4 0  9991
2 47686  97.4846 326.9297 0013446 121.2235 239.0315 15.13104757 37011
1 47686U 21006EM  21267.68432477  .00001317  00000-0  77884-4 0  9999
2 47686  97.4846 327.1893 0013448 120.3992 239.8570 15.13106524 37057
1 47686U 21006EM  21268.08111203  .00001368  00000-0  80791-4 0  9992
2 47686  97.4845 327.5788 0013463 119.1890 241.0690 15.13107728 37115
1 47686U 21006EM  21268.41176763  .00001391  00000-0  82078-4 0  9997
2 47686  97.4845 327.9034 0013481 118.1748 242.0846 15.13108721 37167
1 47686U 21006EM  21269.13920932  .00001479  00000-0  87011-4 0  9991
2 47686  97.4844 328.6173 0013512 115.9175 244.3450 15.13111097 37270
1 47686U 21006EM  21269.40373321  .00001504  00000-0  88421-4 0  9990
2 47686  97.4844 328.8770 0013527 115.1050 245.1587 15.13111952 37310
1 47686U 21006EM  21269.93278064  .00001556  00000-0  91376-4 0  9996
2 47686  97.4843 329.3962 0013549 113.4596 246.8061 15.13113667 37396
1 47686U 21006EM  21270.06504242  .00001553  00000-0  91188-4 0  9990
2 47686  97.4842 329.5260 0013556 113.0447 247.2215 15.13114027 37417
1 47686U 21006EM  21270.59408989  .00001167  00000-0  69456-4 0  9993
2 47686  97.4842 330.0453 0013585 111.4584 248.8097 15.13113220 37491
1 47686U 21006EM  21271.12313575  .00001525  00000-0  89602-4 0  9992
2 47686  97.4841 330.5645 0013593 109.7957 250.4741 15.13116680 37578
1 47686U 21006EM  21272.11509571  .00001577  00000-0  92515-4 0  9999
2 47686  97.4839 331.5381 0013616 106.7555 253.5171 15.13119810 37726
1 47686U 21006EM  21272.44574916  .00001593  00000-0  93430-4 0  9995
2 47686  97.4839 331.8627 0013627 105.7385 254.5350 15.13120666 37770
1 47686U 21006EM  21273.17318467  .00001690  00000-0  98877-4 0  9991
2 47686  97.4838 332.5766 0013620 103.5371 256.7378 15.13123343 37886
1 47686U 21006EM  21274.42966046  .00001751  00000-0  10233-3 0  9999
2 47686  97.4837 333.8097 0013621  99.7020 260.5750 15.13127914 38071
1 47686U 21006EM  21274.89257197  .00001672  00000-0  97866-4 0  9990
2 47686  97.4836 334.2640 0013613  98.3061 261.9714 15.13129017 38149
1 47686U 21006EM  21275.15709248  .00001647  00000-0  96462-4 0  9992
2 47686  97.4836 334.5237 0013610  97.4926 262.7852 15.13129827 38186
1 47686U 21006EM  21275.75226348  .00001527  00000-0  89683-4 0  9997
2 47686  97.4836 335.1078 0013610  95.6950 264.5834 15.13131161 38277
1 47686U 21006EM  21276.41356332  .00001383  00000-0  81546-4 0  9998
2 47686  97.4835 335.7568 0013613  93.6896 266.5892 15.13132690 38371
1 47686U 21006EM  21276.74421296  .00001439  00000-0  84742-4 0  9999
2 47686  97.4835 336.0813 0013609  92.6770 267.6019 15.13134121 38423
1 47686U 21006EM  21277.14099199  .00001460  00000-0  85895-4 0  9991
2 47686  97.4834 336.4706 0013619  91.4620 268.8172 15.13135630 38484
1 47686U 21006EM  21278.13293871  .00001471  00000-0  86511-4 0  9992
2 47686  97.4832 337.4441 0013624  88.4332 271.8459 15.13138859 38636
1 47686U 21006EM  21279.12488364  .00001348  00000-0  79603-4 0  9992
2 47686  97.4830 338.4175 0013619  85.4250 274.8537 15.13141136 38787
1 47686U 21006EM  21279.72004932  .00001363  00000-0  80418-4 0  9996
2 47686  97.4829 339.0016 0013619  83.6177 276.6604 15.13143039 38873
1 47686U 21006EM  21280.44747294  .00001451  00000-0  85373-4 0  9995
2 47686  97.4827 339.7154 0013600  81.3830 278.8941 15.13145724 38985
1 47686U 21006EM  21280.71199024  .00001442  00000-0  84862-4 0  9999
2 47686  97.4826 339.9750 0013589  80.5792 279.6975 15.13146536 39026
1 47686U 21006EM  21281.43941254  .00001486  00000-0  87309-4 0  9996
2 47686  97.4825 340.6888 0013562  78.3518 281.9234 15.13148907 39138
1 47686U 21006EM  21281.70392935  .00001441  00000-0  84771-4 0  9993
2 47686  97.4824 340.9484 0013549  77.5571 282.7176 15.13149517 39173
1 47686U 21006EM  21282.10070433  .00001409  00000-0  82985-4 0  9993
2 47686  97.4823 341.3377 0013529  76.3387 283.9350 15.13150573 39236
1 47686U 21006EM  21282.16683370  .00001433  00000-0  84357-4 0  9991
2 47686  97.4823 341.4026 0013528  76.1355 284.1380 15.13150832 39245
1 47686U 21006EM  21282.69586651  .00001430  00000-0  84194-4 0  9999
2 47686  97.4822 341.9217 0013504  74.5124 285.7597 15.13152468 39324
1 47686U 21006EM  21283.15876972  .00001422  00000-0  83737-4 0  9992
2 47686  97.4822 342.3759 0013483  73.0737 287.1971 15.13153878 39395
1 47686U 21006EM  21283.88618824  .00001584  00000-0  92844-4 0  9990
2 47686  97.4820 343.0897 0013454  70.8257 289.4429 15.13157020 39503
1 47686U 21006EM  21284.41521765  .00001804  00000-0  10519-3 0  9990
2 47686  97.4820 343.6088 0013433  69.1979 291.0690 15.13160384 39584
1 47686U 21006EM  21284.67973441  .00001520  00000-0  89209-4 0  9998
2 47686  97.4819 343.8684 0013425  68.4133 291.8527 15.13159243 39625
1 47686U 21006EM  21285.14263567  .00001523  00000-0  89378-4 0  9992
2 47686  97.4819 344.3226 0013407  66.9680 293.2963 15.13160742 39696
1 47686U 21006EM  21286.13456364  .00001795  00000-0  10469-3 0  9996
2 47686  97.4817 345.2959 0013375  63.9297 296.3309 15.13165886 39841
1 47686U 21006EM  21287.12649133  .00001580  00000-0  92601-4 0  9995
2 47686  97.4816 346.2691 0013331  60.8803 299.3761 15.13167720 39995
1 47686U 21006EM  21287.92003146  .00001581  00000-0  92639-4 0  9993
2 47686  97.4815 347.0477 0013294  58.4403 301.8124 15.13170227 40116
1 47686U 21006EM  21288.11841604  .00001625  00000-0  95120-4 0  9991
2 47686  97.4815 347.2424 0013275  57.7834 302.4682 15.13171178 40144
1 47686U 21006EM  21288.71356960  .00001604  00000-0  93898-4 0  9990
2 47686  97.4814 347.8264 0013232  55.9098 304.3386 15.13173104 40239
1 47686U 21006EM  21289.11033842  .00001512  00000-0  88726-4 0  9998
2 47686  97.4813 348.2156 0013207  54.6673 305.5791 15.13173908 40291
1 47686U 21006EM  21289.44097891  .00001481  00000-0  87012-4 0  9990
2 47686  97.4813 348.5400 0013182  53.6402 306.6043 15.13174798 40343
1 47686U 21006EM  21290.16838714  .00001359  00000-0  80113-4 0  9997
2 47686  97.4812 349.2537 0013123  51.3122 308.9280 15.13176503 40456
1 47686U 21006EM  21291.42481559  .00001501  00000-0  88110-4 0  9992
2 47686  97.4810 350.4864 0013030  47.3138 312.9188 15.13181704 40642
1 47686U 21006EM  21291.62319897  .00001441  00000-0  84764-4 0  9993
2 47686  97.4810 350.6811 0013013  46.6819 313.5494 15.13182032 40670
1 47686U 21006EM  21292.41673137  .00001387  00000-0  81708-4 0  9995
2 47686  97.4809 351.4596 0012955  44.1779 316.0484 15.13184234 40795
1 47686U 21006EM  21292.74736966  .00001161  00000-0  68985-4 0  9993
2 47686  97.4808 351.7840 0012929  43.1642 317.0600 15.13184020 40848
1 47686U 21006EM  21293.40864487  .00001376  00000-0  81077-4 0  9992
2 47686  97.4807 352.4328 0012885  41.0739 319.1459 15.13187263 40949
1 47686U 21006EM  21293.73928255  .00001318  00000-0  77835-4 0  9995
2 47686  97.4806 352.7571 0012865  40.0662 320.1516 15.13187891 40991
1 47686U 21006EM  21294.13604731  .00001302  00000-0  76917-4 0  9993
2 47686  97.4806 353.1464 0012832  38.7732 321.4417 15.13188933 41053
1 47686U 21006EM  21294.59893941  .00001272  00000-0  75213-4 0  9990
2 47686  97.4805 353.6006 0012796  37.3293 322.8825 15.13189998 41123
1 47686U 21006EM  21295.39246771  .00001222  00000-0  72424-4 0  9998
2 47686  97.4803 354.3791 0012730  34.7651 325.4409 15.13191783 41242
1 47686U 21006EM  21295.72310435  .00001196  00000-0  70920-4 0  9993
2 47686  97.4802 354.7034 0012702  33.6852 326.5184 15.13192437 41299
1 47686U 21006EM  21296.18599511  .00001198  00000-0  71026-4 0  9998
2 47686  97.4801 355.1576 0012665  32.1776 328.0225 15.13193618 41364
1 47686U 21006EM  21296.45050392  .00001193  00000-0  70748-4 0  9992
2 47686  97.4800 355.4171 0012646  31.3352 328.8630 15.13194264 41408
1 47686U 21006EM  21296.78114000  .00001169  00000-0  69396-4 0  9995
2 47686  97.4799 355.7414 0012617  30.2341 329.9616 15.13194905 41455
1 47686U 21006EM  21297.44241126  .00001162  00000-0  69004-4 0  9998
2 47686  97.4798 356.3901 0012555  28.0479 332.1426 15.13196505 41554
1 47686U 21006EM  21297.70691958  .00001145  00000-0  68043-4 0  9992
2 47686  97.4797 356.6496 0012528  27.1613 333.0271 15.13197076 41591
1 47686U 21006EM  21298.16980889  .00001164  00000-0  69156-4 0  9994
2 47686  97.4796 357.1037 0012482  25.5977 334.5870 15.13198285 41663
1 47686U 21006EM  21298.89720518  .00001279  00000-0  75584-4 0  9994
2 47686  97.4795 357.8173 0012417  23.1021 337.0766 15.13200788 41778
1 47686U 21006EM  21299.42622028  .00001425  00000-0  83817-4 0  9992
2 47686  97.4795 358.3363 0012363  21.3592 338.8153 15.13202923 41859
1 47686U 21006EM  21300.15361507  .00001452  00000-0  85298-4 0  9992
2 47686  97.4794 359.0498 0012296  18.8937 341.2748 15.13205048 41965
1 47686U 21006EM  21301.41002147  .00001660  00000-0  96990-4 0  9996
2 47686  97.4794   0.2823 0012179  14.7373 345.4211 15.13209817 42152
1 47686U 21006EM  21301.80678054  .00001716  00000-0  10018-3 0  9993
2 47686  97.4793   0.6715 0012147  13.3963 346.7588 15.13211362 42216
1 47686U 21006EM  21302.40191874  .00002178  00000-0  12614-3 0  9997
2 47686  97.4793   1.2554 0012098  11.4200 348.7304 15.13215590 42307
1 47686U 21006EM  21302.60029770  .00002267  00000-0  13114-3 0  9999
2 47686  97.4793   1.4500 0012083  10.7624 349.3863 15.13216772 42339
1 47686U 21006EM  21302.86480274  .00002364  00000-0  13656-3 0  9996
2 47686  97.4793   1.7094 0012059   9.8677 350.2788 15.13218228 42379
1 47686U 21006EM  21303.39381334  .00002327  00000-0  13451-3 0  9994
2 47686  97.4792   2.2284 0012007   8.1135 352.0288 15.13219651 42454
1 47686U 21006EM  21303.98894850  .00002365  00000-0  13660-3 0  9995
2 47686  97.4791   2.8122 0011958   6.0802 354.0572 15.13222008 42540
1 47686U 21006EM  21304.45183065  .00002346  00000-0  13555-3 0  9999
2 47686  97.4791   3.2662 0011913   4.4540 355.6795 15.13223669 42612
1 47686U 21006EM  21305.44371947  .00002213  00000-0  12806-3 0  9998
2 47686  97.4789   4.2392 0011816   0.9722 359.1530 15.13226760 42762
1 47686U 21006EM  21305.90660129  .00002556  00000-0  14735-3 0  9995
2 47686  97.4793   4.6933 0011721 359.3689   0.7525 15.13228992 42830
1 47686U 21006EM  21306.43560562  .00002990  00000-0  17173-3 0  9995
2 47686  97.4792   5.2123 0011669 357.5744   2.5429 15.13233563 42912
1 47686U 21006EM  21306.76623317  .00003154  00000-0  18091-3 0  9992
2 47686  97.4792   5.5366 0011641 356.4253   3.6894 15.13235897 42962
1 47686U 21006EM  21307.49361222  .00003439  00000-0  19690-3 0  9999
2 47686  97.4790   6.2501 0011567 353.9432   6.1658 15.13240796 43070
1 47686U 21006EM  21307.82423807  .00003371  00000-0  19308-3 0  9995
2 47686  97.4788   6.5744 0011542 352.7888   7.3175 15.13242598 43129
1 47686U 21006EM  21308.08873826  .00003442  00000-0  19706-3 0  9995
2 47686  97.4787   6.8339 0011522 351.8544   8.2498 15.13244549 43168
1 47686U 21006EM  21308.48548303  .00008329  00000-0  47106-3 0  9992
2 47686  97.4786   7.2231 0011493 350.4851   9.6161 15.13264751 43222
1 47686U 21006EM  21308.81611346  .00003034  00000-0  17410-3 0  9990
2 47686  97.4786   7.5475 0011434 349.4169  10.6820 15.13247055 43277
1 47686U 21006EM  21309.14673743  .00002797  00000-0  16082-3 0  9995
2 47686  97.4783   7.8716 0011421 348.0808  12.0151 15.13248712 43326
1 47686U 21006EM  21309.47736188  .00002452  00000-0  14140-3 0  9995
2 47686  97.4782   8.1959 0011388 346.9057  13.1877 15.13249233 43374
1 47686U 21006EM  21309.80798545  .00002429  00000-0  14014-3 0  9991
2 47686  97.4781   8.5202 0011362 345.7029  14.3879 15.13251017 43420
1 47686U 21006EM  21310.13860876  .00002327  00000-0  13439-3 0  9993
2 47686  97.4780   8.8445 0011331 344.5060  15.5823 15.13252528 43474
1 47686U 21006EM  21310.40310718  .00002275  00000-0  13147-3 0  9996
2 47686  97.4779   9.1039 0011308 343.5043  16.5819 15.13253747 43514
1 47686U 21006EM  21310.46923186  .00002221  00000-0  12843-3 0  9994
2 47686  97.4779   9.1688 0011301 343.2625  16.8232 15.13253878 43528
1 47686U 21006EM  21311.46109911  .00001990  00000-0  11546-3 0  9998
2 47686  97.4776  10.1416 0011212 339.6097  20.4685 15.13258114 43676
1 47686U 21006EM  21311.92396946  .00001794  00000-0  10446-3 0  9995
2 47686  97.4774  10.5955 0011169 337.9016  22.1732 15.13259715 43747
1 47686U 21006EM  21312.45296380  .00001728  00000-0  10075-3 0  9990
2 47686  97.4774  11.1143 0011114 335.9463  24.1247 15.13261640 43829
1 47686U 21006EM  21312.78358498  .00001702  00000-0  99240-4 0  9999
2 47686  97.4773  11.4385 0011092 334.7290  25.3397 15.13262783 43872
1 47686U 21006EM  21312.91583328  .00001703  00000-0  99313-4 0  9998
2 47686  97.4773  11.5682 0011078 334.2279  25.8399 15.13263273 43893
1 47686U 21006EM  21313.51095078  .00001597  00000-0  93359-4 0  9990
2 47686  97.4775  12.1518 0011066 332.0754  27.9882 15.13264102 43983
1 47686U 21006EM  21313.84157111  .00001517  00000-0  88887-4 0  9995
2 47686  97.4774  12.4761 0011043 330.8433  29.2180 15.13265066 44033
1 47686U 21006EM  21313.90769496  .00001507  00000-0  88308-4 0  9994
2 47686  97.4772  12.5409 0010990 330.5135  29.5475 15.13266294 44042
1 47686U 21006EM  21314.10606720  .00001452  00000-0  85222-4 0  9998
2 47686  97.4774  12.7355 0011026 329.8334  30.2261 15.13265823 44071
1 47686U 21006EM  21314.89955469  .00001305  00000-0  76930-4 0  9994
2 47686  97.4773  13.5138 0010973 326.7892  33.2649 15.13268091 44199
1 47686U 21006EM  21315.16405032  .00001260  00000-0  74412-4 0  9994
2 47686  97.4773  13.7732 0010955 325.7663  34.2861 15.13268802 44238
1 47686U 21006EM  21315.42854596  .00001259  00000-0  74353-4 0  9998
2 47686  97.4773  14.0326 0010936 324.7487  35.3019 15.13269634 44278
1 47686U 21006EM  21315.75916529  .00001198  00000-0  70932-4 0  9990
2 47686  97.4773  14.3568 0010909 323.4787  36.5700 15.13270374 44327
1 47686U 21006EM  21316.42040364  .00001134  00000-0  67328-4 0  9995
2 47686  97.4772  15.0053 0010859 320.9526  39.0920 15.13271958 44422
1 47686U 21006EM  21316.88327019  .00000974  00000-0  58343-4 0  9998
2 47686  97.4772  15.4593 0010822 319.1598  40.8821 15.13272403 44497
1 47686U 21006EM  21317.47838392  .00001001  00000-0  59852-4 0  9993
2 47686  97.4772  16.0429 0010777 316.8962  43.1425 15.13274106 44588
1 47686U 21006EM  21317.80900245  .00000987  00000-0  59094-4 0  9997
2 47686  97.4772  16.3672 0010755 315.6569  44.3800 15.13274861 44631
1 47686U 21006EM  21317.87512631  .00000899  00000-0  54168-4 0  9991
2 47686  97.4771  16.4321 0010747 315.4078  44.6287 15.13274498 44645
1 47686U 21006EM  21318.47023924  .00000995  00000-0  59506-4 0  9998
2 47686  97.4771  17.0157 0010695 313.1575  46.8761 15.13276437 44734
1 47686U 21006EM  21318.86698103  .00000923  00000-0  55506-4 0  9995
2 47686  97.4771  17.4048 0010670 311.6549  48.3768 15.13276918 44798
1 47686U 21006EM  21319.13147546  .00000917  00000-0  55165-4 0  9990
2 47686  97.4770  17.6642 0010654 310.6419  49.3885 15.13277462 44837
1 47686U 21006EM  21319.46209352  .00001032  00000-0  61618-4 0  9999
2 47686  97.4770  17.9884 0010631 309.3689  50.6600 15.13278693 44889
1 47686U 21006EM  21319.92495795  .00001055  00000-0  62880-4 0  9995
2 47686  97.4769  18.4424 0010608 307.5874  52.4393 15.13279870 44958
1 47686U 21006EM  21320.38782177  .00001215  00000-0  71858-4 0  9993
2 47686  97.4769  18.8963 0010585 305.8065  54.2182 15.13281881 45027
1 47686U 21006EM  21320.78456254  .00001165  00000-0  69077-4 0  9995
2 47686  97.4768  19.2854 0010565 304.2692  55.7538 15.13282418 45081
1 47686U 21006EM  21321.11517985  .00001076  00000-0  64056-4 0  9995
2 47686  97.4767  19.6097 0010555 302.9687  57.0529 15.13282551 45130
1 47686U 21006EM  21321.77641313  .00001104  00000-0  65651-4 0  9994
2 47686  97.4766  20.2581 0010528 300.3786  59.6404 15.13284224 45237
1 47686U 21006EM  21321.90865982  .00001128  00000-0  67006-4 0  9991
2 47686  97.4766  20.3878 0010521 299.8409  60.1776 15.13284610 45254
1 47686U 21006EM  21322.43764592  .00001088  00000-0  64765-4 0  9999
2 47686  97.4765  20.9066 0010506 297.7277  62.2888 15.13285646 45337
1 47686U 21006EM  21322.76826227  .00001059  00000-0  63137-4 0  9999
2 47686  97.4764  21.2308 0010498 296.4156  63.5997 15.13286211 45380
1 47686U 21006EM  21323.42949431  .00001110  00000-0  65995-4 0  9998
2 47686  97.4763  21.8793 0010488 293.7778  66.2353 15.13287983 45486
1 47686U 21006EM  21323.89235633  .00000993  00000-0  59413-4 0  9997
2 47686  97.4762  22.3332 0010480 291.9169  68.0948 15.13288474 45550
1 47686U 21006EM  21324.42134111  .00001075  00000-0  63984-4 0  9996
2 47686  97.4761  22.8519 0010471 289.8354  70.1748 15.13290197 45639
1 47686U 21006EM  21324.68583337  .00001049  00000-0  62529-4 0  9997
2 47686  97.4760  23.1113 0010464 288.7838  71.2257 15.13290721 45673
1 47686U 21006EM  21324.88420241  .00001005  00000-0  60052-4 0  9994
2 47686  97.4760  23.3059 0010456 287.9913  72.0178 15.13290984 45706
1 47686U 21006EM  21325.14869444  .00000997  00000-0  59599-4 0  9999
2 47686  97.4759  23.5652 0010452 286.9585  73.0501 15.13291611 45748
1 47686U 21006EM  21325.80992409  .00001015  00000-0  60639-4 0  9999
2 47686  97.4758  24.2136 0010432 284.3411  75.6661 15.13293336 45842
1 47686U 21006EM  21326.40503023  .00001026  00000-0  61248-4 0  9995
2 47686  97.4758  24.7972 0010414 281.9623  78.0441 15.13294822 45937
1 47686U 21006EM  21326.80176774  .00000959  00000-0  57505-4 0  9993
2 47686  97.4757  25.1863 0010404 280.3976  79.6082 15.13295269 45993
1 47686U 21006EM  21327.13238199  .00000957  00000-0  57349-4 0  9994
2 47686  97.4756  25.5105 0010400 279.0845  80.9209 15.13295966 46048
1 47686U 21006EM  21327.39687321  .00000991  00000-0  59269-4 0  9998
2 47686  97.4756  25.7698 0010393 278.0237  81.9815 15.13296719 46087
1 47686U 21006EM  21327.79360990  .00001012  00000-0  60465-4 0  9997
2 47686  97.4756  26.1589 0010389 276.4632  83.5416 15.13297669 46144
1 47686U 21006EM  21328.32259183  .00001022  00000-0  60996-4 0  9998
2 47686  97.4755  26.6776 0010384 274.3519  85.6526 15.13298828 46224
1 47686U 21006EM  21328.78545077  .00001027  00000-0  61289-4 0  9999
2 47686  97.4754  27.1315 0010383 272.5299  87.4743 15.13299799 46298
1 47686U 21006EM  21329.38055460  .00001057  00000-0  62962-4 0  9990
2 47686  97.4754  27.7150 0010386 270.1495  89.8546 15.13301217 46382
1 47686U 21006EM  21329.77729010  .00001104  00000-0  65630-4 0  9990
2 47686  97.4753  28.1040 0010388 268.5884  91.4158 15.13302368 46442
1 47686U 21006EM  21330.76912772  .00001265  00000-0  74627-4 0  9994
2 47686  97.4752  29.0766 0010406 264.6589  95.3455 15.13305568 46590
1 47686U 21006EM  21330.90137260  .00001091  00000-0  64857-4 0  9992
2 47686  97.4752  29.2062 0010411 264.1001  95.9044 15.13304966 46615
1 47686U 21006EM  21331.43035218  .00001242  00000-0  73323-4 0  9997
2 47686  97.4752  29.7249 0010423 262.0331  97.9718 15.13306998 46698
1 47686U 21006EM  21331.89320849  .00001166  00000-0  69057-4 0  9998
2 47686  97.4751  30.1788 0010433 260.2035  99.8018 15.13307854 46767
1 47686U 21006EM  21332.15769782  .00001154  00000-0  68391-4 0  9998
2 47686  97.4751  30.4381 0010447 259.1999 100.8057 15.13308477 46803
1 47686U 21006EM  21332.55443115  .00001309  00000-0  77114-4 0  9996
2 47686  97.4751  30.8271 0010458 257.6018 102.4043 15.13310479 46866
1 47686U 21006EM  21332.88504263  .00001210  00000-0  71562-4 0  9996
2 47686  97.4750  31.1513 0010465 256.2751 103.7315 15.13310739 46916
1 47686U 21006EM  21333.41401918  .00001457  00000-0  85413-4 0  9992
2 47686  97.4750  31.6699 0010474 254.2188 105.7888 15.13313818 46994
1 47686U 21006EM  21333.81075221  .00001342  00000-0  78945-4 0  9995
2 47686  97.4750  32.0589 0010481 252.6272 107.3814 15.13314231 47056
1 47686U 21006EM  21334.00911847  .00001365  00000-0  80225-4 0  9999
2 47686  97.4749  32.2534 0010486 251.8458 108.1632 15.13314904 47085
1 47686U 21006EM  21334.40585064  .00001409  00000-0  82667-4 0  9992
2 47686  97.4749  32.6424 0010499 250.2888 109.7211 15.13316294 47142
1 47686U 21006EM  21335.79441044  .00001589  00000-0  92789-4 0  9999
2 47686  97.4747  34.0039 0010540 244.8334 115.1804 15.13321413 47351
1 47686U 21006EM  21335.99277573  .00001600  00000-0  93415-4 0  9996
2 47686  97.4747  34.1984 0010548 244.0381 115.9764 15.13322087 47387
1 47686U 21006EM  21336.78623621  .00001554  00000-0  90821-4 0  9999
2 47686  97.4745  34.9764 0010578 240.9367 119.0805 15.13324334 47503
1 47686U 21006EM  21337.11684432  .00001535  00000-0  89719-4 0  9997
2 47686  97.4745  35.3005 0010601 239.6806 120.3377 15.13325291 47553
1 47686U 21006EM  21337.31520927  .00001576  00000-0  92007-4 0  9996
2 47686  97.4744  35.4950 0010604 238.8559 121.1633 15.13326088 47583
1 47686U 21006EM  21338.10866696  .00001638  00000-0  95484-4 0  9991
2 47686  97.4742  36.2729 0010654 235.8627 124.1594 15.13329201 47705
1 47686U 21006EM  21338.43927419  .00001606  00000-0  93693-4 0  9993
2 47686  97.4742  36.5971 0010675 234.5833 125.4402 15.13330120 47754
1 47686U 21006EM  21338.90212430  .00001325  00000-0  77965-4 0  9997
2 47686  97.4741  37.0509 0010716 232.8049 127.2204 15.13330057 47829
1 47686U 21006EM  21339.43109469  .00001412  00000-0  82834-4 0  9991
2 47686  97.4741  37.5695 0010755 230.8166 129.2111 15.13332345 47901
1 47686U 21006EM  21339.76170100  .00001360  00000-0  79892-4 0  9999
2 47686  97.4740  37.8937 0010784 229.5783 130.4508 15.13333201 47955
1 47686U 21006EM  21339.89394328  .00001358  00000-0  79767-4 0  9991
2 47686  97.4740  38.0233 0010796 229.0917 130.9380 15.13333687 47977
1 47686U 21006EM  21340.42291290  .00001305  00000-0  76825-4 0  9990
2 47686  97.4739  38.5419 0010833 227.1066 132.9257 15.13335155 48059
1 47686U 21006EM  21341.15024548  .00001204  00000-0  71121-4 0  9993
2 47686  97.4738  39.2551 0010887 224.3442 135.6919 15.13336952 48162
1 47686U 21006EM  21341.41472967  .00001178  00000-0  69670-4 0  9990
2 47686  97.4738  39.5144 0010907 223.3414 136.6961 15.13337681 48207
1 47686U 21006EM  21341.81145620  .00001031  00000-0  61448-4 0  9990
2 47686  97.4738  39.9033 0010934 221.8440 138.1956 15.13338039 48265
1 47686U 21006EM  21342.53878608  .00001162  00000-0  68774-4 0  9993
2 47686  97.4736  40.6164 0010975 218.8610 141.1833 15.13341197 48376
1 47686U 21006EM  21342.80326974  .00001100  00000-0  65323-4 0  9996
2 47686  97.4736  40.8757 0010995 217.9465 142.0992 15.13341596 48410
1 47686U 21006EM  21343.59672022  .00001133  00000-0  67159-4 0  9996
2 47686  97.4736  41.6537 0011060 215.0249 145.0256 15.13343860 48533
1 47686U 21006EM  21344.58853254  .00001059  00000-0  62992-4 0  9991
2 47686  97.4735  42.6260 0011144 211.4389 148.6178 15.13345708 48685
1 47686U 21006EM  21344.91913648  .00000901  00000-0  54147-4 0  9990
2 47686  97.4735  42.9501 0011172 210.2650 149.7938 15.13345524 48733
1 47686U 21006EM  21345.58034369  .00000998  00000-0  59581-4 0  9991
2 47686  97.4734  43.5983 0011223 207.7921 152.2712 15.13347468 48831
1 47686U 21006EM  21345.64646440  .00000990  00000-0  59124-4 0  9992
2 47686  97.4734  43.6631 0011229 207.5667 152.4970 15.13347558 48842
1 47686U 21006EM  21346.10930943  .00000778  00000-0  47224-4 0  9990
2 47686  97.4734  44.1169 0011272 205.8998 154.1671 15.13347264 48919
1 47686U 21006EM  21346.90275692  .00000802  00000-0  48597-4 0  9993
2 47686  97.4733  44.8948 0011350 203.1078 156.9645 15.13348981 49039
1 47686U 21006EM  21347.43172174  .00000871  00000-0  52438-4 0  9998
2 47686  97.4732  45.4134 0011395 201.1807 158.8954 15.13350335 49118
1 47686U 21006EM  21347.89456555  .00000839  00000-0  50646-4 0  9999
2 47686  97.4732  45.8671 0011443 199.5864 160.4930 15.13351055 49185
1 47686U 21006EM  21348.48965025  .00000964  00000-0  57635-4 0  9996
2 47686  97.4732  46.4506 0011499 197.4621 162.6216 15.13352815 49274
1 47686U 21006EM  21348.62189119  .00000963  00000-0  57586-4 0  9998
2 47686  97.4732  46.5802 0011512 197.0040 163.0807 15.13353085 49294
1 47686U 21006EM  21348.88637328  .00000818  00000-0  49470-4 0  9998
2 47686  97.4732  46.8395 0011538 196.0751 164.0115 15.13352722 49335
1 47686U 21006EM  21349.48145692  .00000998  00000-0  59575-4 0  9999
2 47686  97.4731  47.4229 0011597 193.8999 166.1915 15.13354944 49420
1 47686U 21006EM  21349.81205876  .00001003  00000-0  59816-4 0  9993
2 47686  97.4731  47.7470 0011621 192.7448 167.3491 15.13355660 49479
1 47686U 21006EM  21349.87817886  .00001088  00000-0  64594-4 0  9991
2 47686  97.4731  47.8118 0011626 192.4984 167.5961 15.13356329 49484
1 47686U 21006EM  21350.47326150  .00001189  00000-0  70245-4 0  9990
2 47686  97.4730  48.3952 0011680 190.3668 169.7324 15.13358199 49575
1 47686U 21006EM  21350.86998325  .00001164  00000-0  68822-4 0  9993
2 47686  97.4729  48.7841 0011712 188.9606 171.1418 15.13358848 49634
1 47686U 21006EM  21350.93610347  .00001170  00000-0  69148-4 0  9995
2 47686  97.4729  48.8489 0011721 188.7178 171.3852 15.13359027 49640
1 47686U 21006EM  21351.86178551  .00001368  00000-0  80240-4 0  9999
2 47686  97.4728  49.7564 0011796 185.4508 174.6597 15.13362255 49780
1 47686U 21006EM  21352.12626582  .00001386  00000-0  81280-4 0  9996
2 47686  97.4727  50.0157 0011819 184.5332 175.5795 15.13363002 49829
1 47686U 21006EM  21352.45686565  .00001722  00000-0  10005-3 0  9999
2 47686  97.4726  50.3398 0011843 183.3512 176.7642 15.13365696 49872
1 47686U 21006EM  21352.91970520  .00001717  00000-0  99779-4 0  9997
2 47686  97.4725  50.7935 0011886 181.7417 178.3775 15.13366939 49949
1 47686U 21006EM  21353.44866404  .00001916  00000-0  11092-3 0  9993
2 47686  97.4724  51.3120 0011933 179.9113 180.2123 15.13369576 50026
1 47686U 21006EM  21353.84538165  .00002337  00000-0  13445-3 0  9999
2 47686  97.4723  51.7009 0011956 178.5766 181.5501 15.13373381 50088
1 47686U 21006EM  21354.44045698  .00002683  00000-0  15384-3 0  9998
2 47686  97.4722  52.2843 0012008 176.5603 183.5713 15.13377845 50172
1 47686U 21006EM  21354.70493795  .00003102  00000-0  17725-3 0  9990
2 47686  97.4721  52.5437 0012081 175.6196 184.5144 15.13377571 50211
1 47686U 21006EM  21354.83717670  .00003116  00000-0  17805-3 0  9999
2 47686  97.4720  52.6734 0012087 175.1957 184.9392 15.13378369 50234
1 47686U 21006EM  21355.49836929  .00002916  00000-0  16680-3 0  9998
2 47686  97.4719  53.3215 0012136 173.0397 187.1005 15.13381946 50336
1 47686U 21006EM  21355.89508393  .00002801  00000-0  16038-3 0  9993
2 47686  97.4717  53.7103 0012167 171.6958 188.4477 15.13384195 50397
1 47686U 21006EM  21356.09344096  .00002775  00000-0  15891-3 0  9990
2 47686  97.4717  53.9047 0012190 170.9967 189.1485 15.13385502 50428
1 47686U 21006EM  21356.49015459  .00003086  00000-0  17630-3 0  9991
2 47686  97.4716  54.2935 0012223 169.6142 190.5344 15.13389071 50485
1 47686U 21006EM  21356.88686762  .00002659  00000-0  15240-3 0  9995
2 47686  97.4715  54.6823 0012258 168.2776 191.8743 15.13390378 50546
1 47686U 21006EM  21357.15134267  .00002576  00000-0  14774-3 0  9993
2 47686  97.4714  54.9416 0012278 167.4213 192.7327 15.13391846 50588
1 47686U 21006EM  21357.48193622  .00002928  00000-0  16741-3 0  9996
2 47686  97.4714  55.2656 0012309 166.2524 193.9045 15.13394878 50639
1 47686U 21006EM  21357.87864758  .00002556  00000-0  14660-3 0  9999
2 47686  97.4713  55.6544 0012342 164.9276 195.2326 15.13396256 50699
1 47686U 21006EM  21358.47371415  .00002856  00000-0  16335-3 0  9993
2 47686  97.4713  56.2377 0012397 162.9279 197.2372 15.13400434 50788
1 47686U 21006EM  21358.87042444  .00002507  00000-0  14385-3 0  9990
2 47686  97.4713  56.6266 0012427 161.6470 198.5212 15.13401522 50845
1 47686U 21006EM  21359.46548888  .00003015  00000-0  17222-3 0  9997
2 47686  97.4713  57.2098 0012486 159.6763 200.4968 15.13406158 50933
1 47686U 21006EM  21359.86219781  .00002766  00000-0  15829-3 0  9991
2 47686  97.4713  57.5987 0012521 158.4021 201.7741 15.13407510 50999
1 47686U 21006EM  21360.45726004  .00002887  00000-0  16507-3 0  9997
2 47686  97.4714  58.1820 0012571 156.4874 203.6935 15.13411006 51084
1 47686U 21006EM  21360.92008520  .00002672  00000-0  15303-3 0  9990
2 47686  97.4714  58.6357 0012602 155.0099 205.1745 15.13412887 51155
1 47686U 21006EM  21361.11843863  .00002665  00000-0  15261-3 0  9994
2 47686  97.4714  58.8301 0012616 154.3860 205.7998 15.13413994 51188
1 47686U 21006EM  21361.44902736  .00003070  00000-0  17526-3 0  9992
2 47686  97.4715  59.1542 0012642 153.2834 206.9051 15.13417016 51236
1 47686U 21006EM  21361.84573271  .00003406  00000-0  19402-3 0  9992
2 47686  97.4715  59.5431 0012666 152.0189 208.1726 15.13420602 51297
1 47686U 21006EM  21362.37467233  .00003368  00000-0  19188-3 0  9999
2 47686  97.4715  60.0616 0012714 150.2830 209.9126 15.13423872 51370
1 47686U 21006EM  21362.50690669  .00003583  00000-0  20383-3 0  9993
2 47686  97.4715  60.1912 0012722 149.8656 210.3309 15.13425608 51399
1 47686U 21006EM  21362.90361030  .00003226  00000-0  18389-3 0  9991
2 47686  97.4715  60.5801 0012755 148.5850 211.6145 15.13427259 51451
1 47686U 21006EM  21363.43254744  .00003121  00000-0  17802-3 0  9996
2 47686  97.4715  61.0986 0012791 146.8891 213.3144 15.13430469 51531
1 47686U 21006EM  21363.49866447  .00003094  00000-0  17651-3 0  9992
2 47686  97.4715  61.1634 0012794 146.6796 213.5244 15.13430875 51542
1 47686U 21006EM  21363.89536641  .00002823  00000-0  16138-3 0  9994
2 47686  97.4715  61.5523 0012819 145.3814 214.8254 15.13432738 51600
1 47686U 21006EM  21364.49041844  .00002330  00000-0  13379-3 0  9994
2 47686  97.4715  62.1357 0012858 143.4812 216.7299 15.13435010 51697
1 47686U 21006EM  21364.75488568  .00002083  00000-0  12001-3 0  9997
2 47686  97.4714  62.3949 0012888 142.6201 217.5930 15.13435927 51734
1 47686U 21006EM  21364.88711937  .00001908  00000-0  11023-3 0  9998
2 47686  97.4713  62.5246 0012893 142.2044 218.0095 15.13435986 51757
1 47686U 21006EM  21365.61440351  .00001565  00000-0  91051-4 0  9998
2 47686  97.4712  63.2375 0012950 139.8550 220.3640 15.13438411 51865
1 47686U 21006EM  21365.87887015  .00001470  00000-0  85728-4 0  9997
2 47686  97.4711  63.4967 0012961 139.0223 221.1985 15.13439143 51903
1 47686U 21006EM  22001.14333670  .00001453  00000-0  84787-4 0  9993
2 47686  97.4710  63.7560 0012987 138.1928 222.0298 15.13440161 51947
1 47686U 21006EM  22001.47391988  .00001571  00000-0  91359-4 0  9999
2 47686  97.4710  64.0800 0013012 137.1266 223.0982 15.13441577 51990
1 47686U 21006EM  22001.87061894  .00001741  00000-0  10087-3 0  9990
2 47686  97.4708  64.4689 0013031 135.8872 224.3402 15.13443521 52055

