1 47499U 21006CQ  21024.66290127 -.00000062  00000-0  00000-0 0  9993
2 47499  97.4900  88.3393 0003900 190.8600 152.1800 15.10431288   318
1 47499U 21006CQ  21027.31251664  .00000713  00000-0  44747-4 0  9993
2 47499  97.5163  90.9500 0010205 221.3587 138.6872 15.12435443   710
1 47499U 21006CQ  21027.57715842  .00000760  00000-0  47428-4 0  9995
2 47499  97.5162  91.2105 0010227 220.3175 139.7298 15.12436072   757
1 47499U 21006CQ  21027.90796035  .00000745  00000-0  46555-4 0  9998
2 47499  97.5162  91.5363 0010278 219.2196 140.8291 15.12436392   809
1 47499U 21006CQ  21028.43724347  .00000772  00000-0  48105-4 0  9997
2 47499  97.5160  92.0575 0010316 217.1217 142.9301 15.12437452   883
1 47499U 21006CQ  21028.56956433  .00000711  00000-0  44593-4 0  9994
2 47499  97.5160  92.1877 0010326 216.5596 143.4931 15.12437333   909
1 47499U 21006CQ  21028.90036609  .00000640  00000-0  40539-4 0  9993
2 47499  97.5159  92.5134 0010341 215.4262 144.6283 15.12437480   953
1 47499U 21006CQ  21029.42964869  .00000611  00000-0  38850-4 0  9990
2 47499  97.5158  93.0346 0010386 213.5273 146.5302 15.12438278  1032
1 47499U 21006CQ  21029.89277078  .00000564  00000-0  36146-4 0  9993
2 47499  97.5157  93.4906 0010429 211.7913 148.2689 15.12438884  1104
1 47499U 21006CQ  21031.94373667  .00000513  00000-0  33194-4 0  9997
2 47499  97.5155  95.5101 0010610 204.2019 155.8715 15.12442384  1416
1 47499U 21006CQ  21032.14221718  .00000509  00000-0  32962-4 0  9996
2 47499  97.5155  95.7055 0010623 203.4233 156.6515 15.12442678  1445
1 47499U 21006CQ  21032.40685786  .00000529  00000-0  34139-4 0  9994
2 47499  97.5155  95.9661 0010644 202.5072 157.5693 15.12443142  1482
1 47499U 21006CQ  21032.93614213  .00000261  00000-0  18740-4 0  9992
2 47499  97.5059  96.4745 0010295 197.2133 162.8750 15.12442431  1566
1 47499U 21006CQ  21033.79622306  .00000909  00000-0  55960-4 0  9993
2 47499  97.5057  97.3201 0010348 194.2861 165.8078 15.12446185  1695
1 47499U 21006CQ  21033.92854379  .00000692  00000-0  43468-4 0  9994
2 47499  97.5057  97.4502 0010383 193.7105 166.3845 15.12445130  1714
1 47499U 21006CQ  21034.98710487  .00000680  00000-0  42792-4 0  9998
2 47499  97.5055  98.4910 0010500 189.9699 170.1325 15.12446218  1873
1 47499U 21006CQ  21036.11182483  .00000630  00000-0  39934-4 0  9993
2 47499  97.5052  99.5969 0010603 186.1421 173.9681 15.12447450  2047
1 47499U 21006CQ  21038.09662158  .00000571  00000-0  36502-4 0  9996
2 47499  97.5049 101.5484 0010796 179.5242 180.6001 15.12450154  2348
1 47499U 21006CQ  21038.62589953  .00000892  00000-0  54983-4 0  9995
2 47499  97.5048 102.0688 0010844 177.7233 182.4049 15.12452946  2425
1 47499U 21006CQ  21039.15517799  .00000658  00000-0  41549-4 0  9997
2 47499  97.5047 102.5892 0010892 176.0016 184.1304 15.12452509  2507
1 47499U 21006CQ  21039.41981731  .00000549  00000-0  35246-4 0  9993
2 47499  97.5047 102.8495 0010918 175.1192 185.0148 15.12452256  2542
1 47499U 21006CQ  21039.75061598  .00000544  00000-0  34980-4 0  9999
2 47499  97.5047 103.1747 0010949 174.0310 186.1053 15.12452774  2597
1 47499U 21006CQ  21040.41221318  .00000503  00000-0  32639-4 0  9996
2 47499  97.5046 103.8252 0011016 171.7857 188.3556 15.12453520  2693
1 47499U 21006CQ  21040.80917130  .00000565  00000-0  36166-4 0  9990
2 47499  97.5045 104.2155 0011049 170.4376 189.7067 15.12454402  2756
1 47499U 21006CQ  21040.94149073  .00000509  00000-0  32966-4 0  9990
2 47499  97.5044 104.3456 0011065 169.9850 190.1603 15.12454249  2771
1 47499U 21006CQ  21041.80156645  .00000497  00000-0  32273-4 0  9996
2 47499  97.5043 105.1912 0011137 167.1081 193.0437 15.12455167  2904
1 47499U 21006CQ  21041.86772606  .00000499  00000-0  32366-4 0  9998
2 47499  97.5043 105.2562 0011146 166.9042 193.2480 15.12455246  2919
1 47499U 21006CQ  21042.46316266  .00000527  00000-0  34004-4 0  9994
2 47499  97.5042 105.8416 0011213 164.8212 195.3357 15.12456063  3008
1 47499U 21006CQ  21042.92627977  .00000544  00000-0  34969-4 0  9998
2 47499  97.5040 106.2970 0011254 163.3023 196.8581 15.12456645  3073
1 47499U 21006CQ  21043.05859892  .00000543  00000-0  34913-4 0  9994
2 47499  97.5040 106.4270 0011272 162.8482 197.3132 15.12456817  3092
1 47499U 21006CQ  21043.91867302  .00000536  00000-0  34523-4 0  9993
2 47499  97.5038 107.2726 0011354 160.0490 200.1187 15.12457706  3220
1 47499U 21006CQ  21044.11715156  .00000534  00000-0  34391-4 0  9996
2 47499  97.5037 107.4677 0011367 159.4245 200.7445 15.12457937  3252
1 47499U 21006CQ  21044.44794881  .00000654  00000-0  41254-4 0  9993
2 47499  97.5036 107.7929 0011407 158.2905 201.8811 15.12459045  3306
1 47499U 21006CQ  21044.91106489  .00000669  00000-0  42144-4 0  9991
2 47499  97.5035 108.2482 0011441 156.8163 203.3586 15.12459758  3377
1 47499U 21006CQ  21045.44034045  .00000584  00000-0  37283-4 0  9992
2 47499  97.5034 108.7686 0011479 155.1735 205.0050 15.12459970  3455
1 47499U 21006CQ  21045.77113639  .00000528  00000-0  34064-4 0  9997
2 47499  97.5130 109.1224 0011891 157.1403 203.0360 15.12459262  3509
1 47499U 21006CQ  21048.15287368  .00000563  00000-0  36067-4 0  9997
2 47499  97.5126 111.4669 0012077 149.6871 210.5060 15.12462718  3864
1 47499U 21006CQ  21049.40990007  .00000486  00000-0  31635-4 0  9997
2 47499  97.5126 112.7041 0012171 145.6419 214.5601 15.12463920  4054
1 47499U 21006CQ  21049.93917390  .00000487  00000-0  31667-4 0  9995
2 47499  97.5124 113.2251 0012231 143.8898 216.3161 15.12464590  4133
1 47499U 21006CQ  21050.60076592  .00000499  00000-0  32383-4 0  9990
2 47499  97.5124 113.8762 0012278 141.8161 218.3942 15.12465358  4231
1 47499U 21006CQ  21051.06387964  .00000586  00000-0  37384-4 0  9992
2 47499  97.5123 114.3320 0012310 140.3423 219.8710 15.12466449  4307
1 47499U 21006CQ  21051.59315254  .00000616  00000-0  39078-4 0  9999
2 47499  97.5122 114.8530 0012351 138.6741 221.5427 15.12467245  4380
1 47499U 21006CQ  21052.05626569  .00000690  00000-0  43356-4 0  9991
2 47499  97.5121 115.3088 0012377 137.2179 223.0017 15.12468320  4456
1 47499U 21006CQ  21052.45321937  .00000804  00000-0  49889-4 0  9990
2 47499  97.5120 115.6994 0012403 135.9684 224.2537 15.12469625  4516
1 47499U 21006CQ  21053.11480856  .00000906  00000-0  55737-4 0  9992
2 47499  97.5118 116.3505 0012433 133.9367 226.2892 15.12471335  4616
1 47499U 21006CQ  21053.44560287  .00000941  00000-0  57761-4 0  9993
2 47499  97.5118 116.6761 0012453 132.9240 227.3037 15.12472156  4664
1 47499U 21006CQ  21053.71023829  .00000954  00000-0  58505-4 0  9990
2 47499  97.5117 116.9365 0012464 132.1331 228.0961 15.12472736  4704
1 47499U 21006CQ  21053.90871477  .00000985  00000-0  60280-4 0  9998
2 47499  97.5116 117.1318 0012474 131.5275 228.7028 15.12473268  4730
1 47499U 21006CQ  21054.96725475  .00001014  00000-0  61895-4 0  9998
2 47499  97.5114 118.1736 0012508 128.3339 231.9018 15.12475704  4895
1 47499U 21006CQ  21055.43036562  .00000955  00000-0  58550-4 0  9990
2 47499  97.5113 118.6294 0012529 126.9260 233.3120 15.12476411  4962
1 47499U 21006CQ  21056.42274427  .00001039  00000-0  63347-4 0  9998
2 47499  97.5111 119.6060 0012567 123.8853 236.3575 15.12479336  5112
1 47499U 21006CQ  21056.62121992  .00000968  00000-0  59244-4 0  9999
2 47499  97.5111 119.8014 0012571 123.3050 236.9387 15.12479448  5146
1 47499U 21006CQ  21057.41512164  .00000940  00000-0  57635-4 0  9994
2 47499  97.5110 120.5827 0012599 120.8659 239.3812 15.12481214  5260
1 47499U 21006CQ  21057.54743854  .00000942  00000-0  57789-4 0  9992
2 47499  97.5110 120.7129 0012617 120.4720 239.7759 15.12481555  5287
1 47499U 21006CQ  21058.14286443  .00000788  00000-0  48933-4 0  9994
2 47499  97.5108 121.2989 0012645 118.6384 241.6120 15.12482009  5379
1 47499U 21006CQ  21058.67213165  .00000788  00000-0  48961-4 0  9994
2 47499  97.5108 121.8197 0012681 117.0052 243.2475 15.12483037  5453
1 47499U 21006CQ  21059.13524030  .00000721  00000-0  45065-4 0  9991
2 47499  97.5107 122.2755 0012709 115.5692 244.6854 15.12483461  5526
1 47499U 21006CQ  21059.86298165  .00000742  00000-0  46300-4 0  9994
2 47499  97.5106 122.9917 0012741 113.3478 246.9095 15.12484832  5633
1 47499U 21006CQ  21060.39224777  .00000736  00000-0  45947-4 0  9991
2 47499  97.5105 123.5125 0012757 111.7568 248.5021 15.12485671  5717
1 47499U 21006CQ  21060.59072215  .00000850  00000-0  52506-4 0  9997
2 47499  97.5104 123.7078 0012767 111.1414 249.1182 15.12486719  5742
1 47499U 21006CQ  21060.98767123  .00000860  00000-0  53080-4 0  9998
2 47499  97.5103 124.0984 0012775 109.9362 250.3246 15.12487451  5803
1 47499U 21006CQ  21061.58309436  .00000883  00000-0  54397-4 0  9991
2 47499  97.5101 124.6844 0012793 108.1481 252.1144 15.12488691  5898
1 47499U 21006CQ  21062.11235869  .00000964  00000-0  59030-4 0  9998
2 47499  97.5100 125.2052 0012787 106.5354 253.7283 15.12490181  5976
1 47499U 21006CQ  21062.44314866  .00001006  00000-0  61432-4 0  9996
2 47499  97.5099 125.5307 0012797 105.5371 254.7273 15.12491101  6028
1 47499U 21006CQ  21062.57546446  .00001075  00000-0  65406-4 0  9992
2 47499  97.5099 125.6609 0012798 105.1410 255.1237 15.12491812  6041
1 47499U 21006CQ  21063.43551739  .00001070  00000-0  65116-4 0  9992
2 47499  97.5097 126.5072 0012800 102.5504 257.7159 15.12493670  6171
1 47499U 21006CQ  21063.63399113  .00001030  00000-0  62774-4 0  9993
2 47499  97.5097 126.7025 0012792 101.9914 258.2751 15.12493869  6207
1 47499U 21006CQ  21064.42788524  .00000960  00000-0  58778-4 0  9999
2 47499  97.5095 127.4836 0012796  99.5764 260.6913 15.12495239  6325
1 47499U 21006CQ  21064.69251652  .00000912  00000-0  56030-4 0  9991
2 47499  97.5095 127.7440 0012787  98.7890 261.4790 15.12495564  6367
1 47499U 21006CQ  21064.82483206  .00000908  00000-0  55796-4 0  9991
2 47499  97.5095 127.8742 0012788  98.3769 261.8912 15.12495826  6388
1 47499U 21006CQ  21065.42025199  .00000853  00000-0  52635-4 0  9999
2 47499  97.5094 128.4601 0012794  96.5772 263.6916 15.12496796  6470
1 47499U 21006CQ  21066.08182876  .00000849  00000-0  52401-4 0  9994
2 47499  97.5091 129.1111 0012803  94.5870 265.6823 15.12498282  6571
1 47499U 21006CQ  21066.61108997  .00000826  00000-0  51084-4 0  9996
2 47499  97.5093 129.6318 0012792  92.9887 267.2807 15.12499245  6653
1 47499U 21006CQ  21067.14035076  .00000829  00000-0  51258-4 0  9998
2 47499  97.5092 130.1526 0012798  91.3711 268.8985 15.12500295  6736
1 47499U 21006CQ  21067.60345389  .00000824  00000-0  50970-4 0  9995
2 47499  97.5091 130.6082 0012805  90.0001 270.2698 15.12501060  6801
1 47499U 21006CQ  21068.13271434  .00000802  00000-0  49704-4 0  9992
2 47499  97.5089 131.1290 0012803  88.3923 271.8775 15.12501769  6883
1 47499U 21006CQ  21068.72813191  .00000801  00000-0  49648-4 0  9995
2 47499  97.5089 131.7148 0012797  86.6123 273.6572 15.12502661  6973
1 47499U 21006CQ  21069.12507666  .00000814  00000-0  50423-4 0  9994
2 47499  97.5087 132.1053 0012789  85.4138 274.8554 15.12503337  7037
1 47499U 21006CQ  21069.72049375  .00000779  00000-0  48370-4 0  9996
2 47499  97.5086 132.6912 0012778  83.6452 276.6234 15.12503953  7121
1 47499U 21006CQ  21070.11743814  .00000756  00000-0  47076-4 0  9997
2 47499  97.5083 133.0817 0012762  82.4638 277.8042 15.12504398  7183
1 47499U 21006CQ  21070.44822508  .00000740  00000-0  46145-4 0  9990
2 47499  97.5082 133.4071 0012753  81.4523 278.8153 15.12504770  7234
1 47499U 21006CQ  21070.71285441  .00000745  00000-0  46438-4 0  9999
2 47499  97.5083 133.6675 0012744  80.6422 279.6249 15.12505229  7275
1 47499U 21006CQ  21071.17595579  .00000684  00000-0  42914-4 0  9993
2 47499  97.5082 134.1231 0012718  79.2270 281.0392 15.12505566  7342
1 47499U 21006CQ  21071.70521394  .00000729  00000-0  45532-4 0  9995
2 47499  97.5081 134.6439 0012707  77.6322 282.6330 15.12506698  7429
1 47499U 21006CQ  21072.43294315  .00000774  00000-0  48088-4 0  9995
2 47499  97.5080 135.3598 0012666  75.3994 284.8640 15.12508229  7538
1 47499U 21006CQ  21072.76372873  .00000817  00000-0  50535-4 0  9995
2 47499  97.5078 135.6852 0012647  74.3683 285.8942 15.12509157  7586
1 47499U 21006CQ  21073.42529974  .00000848  00000-0  52310-4 0  9992
2 47499  97.5077 136.3361 0012619  72.3722 287.8886 15.12510634  7681
1 47499U 21006CQ  21073.68992764  .00000937  00000-0  57451-4 0  9991
2 47499  97.5077 136.5964 0012610  71.5591 288.7010 15.12511779  7723
1 47499U 21006CQ  21074.41765459  .00000976  00000-0  59668-4 0  9997
2 47499  97.5075 137.3123 0012584  69.3517 290.9062 15.12513541  7833
1 47499U 21006CQ  21074.74843932  .00000974  00000-0  59583-4 0  9990
2 47499  97.5075 137.6377 0012569  68.3295 291.9273 15.12514255  7885
1 47499U 21006CQ  21074.88075353  .00000893  00000-0  54909-4 0  9996
2 47499  97.5074 137.7679 0012565  67.9485 292.3079 15.12513973  7900
1 47499U 21006CQ  21075.41000884  .00000897  00000-0  55134-4 0  9998
2 47499  97.5074 138.2885 0012549  66.3486 293.9061 15.12515070  7987
1 47499U 21006CQ  21075.74079348  .00000857  00000-0  52874-4 0  9999
2 47499  97.5073 138.6139 0012532  65.3464 294.9071 15.12515439  8037
1 47499U 21006CQ  21076.13773463  .00000858  00000-0  52877-4 0  9996
2 47499  97.5073 139.0044 0012516  64.1370 296.1150 15.12516183  8097
1 47499U 21006CQ  21076.60083248  .00000844  00000-0  52112-4 0  9990
2 47499  97.5072 139.4600 0012496  62.7525 297.4977 15.12516941  8162
1 47499U 21006CQ  21077.13008695  .00000818  00000-0  50629-4 0  9994
2 47499  97.5071 139.9806 0012473  61.1250 299.1231 15.12517673  8241
1 47499U 21006CQ  21077.72549769  .00000810  00000-0  50137-4 0  9997
2 47499  97.5070 140.5663 0012439  59.2993 300.9462 15.12518644  8339
1 47499U 21006CQ  21078.45322134  .00000806  00000-0  49900-4 0  9994
2 47499  97.5070 141.2822 0012389  57.0642 303.1779 15.12519827  8447
1 47499U 21006CQ  21078.91631789  .00000759  00000-0  47212-4 0  9995
2 47499  97.5068 141.7377 0012360  55.6389 304.6009 15.12520339  8515
1 47499U 21006CQ  21079.11478775  .00000757  00000-0  47125-4 0  9993
2 47499  97.5068 141.9329 0012347  55.0149 305.2239 15.12520671  8541
1 47499U 21006CQ  21079.18094422  .00000802  00000-0  49710-4 0  9996
2 47499  97.5068 141.9980 0012340  54.7999 305.4386 15.12521070  8556
1 47499U 21006CQ  21079.57788310  .00000979  00000-0  59816-4 0  9998
2 47499  97.5067 142.3884 0012339  53.6458 306.5910 15.12522909  8613
1 47499U 21006CQ  21080.17328986  .00001207  00000-0  72880-4 0  9996
2 47499  97.5066 142.9742 0012274  51.6534 308.5798 15.12525805  8706
1 47499U 21006CQ  21080.70254025  .00001338  00000-0  80399-4 0  9996
2 47499  97.5065 143.4948 0012240  49.9852 310.2451 15.12527936  8786
1 47499U 21006CQ  21081.56257031  .00001547  00000-0  92367-4 0  9991
2 47499  97.5063 144.3407 0012144  47.2458 312.9792 15.12531706  8912
1 47499U 21006CQ  21081.62872575  .00001680  00000-0  99997-4 0  9998
2 47499  97.5063 144.4057 0012168  47.1041 313.1209 15.12532862  8928
1 47499U 21006CQ  21082.55490852  .00001942  00000-0  11502-3 0  9991
2 47499  97.5062 145.3168 0012068  44.0368 316.1822 15.12537829  9065
1 47499U 21006CQ  21082.75337604  .00001978  00000-0  11703-3 0  9990
2 47499  97.5061 145.5120 0012061  43.4108 316.8071 15.12538793  9099
1 47499U 21006CQ  21082.88568764  .00002029  00000-0  11996-3 0  9999
2 47499  97.5061 145.6421 0012044  42.9465 317.2704 15.12539532  9118
1 47499U 21006CQ  21083.15031008  .00001811  00000-0  10747-3 0  9997
2 47499  97.5061 145.9026 0012042  42.4230 317.7930 15.12540984  9158
1 47499U 21006CQ  21083.61339962  .00001946  00000-0  11521-3 0  9998
2 47499  97.5060 146.3582 0012030  41.0584 319.1550 15.12543474  9222
1 47499U 21006CQ  21084.14264378  .00002043  00000-0  12079-3 0  9993
2 47499  97.5059 146.8787 0011964  39.3474 320.8623 15.12546086  9306
1 47499U 21006CQ  21084.40726534  .00002424  00000-0  14258-3 0  9993
2 47499  97.5059 147.1390 0011933  38.4134 321.7945 15.12548505  9348
1 47499U 21006CQ  21085.66421360  .00003476  00000-0  20277-3 0  9997
2 47499  97.5054 148.3752 0011825  34.4286 325.7709 15.12558515  9537
1 47499U 21006CQ  21085.92883346  .00003681  00000-0  21452-3 0  9996
2 47499  97.5052 148.6354 0011801  33.5437 326.6539 15.12560608  9579
1 47499U 21006CQ  21086.12729780  .00003932  00000-0  22887-3 0  9992
2 47499  97.5053 148.8307 0011780  32.8208 327.3752 15.12562809  9608
1 47499U 21006CQ  21086.72269094  .00004061  00000-0  23620-3 0  9995
2 47499  97.5051 149.4163 0011690  30.7715 329.4199 15.12566208  9697
1 47499U 21006CQ  21087.38423665  .00003866  00000-0  22504-3 0  9996
2 47499  97.5050 150.0669 0011643  28.7045 331.4824 15.12570418  9793
1 47499U 21006CQ  21087.71500847  .00003973  00000-0  23112-3 0  9996
2 47499  97.5049 150.3923 0011612  27.7111 332.4736 15.12573294  9840
1 47499U 21006CQ  21088.11193427  .00003702  00000-0  21561-3 0  9999
2 47499  97.5048 150.7826 0011575  26.4692 333.7128 15.12575510  9902
1 47499U 21006CQ  21088.90578424  .00002953  00000-0  17277-3 0  9996
2 47499  97.5046 151.5634 0011502  23.9452 336.2311 15.12578592 10022
1 47499U 21006CQ  21089.43501602  .00002889  00000-0  16905-3 0  9994
2 47499  97.5044 152.0840 0011459  22.1836 337.9888 15.12581872 10104
1 47499U 21006CQ  21089.89809334  .00002476  00000-0  14544-3 0  9996
2 47499  97.5042 152.5394 0011410  20.5439 339.6249 15.12583301 10175
1 47499U 21006CQ  21090.16270867  .00002367  00000-0  13919-3 0  9995
2 47499  97.5041 152.7997 0011385  19.6925 340.4744 15.12584471 10219
1 47499U 21006CQ  21090.89039926  .00002365  00000-0  13909-3 0  9991
2 47499  97.5040 153.5154 0011319  17.2687 342.8926 15.12588367 10326
1 47499U 21006CQ  21091.15501361  .00002516  00000-0  14770-3 0  9993
2 47499  97.5039 153.7757 0011295  16.3532 343.8061 15.12590250 10366
1 47499U 21006CQ  21091.61808822  .00002550  00000-0  14966-3 0  9991
2 47499  97.5038 154.2312 0011246  14.7888 345.3670 15.12592693 10434
1 47499U 21006CQ  21092.14731615  .00002315  00000-0  13621-3 0  9991
2 47499  97.5038 154.7518 0011198  13.0547 347.0972 15.12594203 10519
1 47499U 21006CQ  21092.47808313  .00002236  00000-0  13168-3 0  9995
2 47499  97.5038 155.0771 0011159  11.9009 348.2484 15.12595340 10560
1 47499U 21006CQ  21092.87500310  .00002340  00000-0  13760-3 0  9999
2 47499  97.5036 155.4675 0011122  10.5291 349.6171 15.12597303 10629
1 47499U 21006CQ  21093.40422891  .00002419  00000-0  14215-3 0  9999
2 47499  97.5036 155.9880 0011065   8.7048 351.4372 15.12599848 10706
1 47499U 21006CQ  21093.47038212  .00002361  00000-0  13882-3 0  9991
2 47499  97.5036 156.0531 0011058   8.4778 351.6638 15.12599943 10714
1 47499U 21006CQ  21093.86730104  .00002245  00000-0  13218-3 0  9997
2 47499  97.5035 156.4435 0011018   7.0890 353.0494 15.12601182 10777
1 47499U 21006CQ  21094.46267858  .00002271  00000-0  13363-3 0  9995
2 47499  97.5035 157.0290 0010948   5.0055 355.1283 15.12603643 10868
1 47499U 21006CQ  21094.72729045  .00002322  00000-0  13654-3 0  9995
2 47499  97.5035 157.2892 0010919   4.0606 356.0711 15.12604902 10907
1 47499U 21006CQ  21094.92574932  .00002277  00000-0  13399-3 0  9995
2 47499  97.5035 157.4844 0010892   3.3541 356.7761 15.12605464 10935
1 47499U 21006CQ  21095.85188897  .00002240  00000-0  13185-3 0  9992
2 47499  97.5035 158.3952 0010796   0.1051   0.0180 15.12609197 11076
1 47499U 21006CQ  21095.91804170  .00002240  00000-0  13187-3 0  9990
2 47499  97.5035 158.4603 0010787 359.8676   0.2550 15.12609473 11088
1 47499U 21006CQ  21096.05034708  .00002247  00000-0  13227-3 0  9990
2 47499  97.5035 158.5904 0010766 359.4217   0.7000 15.12610118 11103
1 47499U 21006CQ  21096.84417834  .00002122  00000-0  12508-3 0  9995
2 47499  97.5035 159.3711 0010682 356.6571   3.4586 15.12613391 11225
1 47499U 21006CQ  21097.10878792  .00001941  00000-0  11476-3 0  9990
2 47499  97.5034 159.6311 0010714 355.6617   4.4519 15.12613935 11264
1 47499U 21006CQ  21097.90261787  .00001842  00000-0  10905-3 0  9994
2 47499  97.5032 160.4118 0010630 352.7532   7.3543 15.12616522 11385
1 47499U 21006CQ  21098.16722716  .00001963  00000-0  11597-3 0  9999
2 47499  97.5032 160.6720 0010606 351.7931   8.3125 15.12618319 11429
1 47499U 21006CQ  21098.82875226  .00001483  00000-0  88558-4 0  9996
2 47499  97.5031 161.3225 0010540 349.3282  10.7724 15.12617702 11523
1 47499U 21006CQ  21099.42412336  .00001354  00000-0  81162-4 0  9993
2 47499  97.5030 161.9080 0010483 347.2125  12.8838 15.12618981 11615
1 47499U 21006CQ  21099.88719046  .00001137  00000-0  68764-4 0  9993
2 47499  97.5029 162.3634 0010427 345.5149  14.5781 15.12618914 11687
1 47499U 21006CQ  21100.48256188  .00000920  00000-0  56312-4 0  9990
2 47499  97.5028 162.9488 0010363 343.3530  16.7359 15.12619088 11776
1 47499U 21006CQ  21100.87947585  .00000903  00000-0  55355-4 0  9998
2 47499  97.5028 163.3391 0010328 341.9466  18.1397 15.12619818 11833
1 47499U 21006CQ  21101.40869425  .00000859  00000-0  52839-4 0  9998
2 47499  97.5027 163.8596 0010273 340.0546  20.0282 15.12620612 11910
1 47499U 21006CQ  21101.73945551  .00000886  00000-0  54397-4 0  9990
2 47499  97.5027 164.1848 0010245 338.8398  21.2407 15.12621365 11966
1 47499U 21006CQ  21101.93791267  .00000689  00000-0  43121-4 0  9999
2 47499  97.5027 164.3800 0010216 338.1148  21.9645 15.12620507 11991
1 47499U 21006CQ  21102.07021720  .00000688  00000-0  43063-4 0  9999
2 47499  97.5026 164.5101 0010205 337.6399  22.4386 15.12620707 12010
1 47499U 21006CQ  21102.93019640  .00000683  00000-0  42774-4 0  9995
2 47499  97.5025 165.3557 0010119 334.4608  25.6122 15.12621778 12141
1 47499U 21006CQ  21104.38554453  .00000634  00000-0  39972-4 0  9994
2 47499  97.5022 166.7867 0009989 329.0152  31.0488 15.12623205 12361
1 47499U 21006CQ  21105.44397695  .00000823  00000-0  50769-4 0  9992
2 47499  97.5020 167.8274 0009917 324.7203  35.3370 15.12625936 12521
1 47499U 21006CQ  21105.70858494  .00000828  00000-0  51077-4 0  9998
2 47499  97.5019 168.0875 0009878 323.8905  36.1657 15.12626444 12560
1 47499U 21006CQ  21106.43625530  .00000920  00000-0  56351-4 0  9995
2 47499  97.5019 168.8032 0009868 320.9458  39.1060 15.12628576 12674
1 47499U 21006CQ  21106.76701442  .00000946  00000-0  57837-4 0  9996
2 47499  97.5018 169.1284 0009846 319.7097  40.3403 15.12629500 12726
1 47499U 21006CQ  21107.42853185  .00001018  00000-0  61946-4 0  9999
2 47499  97.5017 169.7788 0009803 317.1366  42.9100 15.12631590 12829
1 47499U 21006CQ  21107.89159288  .00001168  00000-0  70502-4 0  9997
2 47499  97.5017 170.2341 0009781 315.3289  44.7153 15.12633900 12892
1 47499U 21006CQ  21108.15619961  .00001133  00000-0  68496-4 0  9997
2 47499  97.5017 170.4943 0009768 314.3196  45.7233 15.12634409 12933
1 47499U 21006CQ  21108.42080625  .00001102  00000-0  66727-4 0  9997
2 47499  97.5017 170.7544 0009744 313.2926  46.7491 15.12634921 12976
1 47499U 21006CQ  21108.88386665  .00001285  00000-0  77174-4 0  9990
2 47499  97.5016 171.2097 0009724 311.4683  48.5712 15.12637417 13040
1 47499U 21006CQ  21109.41307910  .00001250  00000-0  75206-4 0  9992
2 47499  97.5015 171.7300 0009681 309.5312  50.5062 15.12638661 13122
1 47499U 21006CQ  21109.74383625  .00001281  00000-0  76932-4 0  9996
2 47499  97.5015 172.0552 0009672 308.1990  51.8369 15.12639828 13177
1 47499U 21006CQ  21110.40535061  .00001241  00000-0  74673-4 0  9990
2 47499  97.5014 172.7056 0009611 305.6856  54.3479 15.12641391 13277
1 47499U 21006CQ  21110.73610736  .00001243  00000-0  74787-4 0  9997
2 47499  97.5014 173.0309 0009596 304.4110  55.6213 15.12642328 13321
1 47499U 21006CQ  21110.93456155  .00001192  00000-0  71870-4 0  9995
2 47499  97.5014 173.2260 0009579 303.6259  56.4057 15.12642501 13356
1 47499U 21006CQ  21111.39762091  .00001081  00000-0  65490-4 0  9993
2 47499  97.5013 173.6812 0009549 301.6934  58.3365 15.12643038 13424
1 47499U 21006CQ  21111.72837728  .00001074  00000-0  65093-4 0  9991
2 47499  97.5013 174.0064 0009531 300.3853  59.6435 15.12643802 13471
1 47499U 21006CQ  21112.12528486  .00001042  00000-0  63271-4 0  9995
2 47499  97.5012 174.3966 0009509 298.8348  61.1927 15.12644531 13530
1 47499U 21006CQ  21112.72064592  .00000955  00000-0  58328-4 0  9993
2 47499  97.5011 174.9820 0009485 296.3924  63.6333 15.12645358 13626
1 47499U 21006CQ  21113.11755296  .00000954  00000-0  58262-4 0  9991
2 47499  97.5010 175.3722 0009467 294.8759  65.1487 15.12646224 13686
1 47499U 21006CQ  21113.71291317  .00000890  00000-0  54600-4 0  9997
2 47499  97.5009 175.9576 0009446 292.4354  67.5876 15.12647163 13770
1 47499U 21006CQ  21114.44057496  .00000875  00000-0  53732-4 0  9994
2 47499  97.5008 176.6729 0009436 289.4492  70.5719 15.12648614 13889
1 47499U 21006CQ  21114.90363190  .00000925  00000-0  56577-4 0  9992
2 47499  97.5006 177.1282 0009431 287.5326  72.4874 15.12649931 13951
1 47499U 21006CQ  21115.10208485  .00000918  00000-0  56165-4 0  9995
2 47499  97.5006 177.3233 0009434 286.7400  73.2795 15.12650333 13988
1 47499U 21006CQ  21115.43283981  .00000882  00000-0  54106-4 0  9998
2 47499  97.5006 177.6485 0009426 285.3732  74.6457 15.12650815 14036
1 47499U 21006CQ  21115.76359414  .00001010  00000-0  61432-4 0  9993
2 47499  97.5005 177.9737 0009424 284.0358  75.9825 15.12652349 14088
1 47499U 21006CQ  21116.16049950  .00000996  00000-0  60640-4 0  9991
2 47499  97.5005 178.3639 0009423 282.4268  77.5908 15.12653181 14147
1 47499U 21006CQ  21116.22665034  .00000986  00000-0  60068-4 0  9998
2 47499  97.5005 178.4289 0009426 282.1501  77.8674 15.12653286 14159
1 47499U 21006CQ  21116.62355517  .00001053  00000-0  63879-4 0  9993
2 47499  97.5005 178.8192 0009421 280.5223  79.4946 15.12654652 14219
1 47499U 21006CQ  21117.41736410  .00001024  00000-0  62227-4 0  9990
2 47499  97.5004 179.5996 0009435 277.2950  82.7208 15.12656491 14337
1 47499U 21006CQ  21118.14502049  .00001164  00000-0  70227-4 0  9994
2 47499  97.5002 180.3147 0009346 274.4567  85.5596 15.12659455 14443
1 47499U 21006CQ  21118.80652645  .00001139  00000-0  68772-4 0  9999
2 47499  97.5002 180.9651 0009334 271.7640  88.2522 15.12660965 14546
1 47499U 21006CQ  21119.07112340  .00001713  00000-0  10157-3 0  9993
2 47499  97.5002 181.2254 0009428 270.6347  89.3803 15.12666305 14587
1 47499U 21006CQ  21120.12952717  .00001848  00000-0  10927-3 0  9995
2 47499  97.5000 182.2660 0009399 266.4185  93.5971 15.12670780 14740
1 47499U 21006CQ  21120.59257591  .00002073  00000-0  12211-3 0  9993
2 47499  97.5000 182.7212 0009376 264.6426  95.3735 15.12674333 14815
1 47499U 21006CQ  21121.38637411  .00002632  00000-0  15403-3 0  9991
2 47499  97.4993 183.5017 0009466 261.0568  98.9591 15.12679734 14937
1 47499U 21006CQ  21121.71712279  .00002780  00000-0  16247-3 0  9995
2 47499  97.4991 183.8269 0009423 259.7570 100.2599 15.12681895 14988
1 47499U 21006CQ  21122.44476806  .00002903  00000-0  16944-3 0  9990
2 47499  97.4992 184.5422 0009458 256.7650 103.2526 15.12686223 15098
1 47499U 21006CQ  21122.90781372  .00002883  00000-0  16834-3 0  9993
2 47499  97.4991 184.9975 0009471 254.9084 105.1100 15.12689000 15163
1 47499U 21006CQ  21123.43700786  .00002791  00000-0  16302-3 0  9990
2 47499  97.4992 185.5177 0009494 252.7462 107.2730 15.12691988 15245
1 47499U 21006CQ  21123.56930628  .00002620  00000-0  15328-3 0  9992
2 47499  97.4992 185.6477 0009499 252.2284 107.7910 15.12692306 15263
1 47499U 21006CQ  21124.42924429  .00002231  00000-0  13108-3 0  9992
2 47499  97.4992 186.4931 0009536 248.8165 111.2048 15.12696250 15396
1 47499U 21006CQ  21124.89228712  .00002054  00000-0  12098-3 0  9995
2 47499  97.4992 186.9483 0009559 246.9867 113.0356 15.12698160 15468
1 47499U 21006CQ  21125.42147864  .00001676  00000-0  99375-4 0  9996
2 47499  97.4992 187.4685 0009597 244.9033 115.1202 15.12699435 15541
1 47499U 21006CQ  21126.41371515  .00001459  00000-0  86987-4 0  9992
2 47499  97.4992 188.4438 0009667 241.2540 118.7720 15.12699478 15696
1 47499U 21006CQ  21126.81060844  .00001356  00000-0  81131-4 0  9998
2 47499  97.4992 188.8339 0009703 239.7190 120.3081 15.12700365 15758
1 47499U 21006CQ  21127.40594868  .00001199  00000-0  72113-4 0  9997
2 47499  97.4991 189.4191 0009709 237.2946 122.7349 15.12701297 15846
1 47499U 21006CQ  21127.73669299  .00001101  00000-0  66566-4 0  9992
2 47499  97.4991 189.7442 0009741 236.0097 124.0209 15.12701698 15898
1 47499U 21006CQ  21128.92737177  .00000913  00000-0  55802-4 0  9996
2 47499  97.4989 190.9147 0009824 231.2402 128.7952 15.12703334 16076
1 47499U 21006CQ  21129.12581805  .00000910  00000-0  55636-4 0  9996
2 47499  97.4989 191.1097 0009835 230.4835 129.5527 15.12703721 16107
1 47499U 21006CQ  21129.72115635  .00000928  00000-0  56682-4 0  9997
2 47499  97.4988 191.6950 0009847 228.1787 131.8603 15.12705040 16198
1 47499U 21006CQ  21130.44879074  .00001004  00000-0  60995-4 0  9990
2 47499  97.4988 192.4101 0010006 225.3946 134.6469 15.12706975 16302
1 47499U 21006CQ  21130.91183061  .00001034  00000-0  62731-4 0  9999
2 47499  97.4986 192.8652 0010079 223.6801 136.3633 15.12708072 16375
1 47499U 21006CQ  21131.11027616  .00001044  00000-0  63254-4 0  9997
2 47499  97.4986 193.0602 0010090 222.9661 137.0782 15.12708569 16400
1 47499U 21006CQ  21131.70560878  .00001590  00000-0  94427-4 0  9996
2 47499  97.4985 193.6455 0010019 220.6248 139.4236 15.12714038 16495
1 47499U 21006CQ  21132.43323874  .00001721  00000-0  10189-3 0  9998
2 47499  97.4985 194.3608 0010105 218.0206 142.0312 15.12717209 16605
1 47499U 21006CQ  21132.63168188  .00002373  00000-0  13904-3 0  9997
2 47499  97.4983 194.5558 0010100 217.2848 142.7682 15.12721799 16636
1 47499U 21006CQ  21133.75619687  .00002035  00000-0  11978-3 0  9990
2 47499  97.4979 195.6613 0010207 212.7372 147.3227 15.12725844 16805
1 47499U 21006CQ  21134.28537974  .00001444  00000-0  86044-4 0  9997
2 47499  97.4977 196.1815 0010269 210.7411 149.3220 15.12725924 16885
1 47499U 21006CQ  21134.88071148  .00001504  00000-0  89469-4 0  9990
2 47499  97.4982 196.7666 0010335 208.9803 151.0855 15.12726122 16974
1 47499U 21006CQ  21135.14530284  .00001407  00000-0  83926-4 0  9995
2 47499  97.4981 197.0267 0010335 207.8930 152.1748 15.12726518 17011
1 47499U 21006CQ  21135.87292797  .00001061  00000-0  64188-4 0  9994
2 47499  97.4981 197.7419 0010428 205.2087 154.8636 15.12727375 17124
1 47499U 21006CQ  21136.40210859  .00001162  00000-0  69964-4 0  9992
2 47499  97.4982 198.2621 0010495 203.3941 156.6814 15.12729566 17209
1 47499U 21006CQ  21136.66669870  .00001251  00000-0  75057-4 0  9990
2 47499  97.4981 198.5222 0010455 202.1754 157.9026 15.12730970 17247
1 47499U 21006CQ  21137.79120400  .00001407  00000-0  83924-4 0  9991
2 47499  97.4979 199.6274 0010600 198.1966 161.8887 15.12735668 17411
1 47499U 21006CQ  21138.12194116  .00001385  00000-0  82662-4 0  9997
2 47499  97.4979 199.9524 0010634 196.9499 163.1378 15.12736296 17469
1 47499U 21006CQ  21138.38653064  .00001397  00000-0  83344-4 0  9998
2 47499  97.4979 200.2125 0010642 195.9473 164.1424 15.12737080 17502
1 47499U 21006CQ  21138.84956116  .00001539  00000-0  91406-4 0  9999
2 47499  97.4978 200.6677 0010703 194.4780 165.6145 15.12739273 17579
1 47499U 21006CQ  21139.44488636  .00001489  00000-0  88546-4 0  9998
2 47499  97.4978 201.2529 0010727 192.3512 167.7458 15.12740700 17665
1 47499U 21006CQ  21139.70947499  .00001539  00000-0  91426-4 0  9991
2 47499  97.4977 201.5129 0010768 191.5613 168.5372 15.12741729 17702
1 47499U 21006CQ  21140.43709252  .00001538  00000-0  91344-4 0  9994
2 47499  97.4977 202.2281 0010858 189.1002 171.0034 15.12744097 17811
1 47499U 21006CQ  21140.70167950  .00001741  00000-0  10294-3 0  9997
2 47499  97.4976 202.4882 0010865 188.0889 172.0169 15.12746407 17859
1 47499U 21006CQ  21141.42929200  .00002049  00000-0  12042-3 0  9996
2 47499  97.4976 203.2035 0010973 185.8800 174.2304 15.12751851 17962
1 47499U 21006CQ  21141.89231826  .00001943  00000-0  11440-3 0  9990
2 47499  97.4975 203.6586 0011019 183.6354 176.4798 15.12754147 18039
1 47499U 21006CQ  21142.15690396  .00001977  00000-0  11632-3 0  9991
2 47499  97.4976 203.9186 0011045 182.8887 177.2282 15.12755819 18078
1 47499U 21006CQ  21142.42148974  .00001923  00000-0  11327-3 0  9993
2 47499  97.4975 204.1785 0011066 181.7909 178.3284 15.12757036 18113
1 47499U 21006CQ  21142.68607544  .00001959  00000-0  11527-3 0  9995
2 47499  97.4975 204.4388 0011095 181.0175 179.1035 15.12758428 18158
1 47499U 21006CQ  21143.21524679  .00001501  00000-0  89217-4 0  9997
2 47499  97.4974 204.9588 0011158 179.1198 181.0055 15.12759220 18231
1 47499U 21006CQ  21143.94285693  .00001317  00000-0  78720-4 0  9999
2 47499  97.4974 205.6740 0011223 176.9155 183.2147 15.12760816 18341
1 47499U 21006CQ  21144.33973503  .00001323  00000-0  79075-4 0  9998
2 47499  97.4973 206.0641 0011258 175.3779 184.7558 15.12761782 18400
1 47499U 21006CQ  21144.80276056  .00001531  00000-0  90888-4 0  9995
2 47499  97.4975 206.5192 0011271 173.9844 186.1524 15.12762400 18474
1 47499U 21006CQ  21145.39807575  .00001453  00000-0  86429-4 0  9995
2 47499  97.4976 207.1044 0011328 171.9942 188.1472 15.12764307 18560
1 47499U 21006CQ  21145.59651449  .00001255  00000-0  75147-4 0  9999
2 47499  97.4976 207.2994 0011348 171.2629 188.8802 15.12763941 18592
1 47499U 21006CQ  21145.79495148  .00001612  00000-0  95515-4 0  9991
2 47499  97.4974 207.4945 0011363 170.6079 189.5367 15.12766770 18628
1 47499U 21006CQ  21146.39026596  .00001440  00000-0  85674-4 0  9999
2 47499  97.4974 208.0797 0011441 168.6603 191.4888 15.12767762 18719
1 47499U 21006CQ  21146.78714292  .00001262  00000-0  75582-4 0  9998
2 47499  97.4973 208.4698 0011467 167.2565 192.8958 15.12767652 18779
1 47499U 21006CQ  21147.11787300  .00001131  00000-0  68114-4 0  9994
2 47499  97.4973 208.7949 0011506 166.2690 193.8856 15.12767840 18826
1 47499U 21006CQ  21147.44860306  .00001208  00000-0  72494-4 0  9999
2 47499  97.4973 209.1199 0011526 165.1312 195.0260 15.12768921 18878
1 47499U 21006CQ  21147.91162407  .00001295  00000-0  77432-4 0  9991
2 47499  97.4972 209.5750 0011583 163.6708 196.4898 15.12770619 18946
1 47499U 21006CQ  21148.44079127  .00001454  00000-0  86475-4 0  9990
2 47499  97.4972 210.0951 0011627 161.9515 198.2131 15.12772632 19029
1 47499U 21006CQ  21148.70537439  .00001108  00000-0  66790-4 0  9998
2 47499  97.4971 210.3551 0011664 161.1476 199.0189 15.12771522 19069
1 47499U 21006CQ  21149.43297730  .00001109  00000-0  66836-4 0  9998
2 47499  97.4971 211.0703 0011728 159.0138 201.1577 15.12773468 19177
1 47499U 21006CQ  21149.69755972  .00001184  00000-0  71101-4 0  9997
2 47499  97.4971 211.3303 0011742 158.2468 201.9264 15.12774700 19215
1 47499U 21006CQ  21150.16057803  .00001319  00000-0  78770-4 0  9998
2 47499  97.4970 211.7854 0011769 156.5547 203.6223 15.12777077 19288
1 47499U 21006CQ  21150.75588738  .00001325  00000-0  79127-4 0  9993
2 47499  97.4970 212.3705 0011824 154.6848 205.4964 15.12779064 19375
1 47499U 21006CQ  21151.15276001  .00001266  00000-0  75775-4 0  9994
2 47499  97.4969 212.7605 0011867 153.4138 206.7703 15.12780038 19437
1 47499U 21006CQ  21151.74806830  .00001252  00000-0  74975-4 0  9994
2 47499  97.4968 213.3456 0011929 151.4262 208.7625 15.12781843 19522
1 47499U 21006CQ  21152.14494020  .00001257  00000-0  75247-4 0  9991
2 47499  97.4968 213.7356 0011960 150.0733 210.1184 15.12783068 19582
1 47499U 21006CQ  21153.07097317  .00001498  00000-0  88934-4 0  9996
2 47499  97.4967 214.6457 0012038 147.1873 213.0108 15.12787164 19727
1 47499U 21006CQ  21154.06314482  .00001953  00000-0  11481-3 0  9999
2 47499  97.4965 215.6207 0012129 143.8281 216.3772 15.12793898 19876
1 47499U 21006CQ  21154.12928972  .00002161  00000-0  12662-3 0  9995
2 47499  97.4961 215.6859 0012174 143.7690 216.4368 15.12793893 19886
1 47499U 21006CQ  21155.12146228  .00002168  00000-0  12704-3 0  9996
2 47499  97.4961 216.6610 0012260 140.7178 219.4945 15.12797184 20036
1 47499U 21006CQ  21155.38604006  .00001987  00000-0  11672-3 0  9998
2 47499  97.4963 216.9209 0012246 139.7685 220.4455 15.12798966 20071
1 47499U 21006CQ  21155.91519657  .00002061  00000-0  12092-3 0  9995
2 47499  97.4961 217.4408 0012290 138.2575 221.9596 15.12801367 20158
1 47499U 21006CQ  21156.44435223  .00002151  00000-0  12600-3 0  9995
2 47499  97.4963 217.9610 0012298 136.6266 223.5935 15.12803935 20234
1 47499U 21006CQ  21156.70893061  .00002508  00000-0  14631-3 0  9994
2 47499  97.4964 218.2211 0012364 135.9228 224.2990 15.12805388 20277
1 47499U 21006CQ  21157.43651741  .00002101  00000-0  12314-3 0  9997
2 47499  97.4964 218.9362 0012346 133.4742 226.7518 15.12807648 20381
1 47499U 21006CQ  21157.70109480  .00001980  00000-0  11629-3 0  9997
2 47499  97.4962 219.1960 0012328 132.7548 227.4722 15.12807947 20424
1 47499U 21006CQ  21158.42868224  .00001362  00000-0  81121-4 0  9994
2 47499  97.4963 219.9111 0012389 130.5233 229.7079 15.12807035 20535
1 47499U 21006CQ  21158.75940313  .00001291  00000-0  77084-4 0  9994
2 47499  97.4963 220.2364 0012400 129.6409 230.5919 15.12807824 20582
1 47499U 21006CQ  21158.89169142  .00001293  00000-0  77219-4 0  9994
2 47499  97.4964 220.3665 0012412 129.2550 230.9784 15.12808280 20608
1 47499U 21006CQ  21159.15626688  .00001562  00000-0  92511-4 0  9998
2 47499  97.4964 220.6265 0012429 128.3908 231.8441 15.12810974 20649
1 47499U 21006CQ  21159.75156246  .00001641  00000-0  97019-4 0  9998
2 47499  97.4963 221.2115 0012479 126.5034 233.7348 15.12813712 20734
1 47499U 21006CQ  21160.14842601  .00001486  00000-0  88160-4 0  9994
2 47499  97.4963 221.6016 0012497 125.2991 234.9411 15.12814455 20791
1 47499U 21006CQ  21160.54528924  .00001469  00000-0  87199-4 0  9999
2 47499  97.4963 221.9917 0012520 124.1182 236.1238 15.12815809 20853
1 47499U 21006CQ  21161.40515960  .00001258  00000-0  75183-4 0  9997
2 47499  97.4963 222.8368 0012583 121.4382 238.8081 15.12817160 20985
1 47499U 21006CQ  21161.73587863  .00001170  00000-0  70197-4 0  9997
2 47499  97.4963 223.1618 0012567 120.7253 239.5217 15.12817598 21039
1 47499U 21006CQ  21162.39731549  .00001199  00000-0  71851-4 0  9991
2 47499  97.4963 223.8118 0012595 118.7342 241.5156 15.12819617 21138
1 47499U 21006CQ  21162.72803360  .00001224  00000-0  73274-4 0  9999
2 47499  97.4963 224.1368 0012611 117.7333 242.5179 15.12820678 21187
1 47499U 21006CQ  21163.12489352  .00001533  00000-0  90832-4 0  9997
2 47499  97.4961 224.5270 0012661 116.3200 243.9333 15.12823906 21245
1 47499U 21006CQ  21163.72018484  .00001464  00000-0  86913-4 0  9995
2 47499  97.4959 225.1120 0012677 114.4273 245.8282 15.12825351 21339
1 47499U 21006CQ  21164.44776240  .00001317  00000-0  78512-4 0  9999
2 47499  97.4958 225.8271 0012728 112.2664 247.9918 15.12826727 21448
1 47499U 21006CQ  21164.64619240  .00001320  00000-0  78726-4 0  9998
2 47499  97.4959 226.0220 0012733 111.7342 248.5245 15.12827346 21470
1 47499U 21006CQ  21165.43991102  .00001250  00000-0  74717-4 0  9994
2 47499  97.4958 226.8021 0012722 109.4839 250.7768 15.12829471 21598
1 47499U 21006CQ  21165.70448329  .00001322  00000-0  78791-4 0  9998
2 47499  97.4958 227.0621 0012761 108.5686 251.6932 15.12830831 21630
1 47499U 21006CQ  21165.90291256  .00001347  00000-0  80233-4 0  9996
2 47499  97.4958 227.2571 0012758 107.9555 252.3068 15.12831584 21667
1 47499U 21006CQ  21166.43205567  .00001560  00000-0  92300-4 0  9990
2 47499  97.4958 227.7772 0012716 106.4387 253.8243 15.12834773 21749
1 47499U 21006CQ  21166.89505458  .00001772  00000-0  10434-3 0  9994
2 47499  97.4958 228.2322 0012735 105.0294 255.2347 15.12838158 21819
1 47499U 21006CQ  21167.09348297  .00001741  00000-0  10258-3 0  9993
2 47499  97.4958 228.4272 0012732 104.4351 255.8294 15.12838824 21849
1 47499U 21006CQ  21167.42419659  .00001797  00000-0  10579-3 0  9998
2 47499  97.4958 228.7522 0012741 103.4069 256.8583 15.12840536 21895
1 47499U 21006CQ  21167.75491028  .00001795  00000-0  10564-3 0  9996
2 47499  97.4959 229.0773 0012731 102.4320 257.8337 15.12841690 21942
1 47499U 21006CQ  21168.15176653  .00001909  00000-0  11210-3 0  9991
2 47499  97.4958 229.4672 0012743 101.2873 258.9791 15.12843545 22001
1 47499U 21006CQ  21168.68090807  .00001742  00000-0  10264-3 0  9998
2 47499  97.4958 229.9873 0012732  99.7312 260.5358 15.12844472 22082
1 47499U 21006CQ  21169.14390605  .00001723  00000-0  10153-3 0  9995
2 47499  97.4957 230.4423 0012748  98.2958 261.9719 15.12846036 22158
1 47499U 21006CQ  21169.60690300  .00001658  00000-0  97830-4 0  9996
2 47499  97.4958 230.8974 0012770  96.9391 263.3293 15.12847587 22228
1 47499U 21006CQ  21170.06989905  .00001676  00000-0  98867-4 0  9991
2 47499  97.4957 231.3525 0012761  95.5667 264.7020 15.12849651 22290
1 47499U 21006CQ  21170.73132270  .00001522  00000-0  90126-4 0  9990
2 47499  97.4957 232.0024 0012748  93.6288 266.6401 15.12850951 22395
1 47499U 21006CQ  21171.06203422  .00001453  00000-0  86218-4 0  9995
2 47499  97.4957 232.3276 0012765  92.4961 267.7732 15.12851608 22446
1 47499U 21006CQ  21171.12817660  .00001415  00000-0  84022-4 0  9996
2 47499  97.4957 232.3925 0012772  92.3087 267.9607 15.12851572 22457
1 47499U 21006CQ  21172.12031053  .00001204  00000-0  72087-4 0  9995
2 47499  97.4956 233.3675 0012790  89.4325 270.8372 15.12852991 22606
1 47499U 21006CQ  21173.04629926  .00001282  00000-0  76493-4 0  9990
2 47499  97.4956 234.2777 0012767  86.6290 273.6401 15.12856062 22745
1 47499U 21006CQ  21173.64157665  .00001422  00000-0  84426-4 0  9993
2 47499  97.4956 234.8626 0012764  84.8561 275.4127 15.12858605 22832
1 47499U 21006CQ  21174.43527868  .00001501  00000-0  88918-4 0  9995
2 47499  97.4956 235.6426 0012718  82.6071 277.6605 15.12861422 22959
1 47499U 21006CQ  21174.69984541  .00001550  00000-0  91701-4 0  9996
2 47499  97.4956 235.9027 0012729  81.7093 278.5581 15.12862665 22992
1 47499U 21006CQ  21175.42740401  .00001544  00000-0  91344-4 0  9999
2 47499  97.4956 236.6177 0012684  79.4414 280.8245 15.12864926 23106
1 47499U 21006CQ  21175.69197039  .00001518  00000-0  89884-4 0  9998
2 47499  97.4956 236.8778 0012666  78.6544 281.6109 15.12865687 23147
1 47499U 21006CQ  21176.41952746  .00001585  00000-0  93664-4 0  9998
2 47499  97.4956 237.5928 0012660  76.4787 283.7853 15.12868371 23255
1 47499U 21006CQ  21176.75023541  .00001486  00000-0  88044-4 0  9993
2 47499  97.4955 237.9179 0012606  75.4735 284.7893 15.12868734 23302
1 47499U 21006CQ  21177.08094311  .00001417  00000-0  84096-4 0  9990
2 47499  97.4955 238.2428 0012603  74.4866 285.7755 15.12869278 23351
1 47499U 21006CQ  21177.41165072  .00001391  00000-0  82632-4 0  9995
2 47499  97.4955 238.5678 0012606  73.5047 286.7568 15.12869998 23403
1 47499U 21006CQ  21177.67621645  .00001349  00000-0  80286-4 0  9992
2 47499  97.4955 238.8279 0012575  72.7210 287.5396 15.12870542 23440
1 47499U 21006CQ  21178.13920605  .00001322  00000-0  78717-4 0  9999
2 47499  97.4955 239.2829 0012578  71.3143 288.9452 15.12871712 23515
1 47499U 21006CQ  21178.40377234  .00001228  00000-0  73406-4 0  9998
2 47499  97.4954 239.5429 0012585  70.5220 289.7370 15.12871626 23554
1 47499U 21006CQ  21178.60219621  .00001245  00000-0  74342-4 0  9994
2 47499  97.4955 239.7379 0012564  69.9271 290.3311 15.12872275 23583
1 47499U 21006CQ  21179.13132697  .00001147  00000-0  68776-4 0  9995
2 47499  97.4955 240.2579 0012557  68.2749 291.9817 15.12872927 23667
1 47499U 21006CQ  21179.59431627  .00001138  00000-0  68299-4 0  9990
2 47499  97.4955 240.7129 0012532  66.8760 293.3790 15.12873788 23733
1 47499U 21006CQ  21179.72659856  .00001156  00000-0  69288-4 0  9990
2 47499  97.4955 240.8430 0012525  66.4608 293.7938 15.12874229 23759
1 47499U 21006CQ  21180.12344578  .00001152  00000-0  69091-4 0  9996
2 47499  97.4955 241.2330 0012513  65.2400 295.0131 15.12875079 23818
1 47499U 21006CQ  21180.71871573  .00001345  00000-0  79999-4 0  9993
2 47499  97.4953 241.8179 0012524  63.4556 296.7958 15.12877559 23907
1 47499U 21006CQ  21181.44626658  .00001277  00000-0  76162-4 0  9999
2 47499  97.4955 242.5330 0012355  61.2845 298.9626 15.12879011 24019
1 47499U 21006CQ  21181.57854824  .00001433  00000-0  85000-4 0  9996
2 47499  97.4955 242.6629 0012344  60.9036 299.3429 15.12880268 24031
1 47499U 21006CQ  21182.10767480  .00001534  00000-0  90756-4 0  9993
2 47499  97.4953 243.1829 0012373  59.1878 301.0568 15.12882483 24118
1 47499U 21006CQ  21182.43837898  .00001624  00000-0  95840-4 0  9999
2 47499  97.4952 243.5079 0012388  58.1847 302.0588 15.12883919 24162
1 47499U 21006CQ  21182.70294269  .00001516  00000-0  89701-4 0  9997
2 47499  97.4953 243.7680 0012328  57.2225 303.0192 15.12883926 24202
1 47499U 21006CQ  21183.43049173  .00001395  00000-0  82831-4 0  9992
2 47499  97.4952 244.4829 0012303  55.1087 305.1299 15.12885137 24319
1 47499U 21006CQ  21183.69505455  .00001369  00000-0  81388-4 0  9997
2 47499  97.4952 244.7429 0012273  54.2553 305.9818 15.12885782 24357
1 47499U 21006CQ  21184.42260054  .00001570  00000-0  92747-4 0  9997
2 47499  97.4952 245.4579 0012232  52.0364 308.1970 15.12889329 24469
1 47499U 21006CQ  21184.68716212  .00001636  00000-0  96507-4 0  9998
2 47499  97.4951 245.7178 0012221  51.2820 308.9501 15.12890729 24501
1 47499U 21006CQ  21185.41470644  .00001604  00000-0  94677-4 0  9997
2 47499  97.4951 246.4329 0012161  49.0144 311.2136 15.12893243 24611
1 47499U 21006CQ  21185.74540805  .00001558  00000-0  92066-4 0  9998
2 47499  97.4951 246.7579 0012144  47.9937 312.2326 15.12894199 24667
1 47499U 21006CQ  21186.14225036  .00001501  00000-0  88830-4 0  9991
2 47499  97.4950 247.1479 0012126  46.7972 313.4269 15.12895007 24721
1 47499U 21006CQ  21186.67137289  .00001417  00000-0  84086-4 0  9996
2 47499  97.4951 247.6679 0012083  45.1584 315.0626 15.12896027 24800
1 47499U 21006CQ  21187.13435415  .00001431  00000-0  84868-4 0  9994
2 47499  97.4950 248.1229 0012042  43.7049 316.5133 15.12897491 24873
1 47499U 21006CQ  21187.39891383  .00001538  00000-0  90938-4 0  9995
2 47499  97.4951 248.3829 0012025  42.8729 317.3437 15.12899112 24911
1 47499U 21006CQ  21188.12645336  .00001778  00000-0  10455-3 0  9993
2 47499  97.4950 249.0980 0011995  40.5757 319.6365 15.12902797 25029
1 47499U 21006CQ  21188.72171236  .00001715  00000-0  10098-3 0  9996
2 47499  97.4949 249.6829 0011916  38.6831 321.5251 15.12904639 25112
1 47499U 21006CQ  21189.44925055  .00001622  00000-0  95706-4 0  9999
2 47499  97.4948 250.3979 0011882  36.4214 323.7823 15.12906598 25226
1 47499U 21006CQ  21189.71380990  .00001481  00000-0  87681-4 0  9998
2 47499  97.4948 250.6579 0011820  35.4903 324.7112 15.12906626 25269
1 47499U 21006CQ  21190.11064859  .00001382  00000-0  82064-4 0  9997
2 47499  97.4947 251.0478 0011787  34.2305 325.9684 15.12907234 25326
1 47499U 21006CQ  21190.44134736  .00001240  00000-0  74030-4 0  9992
2 47499  97.4947 251.3728 0011776  33.1860 327.0107 15.12907399 25379
1 47499U 21006CQ  21190.70590624  .00001156  00000-0  69252-4 0  9999
2 47499  97.4947 251.6328 0011720  32.2713 327.9233 15.12907666 25415
1 47499U 21006CQ  21191.16888363  .00001175  00000-0  70348-4 0  9999
2 47499  97.4947 252.0878 0011671  30.7190 329.4722 15.12909092 25489
1 47499U 21006CQ  21191.89641795  .00001256  00000-0  74917-4 0  9991
2 47499  97.4946 252.8027 0011605  28.3449 331.8411 15.12911893 25595
1 47499U 21006CQ  21192.42553314  .00001140  00000-0  68323-4 0  9996
2 47499  97.4947 253.3227 0011543  26.5498 333.6322 15.12913063 25670
1 47499U 21006CQ  21192.69009088  .00001206  00000-0  72106-4 0  9996
2 47499  97.4947 253.5826 0011508  25.6552 334.5248 15.12914246 25715
1 47499U 21006CQ  21193.15306687  .00001146  00000-0  68659-4 0  9994
2 47499  97.4946 254.0376 0011457  24.1516 336.0250 15.12915119 25784
1 47499U 21006CQ  21193.68218182  .00001047  00000-0  63085-4 0  9992
2 47499  97.4947 254.5576 0011405  22.4156 337.7571 15.12915967 25860
1 47499U 21006CQ  21194.14515741  .00000942  00000-0  57091-4 0  9998
2 47499  97.4946 255.0125 0011363  20.9432 339.2263 15.12916400 25934
1 47499U 21006CQ  21194.74041148  .00000870  00000-0  53012-4 0  9998
2 47499  97.4946 255.5975 0011300  18.9810 341.1840 15.12917174 26023
1 47499U 21006CQ  21195.13724694  .00000873  00000-0  53179-4 0  9993
2 47499  97.4946 255.9874 0011239  17.6470 342.5149 15.12918027 26085
1 47499U 21006CQ  21195.73250013  .00000861  00000-0  52498-4 0  9998
2 47499  97.4945 256.5725 0011217  15.8449 344.3131 15.12919080 26179
1 47499U 21006CQ  21196.12933449  .00000998  00000-0  60271-4 0  9992
2 47499  97.4944 256.9624 0011173  14.4561 345.6988 15.12920783 26234
1 47499U 21006CQ  21196.39389095  .00001001  00000-0  60454-4 0  9992
2 47499  97.4945 257.2224 0011135  13.5325 346.6203 15.12921322 26276
1 47499U 21006CQ  21197.12142090  .00000993  00000-0  60021-4 0  9995
2 47499  97.4944 257.9373 0011073  11.0796 349.0676 15.12922698 26383
1 47499U 21006CQ  21197.71667257  .00000862  00000-0  52593-4 0  9997
2 47499  97.4943 258.5222 0010957   8.9288 351.2136 15.12922978 26470
1 47499U 21006CQ  21198.17964593  .00000861  00000-0  52528-4 0  9998
2 47499  97.4943 258.9772 0010950   7.4602 352.6790 15.12923712 26547
1 47499U 21006CQ  21198.70875789  .00000801  00000-0  49123-4 0  9996
2 47499  97.4943 259.4972 0010881   5.5802 354.5548 15.12924280 26621
1 47499U 21006CQ  21199.10559167  .00000806  00000-0  49376-4 0  9995
2 47499  97.4942 259.8871 0010852   4.2122 355.9199 15.12924971 26681
1 47499U 21006CQ  21199.70084211  .00000760  00000-0  46773-4 0  9991
2 47499  97.4943 260.4720 0010778   2.0520 358.0753 15.12925734 26776
1 47499U 21006CQ  21200.42837010  .00000724  00000-0  44735-4 0  9992
2 47499  97.4942 261.1869 0010735 359.6722   0.4500 15.12926745 26888
1 47499U 21006CQ  21200.69292533  .00000759  00000-0  46702-4 0  9990
2 47499  97.4942 261.4469 0010704 358.7179   1.4023 15.12927474 26925
1 47499U 21006CQ  21201.42045251  .00000732  00000-0  45217-4 0  9996
2 47499  97.4942 262.1618 0010614 356.1361   3.9786 15.12928524 27037
1 47499U 21006CQ  21201.68500785  .00000664  00000-0  41344-4 0  9993
2 47499  97.4942 262.4219 0010602 355.1326   4.9800 15.12928591 27070
1 47499U 21006CQ  21202.41253412  .00000727  00000-0  44931-4 0  9992
2 47499  97.4942 263.1368 0010529 352.5835   7.5238 15.12930118 27181
1 47499U 21006CQ  21202.94164382  .00000742  00000-0  45754-4 0  9998
2 47499  97.4942 263.6568 0010474 350.7814   9.3223 15.12931036 27267
1 47499U 21006CQ  21203.14005985  .00000749  00000-0  46130-4 0  9990
2 47499  97.4942 263.8517 0010455 350.0708  10.0314 15.12931405 27290
1 47499U 21006CQ  21203.40461477  .00000835  00000-0  51012-4 0  9992
2 47499  97.4942 264.1117 0010425 349.1203  10.9801 15.12932168 27338
1 47499U 21006CQ  21203.73530737  .00001037  00000-0  62496-4 0  9997
2 47499  97.4942 264.4367 0010400 347.9888  12.1093 15.12933962 27381
1 47499U 21006CQ  21204.06600028  .00001063  00000-0  63960-4 0  9991
2 47499  97.4942 264.7616 0010369 346.8132  13.2827 15.12934665 27439
1 47499U 21006CQ  21204.72738618  .00001099  00000-0  65986-4 0  9990
2 47499  97.4942 265.4116 0010307 344.4806  15.6107 15.12935842 27532
1 47499U 21006CQ  21205.38877123  .00001083  00000-0  65103-4 0  9992
2 47499  97.4941 266.0615 0010247 342.1093  17.9776 15.12936884 27633
1 47499U 21006CQ  21206.11629379  .00001072  00000-0  64472-4 0  9998
2 47499  97.4940 266.7764 0010183 339.3886  20.6933 15.12938246 27743
1 47499U 21006CQ  21206.44698599  .00001031  00000-0  62124-4 0  9991
2 47499  97.4940 267.1013 0010152 338.1795  21.9002 15.12938572 27795
1 47499U 21006CQ  21206.57926260  .00001048  00000-0  63130-4 0  9990
2 47499  97.4939 267.2313 0010137 337.6720  22.4068 15.12938981 27817
1 47499U 21006CQ  21207.10836900  .00001052  00000-0  63342-4 0  9991
2 47499  97.4939 267.7512 0010098 335.6352  24.4400 15.12940149 27897
1 47499U 21006CQ  21207.70361363  .00000973  00000-0  58834-4 0  9994
2 47499  97.4938 268.3362 0010043 333.3607  26.7107 15.12940960 27984
1 47499U 21006CQ  21208.43113418  .00000953  00000-0  57696-4 0  9994
2 47499  97.4937 269.0510 0009990 330.5784  29.4883 15.12942380 28092
1 47499U 21006CQ  21208.69568691  .00000890  00000-0  54142-4 0  9992
2 47499  97.4937 269.3110 0009965 329.5487  30.5164 15.12942650 28131
1 47499U 21006CQ  21209.15865396  .00000867  00000-0  52810-4 0  9990
2 47499  97.4936 269.7659 0009932 327.7722  32.2901 15.12943540 28203
1 47499U 21006CQ  21209.88617299  .00000832  00000-0  50864-4 0  9996
2 47499  97.4935 270.4808 0009871 324.9941  35.0640 15.12944983 28316
1 47499U 21006CQ  21210.41527749  .00000848  00000-0  51728-4 0  9994
2 47499  97.4935 271.0007 0009828 322.9790  37.0762 15.12946167 28397
1 47499U 21006CQ  21210.74596755  .00000834  00000-0  50978-4 0  9994
2 47499  97.4935 271.3256 0009801 321.7049  38.3485 15.12946815 28443
1 47499U 21006CQ  21211.40734742  .00000835  00000-0  50990-4 0  9993
2 47499  97.4934 271.9754 0009747 319.1678  40.8822 15.12948109 28541
1 47499U 21006CQ  21212.00258892  .00000851  00000-0  51914-4 0  9992
2 47499  97.4934 272.5603 0009701 316.8948  43.1523 15.12949293 28634
1 47499U 21006CQ  21212.53169229  .00000827  00000-0  50565-4 0  9999
2 47499  97.4934 273.0802 0009659 314.8316  45.2129 15.12950067 28715
1 47499U 21006CQ  21213.06079546  .00000798  00000-0  48935-4 0  9995
2 47499  97.4933 273.6001 0009623 312.8217  47.2204 15.12950736 28797
1 47499U 21006CQ  21213.58989836  .00000750  00000-0  46177-4 0  9998
2 47499  97.4933 274.1200 0009581 310.7580  49.2818 15.12951301 28878
1 47499U 21006CQ  21213.92058743  .00000759  00000-0  46681-4 0  9999
2 47499  97.4932 274.4449 0009564 309.4507  50.5877 15.12951851 28926
1 47499U 21006CQ  21214.58196535  .00000697  00000-0  43206-4 0  9995
2 47499  97.4932 275.0947 0009527 306.8038  53.2319 15.12952583 29021
1 47499U 21006CQ  21215.11106721  .00000715  00000-0  44222-4 0  9993
2 47499  97.4931 275.6147 0009502 304.7363  55.2973 15.12953555 29106
1 47499U 21006CQ  21215.64016871  .00000705  00000-0  43635-4 0  9993
2 47499  97.4932 276.1345 0009480 302.5939  57.4377 15.12954439 29185
1 47499U 21006CQ  21216.10313242  .00000679  00000-0  42152-4 0  9990
2 47499  97.4931 276.5894 0009472 300.6751  59.3546 15.12955048 29253
1 47499U 21006CQ  21216.69837099  .00000740  00000-0  45622-4 0  9999
2 47499  97.4931 277.1743 0009450 298.2606  61.7670 15.12956446 29348
1 47499U 21006CQ  21217.42588481  .00000660  00000-0  41061-4 0  9993
2 47499  97.4931 277.8891 0009426 295.3397  64.6857 15.12957160 29452
1 47499U 21006CQ  21218.08726038  .00000661  00000-0  41165-4 0  9994
2 47499  97.4930 278.5389 0009405 292.6716  67.3520 15.12958311 29550
1 47499U 21006CQ  21218.15339815  .00000615  00000-0  38548-4 0  9995
2 47499  97.4930 278.6039 0009402 292.4055  67.6180 15.12958108 29564
1 47499U 21006CQ  21218.55022330  .00000597  00000-0  37525-4 0  9993
2 47499  97.4931 278.9938 0009385 290.7647  69.2579 15.12958683 29629
1 47499U 21006CQ  21219.14546082  .00000528  00000-0  33629-4 0  9999
2 47499  97.4930 279.5787 0009367 288.3671  71.6541 15.12959283 29710
1 47499U 21006CQ  21219.60842287  .00000663  00000-0  41241-4 0  9995
2 47499  97.4930 280.0335 0009351 286.4912  73.5291 15.12960804 29787
1 47499U 21006CQ  21220.13752221  .00000691  00000-0  42817-4 0  9994
2 47499  97.4929 280.5534 0009337 284.3606  75.6588 15.12961795 29863
1 47499U 21006CQ  21221.12958289  .00000546  00000-0  34594-4 0  9998
2 47499  97.4893 281.5272 0009292 281.7841  78.2370 15.12962282 30014
1 47499U 21006CQ  21222.45233008  .00000645  00000-0  40214-4 0  9996
2 47499  97.4927 282.8277 0009303 274.9156  85.1013 15.12964582 30215
1 47499U 21006CQ  21223.44438854  .00000681  00000-0  42244-4 0  9997
2 47499  97.4925 283.8023 0009339 270.7808  89.2353 15.12966257 30369
1 47499U 21006CQ  21223.90734906  .00000628  00000-0  39236-4 0  9993
2 47499  97.4924 284.2572 0009340 268.9356  91.0805 15.12966645 30433
1 47499U 21006CQ  21224.10576031  .00000643  00000-0  40119-4 0  9998
2 47499  97.4924 284.4521 0009357 268.0787  91.9373 15.12967127 30464
1 47499U 21006CQ  21224.43644459  .00000704  00000-0  43588-4 0  9995
2 47499  97.4922 284.7768 0009392 266.6756  93.3400 15.12968400 30515
1 47499U 21006CQ  21225.16395153  .00000872  00000-0  53071-4 0  9994
2 47499  97.4923 285.4919 0009367 264.0086  96.0078 15.12971028 30625
1 47499U 21006CQ  21225.42849958  .00000918  00000-0  55711-4 0  9994
2 47499  97.4923 285.7518 0009370 262.9300  97.0866 15.12971800 30661
1 47499U 21006CQ  21225.56077351  .00000907  00000-0  55092-4 0  9999
2 47499  97.4922 285.8818 0009375 262.3755  97.6411 15.12972054 30683
1 47499U 21006CQ  21226.42055431  .00000796  00000-0  48795-4 0  9998
2 47499  97.4921 286.7264 0009392 258.8416 101.1759 15.12973136 30813
1 47499U 21006CQ  21226.55282813  .00000811  00000-0  49597-4 0  9997
2 47499  97.4921 286.8564 0009405 258.3141 101.7035 15.12973503 30835
1 47499U 21006CQ  21227.41260824  .00000746  00000-0  45940-4 0  9996
2 47499  97.4921 287.7010 0009424 254.8699 105.1490 15.12974716 30965
1 47499U 21006CQ  21227.74329246  .00000768  00000-0  47178-4 0  9995
2 47499  97.4921 288.0259 0009440 253.5671 106.4523 15.12975492 31018
1 47499U 21006CQ  21228.40466097  .00000823  00000-0  50277-4 0  9991
2 47499  97.4921 288.6756 0009435 250.9015 109.1194 15.12976892 31113
1 47499U 21006CQ  21228.73534536  .00000791  00000-0  48495-4 0  9994
2 47499  97.4920 289.0005 0009471 249.5682 110.4533 15.12977140 31162
1 47499U 21006CQ  21229.06602950  .00000746  00000-0  45911-4 0  9997
2 47499  97.4920 289.3252 0009512 248.1724 111.8495 15.12977315 31219
1 47499U 21006CQ  21229.39671395  .00000692  00000-0  42879-4 0  9992
2 47499  97.4920 289.6502 0009492 246.8388 113.1844 15.12977343 31267
1 47499U 21006CQ  21229.59512432  .00000709  00000-0  43860-4 0  9990
2 47499  97.4920 289.8451 0009501 246.0034 114.0203 15.12977711 31294
1 47499U 21006CQ  21230.12421858  .00000658  00000-0  40950-4 0  9992
2 47499  97.4919 290.3649 0009515 243.9420 116.0832 15.12978126 31378
1 47499U 21006CQ  21230.71944944  .00000653  00000-0  40670-4 0  9997
2 47499  97.4918 290.9496 0009540 241.5647 118.4623 15.12978768 31462
1 47499U 21006CQ  21231.44695333  .00000643  00000-0  40095-4 0  9993
2 47499  97.4918 291.6643 0009586 238.6928 121.3365 15.12979579 31572
1 47499U 21006CQ  21231.71149998  .00000665  00000-0  41358-4 0  9991
2 47499  97.4917 291.9241 0009602 237.6660 122.3642 15.12980076 31617
1 47499U 21006CQ  21232.43900304  .00000672  00000-0  41713-4 0  9990
2 47499  97.4916 292.6388 0009654 234.8456 125.1871 15.12981117 31729
1 47499U 21006CQ  21232.57127617  .00000618  00000-0  38702-4 0  9997
2 47499  97.4916 292.7688 0009667 234.3102 125.7230 15.12981079 31744
1 47499U 21006CQ  21233.43105172  .00000699  00000-0  43285-4 0  9996
2 47499  97.4916 293.6133 0009730 231.0220 129.0145 15.12982817 31872
1 47499U 21006CQ  21233.89400719  .00000761  00000-0  46786-4 0  9990
2 47499  97.4915 294.0681 0009763 229.2385 130.7999 15.12983999 31947
1 47499U 21006CQ  21233.96014367  .00000766  00000-0  47069-4 0  9998
2 47499  97.4915 294.1331 0009768 228.9828 131.0559 15.12984148 31957
1 47499U 21006CQ  21234.42309949  .00000730  00000-0  44988-4 0  9991
2 47499  97.4915 294.5879 0009800 227.1967 132.8441 15.12984631 32025
1 47499U 21006CQ  21234.88605475  .00000726  00000-0  44777-4 0  9995
2 47499  97.4914 295.0426 0009832 225.4110 134.6319 15.12985424 32096
1 47499U 21006CQ  21235.54741937  .00000691  00000-0  42828-4 0  9999
2 47499  97.4914 295.6923 0009886 222.8606 137.1856 15.12986289 32199
1 47499U 21006CQ  21235.74582865  .00000688  00000-0  42641-4 0  9993
2 47499  97.4913 295.8872 0009899 222.1058 137.9413 15.12986586 32222
1 47499U 21006CQ  21236.14264697  .00000691  00000-0  42795-4 0  9992
2 47499  97.4912 296.2770 0009931 220.5878 139.4614 15.12987258 32285
1 47499U 21006CQ  21236.60560196  .00000729  00000-0  44934-4 0  9995
2 47499  97.4912 296.7318 0009965 218.7869 141.2648 15.12988051 32352
1 47499U 21006CQ  21236.73787469  .00000733  00000-0  45176-4 0  9997
2 47499  97.4912 296.8617 0009973 218.2896 141.7628 15.12988258 32373
1 47499U 21006CQ  21237.39923799  .00000834  00000-0  50915-4 0  9997
2 47499  97.4911 297.5113 0010022 215.7530 144.3031 15.12989758 32479
1 47499U 21006CQ  21237.59764665  .00000878  00000-0  53368-4 0  9997
2 47499  97.4911 297.7062 0010038 215.0038 145.0535 15.12990365 32504
1 47499U 21006CQ  21237.92832813  .00000861  00000-0  52422-4 0  9997
2 47499  97.4910 298.0310 0010068 213.7724 146.2867 15.12990701 32553
1 47499U 21006CQ  21238.39128224  .00000902  00000-0  54721-4 0  9993
2 47499  97.4909 298.4858 0010104 212.0381 148.0237 15.12991482 32620
1 47499U 21006CQ  21238.72196325  .00000909  00000-0  55152-4 0  9993
2 47499  97.4908 298.8106 0010134 210.8104 149.2533 15.12992057 32677
1 47499U 21006CQ  21239.11878040  .00000909  00000-0  55123-4 0  9996
2 47499  97.4907 299.2004 0010171 209.3708 150.6953 15.12992656 32736
1 47499U 21006CQ  21239.71400580  .00000968  00000-0  58495-4 0  9992
2 47499  97.4906 299.7850 0010226 207.1867 152.8830 15.12993908 32821
1 47499U 21006CQ  21240.11082178  .00001155  00000-0  69043-4 0  9997
2 47499  97.4905 300.1748 0010263 205.7842 154.2879 15.12995775 32880
1 47499U 21006CQ  21240.70604435  .00002116  00000-0  12345-3 0  9998
2 47499  97.4904 300.7594 0010303 203.6826 156.3932 15.13002588 32973
1 47499U 21006CQ  21241.43353844  .00002007  00000-0  11724-3 0  9993
2 47499  97.4903 301.4739 0010380 201.0730 159.0075 15.13004045 33083
1 47499U 21006CQ  21241.89648935  .00001850  00000-0  10836-3 0  9999
2 47499  97.4903 301.9287 0010429 199.4165 160.6670 15.13004376 33156
1 47499U 21006CQ  21242.42557508  .00001854  00000-0  10859-3 0  9993
2 47499  97.4903 302.4483 0010480 197.5157 162.5714 15.13006008 33230
1 47499U 21006CQ  21242.88852734  .00001394  00000-0  82561-4 0  9991
2 47499  97.4902 302.9030 0010534 195.8677 164.2226 15.13004136 33305
1 47499U 21006CQ  21243.15307085  .00001326  00000-0  78701-4 0  9992
2 47499  97.4902 303.1628 0010559 194.9424 165.1497 15.13004274 33345
1 47499U 21006CQ  21243.68215582  .00001325  00000-0  78649-4 0  9990
2 47499  97.4902 303.6825 0010612 193.0383 167.0575 15.13005845 33425
1 47499U 21006CQ  21244.40964847  .00001194  00000-0  71230-4 0  9999
2 47499  97.4902 304.3970 0010682 190.4134 169.6878 15.13006743 33530
1 47499U 21006CQ  21244.74032616  .00001175  00000-0  70130-4 0  9993
2 47499  97.4902 304.7218 0010713 189.2368 170.8667 15.13007533 33582
1 47499U 21006CQ  21245.13713895  .00001180  00000-0  70449-4 0  9991
2 47499  97.4901 305.1115 0010755 187.8643 172.2422 15.13008662 33644
1 47499U 21006CQ  21245.73235885  .00001048  00000-0  62935-4 0  9999
2 47499  97.4901 305.6962 0010818 185.7586 174.3522 15.13009163 33733
1 47499U 21006CQ  21246.12917187  .00000945  00000-0  57143-4 0  9995
2 47499  97.4901 306.0859 0010858 184.3993 175.7144 15.13009371 33796
1 47499U 21006CQ  21246.59211971  .00000976  00000-0  58913-4 0  9994
2 47499  97.4900 306.5406 0010907 182.7853 177.3320 15.13010529 33869
1 47499U 21006CQ  21247.05506695  .00001003  00000-0  60393-4 0  9993
2 47499  97.4899 306.9952 0010952 181.2436 178.8770 15.13011698 33938
1 47499U 21006CQ  21247.65028529  .00001012  00000-0  60934-4 0  9995
2 47499  97.4899 307.5798 0011009 179.1761 180.9490 15.13012807 34021
1 47499U 21006CQ  21248.11323236  .00001020  00000-0  61372-4 0  9996
2 47499  97.4898 308.0345 0011051 177.6527 182.4758 15.13013704 34092
1 47499U 21006CQ  21248.44390845  .00001045  00000-0  62795-4 0  9999
2 47499  97.4897 308.3592 0011085 176.5386 183.5924 15.13014539 34146
1 47499U 21006CQ  21248.64231402  .00001044  00000-0  62746-4 0  9999
2 47499  97.4897 308.5541 0011107 175.8905 184.2420 15.13014982 34170
1 47499U 21006CQ  21249.10526025  .00000999  00000-0  60150-4 0  9994
2 47499  97.4896 309.0088 0011149 174.3988 185.7370 15.13015704 34243
1 47499U 21006CQ  21249.63434135  .00001038  00000-0  62371-4 0  9994
2 47499  97.4895 309.5283 0011202 172.6579 187.4818 15.13017058 34320
1 47499U 21006CQ  21250.42796246  .00001007  00000-0  60594-4 0  9998
2 47499  97.4894 310.3077 0011268 170.0556 190.0901 15.13018553 34446
1 47499U 21006CQ  21250.89090749  .00000970  00000-0  58540-4 0  9990
2 47499  97.4893 310.7624 0011314 168.5487 191.6004 15.13019443 34512
1 47499U 21006CQ  21251.08931249  .00000958  00000-0  57826-4 0  9993
2 47499  97.4893 310.9573 0011335 167.8580 192.2927 15.13019824 34543
1 47499U 21006CQ  21251.55225696  .00001038  00000-0  62346-4 0  9990
2 47499  97.4892 311.4119 0011382 166.3034 193.8508 15.13021394 34619
1 47499U 21006CQ  21251.61839189  .00001031  00000-0  61962-4 0  9991
2 47499  97.4892 311.4769 0011389 166.0729 194.0818 15.13021522 34626
1 47499U 21006CQ  21252.47814524  .00001034  00000-0  62118-4 0  9999
2 47499  97.4891 312.3212 0011470 163.2326 196.9287 15.13023527 34753
1 47499U 21006CQ  21252.80881922  .00000991  00000-0  59698-4 0  9992
2 47499  97.4890 312.6459 0011499 162.1398 198.0239 15.13024095 34803
1 47499U 21006CQ  21253.40403207  .00001127  00000-0  67383-4 0  9997
2 47499  97.4890 313.2304 0011554 160.1786 199.9896 15.13026169 34892
1 47499U 21006CQ  21253.73470551  .00001139  00000-0  68057-4 0  9991
2 47499  97.4889 313.5551 0011587 159.0989 201.0718 15.13027020 34946
1 47499U 21006CQ  21254.39605027  .00001493  00000-0  88066-4 0  9997
2 47499  97.4888 314.2046 0011641 157.0501 203.1252 15.13030937 35040
1 47499U 21006CQ  21254.72672156  .00001663  00000-0  97675-4 0  9996
2 47499  97.4887 314.5292 0011667 155.6538 204.5246 15.13033166 35097
1 47499U 21006CQ  21255.05739355  .00001697  00000-0  99603-4 0  9998
2 47499  97.4886 314.8540 0011695 154.5989 205.5819 15.13034335 35146
1 47499U 21006CQ  21255.38806255  .00002152  00000-0  12531-3 0  9999
2 47499  97.4886 315.1787 0011706 153.6102 206.5727 15.13038545 35194
1 47499U 21006CQ  21255.71873545  .00002703  00000-0  15643-3 0  9991
2 47499  97.4882 315.5034 0011771 152.8256 207.3594 15.13039886 35248
1 47499U 21006CQ  21256.11554007  .00002503  00000-0  14511-3 0  9996
2 47499  97.4882 315.8930 0011812 151.5255 208.6624 15.13041307 35303
1 47499U 21006CQ  21256.71074597  .00002331  00000-0  13538-3 0  9990
2 47499  97.4882 316.4774 0011866 149.6535 210.5385 15.13043990 35399
1 47499U 21006CQ  21257.17368333  .00002077  00000-0  12100-3 0  9996
2 47499  97.4881 316.9319 0011903 148.1055 212.0899 15.13045571 35463
1 47499U 21006CQ  21257.57048629  .00001813  00000-0  10612-3 0  9996
2 47499  97.4882 317.3215 0011929 146.8446 213.3535 15.13046681 35522
1 47499U 21006CQ  21258.43022487  .00001448  00000-0  85471-4 0  9996
2 47499  97.4884 318.1658 0012012 144.1609 216.0430 15.13048978 35659
1 47499U 21006CQ  21258.89316169  .00001559  00000-0  91718-4 0  9993
2 47499  97.4882 318.6204 0011982 142.8454 217.3609 15.13049075 35726
1 47499U 21006CQ  21259.42223116  .00001238  00000-0  73612-4 0  9999
2 47499  97.4880 319.1400 0012029 141.1334 219.0764 15.13049671 35802
1 47499U 21006CQ  21259.55449860  .00001388  00000-0  82103-4 0  9990
2 47499  97.4882 319.2698 0012025 140.8152 219.3952 15.13050480 35828
1 47499U 21006CQ  21260.14970161  .00001152  00000-0  68752-4 0  9993
2 47499  97.4880 319.8543 0012078 138.8822 221.3322 15.13051059 35917
1 47499U 21006CQ  21261.07557136  .00000983  00000-0  59205-4 0  9993
2 47499  97.4879 320.7634 0012153 135.9695 224.2506 15.13052753 36051
1 47499U 21006CQ  21261.40623879  .00001001  00000-0  60211-4 0  9999
2 47499  97.4879 321.0882 0012185 134.9242 225.2980 15.13053665 36108
1 47499U 21006CQ  21262.39824020  .00000890  00000-0  53945-4 0  9990
2 47499  97.4877 322.0622 0012268 131.7674 228.4608 15.13055371 36259
1 47499U 21006CQ  21262.92730671  .00001029  00000-0  61773-4 0  9990
2 47499  97.4876 322.5817 0012294 130.1273 230.1038 15.13057338 36337
1 47499U 21006CQ  21263.39023670  .00001361  00000-0  80529-4 0  9995
2 47499  97.4876 323.0362 0012327 128.6748 231.5588 15.13061084 36400
1 47499U 21006CQ  21263.91930169  .00001402  00000-0  82821-4 0  9996
2 47499  97.4874 323.5556 0012364 127.0026 233.2339 15.13062714 36483
1 47499U 21006CQ  21264.05156782  .00001413  00000-0  83439-4 0  9991
2 47499  97.4873 323.6855 0012368 126.5838 233.6533 15.13063157 36509
1 47499U 21006CQ  21264.11770049  .00001584  00000-0  93089-4 0  9997
2 47499  97.4874 323.7505 0012330 126.4816 233.7553 15.13064347 36513
1 47499U 21006CQ  21264.91129580  .00001648  00000-0  96715-4 0  9993
2 47499  97.4872 324.5297 0012382 123.9739 236.2670 15.13067183 36633
1 47499U 21006CQ  21265.10969091  .00002504  00000-0  14505-3 0  9992
2 47499  97.4898 324.7288 0011692 122.3922 237.8309 15.13070866 36664
1 47499U 21006CQ  21265.10969341  .00001771  00000-0  10367-3 0  9997
2 47499  97.4871 324.7244 0012415 123.2717 236.9705 15.13068830 36661
1 47499U 21006CQ  21265.44035494  .00002310  00000-0  13404-3 0  9992
2 47499  97.4873 325.0493 0012297 122.7685 237.4732 15.13073513 36715
1 47499U 21006CQ  21266.43233751  .00004051  00000-0  23220-3 0  9999
2 47499  97.4870 326.0236 0012372 119.7479 240.4985 15.13086620 36862
1 47499U 21006CQ  21266.76299690  .00004565  00000-0  26114-3 0  9994
2 47499  97.4868 326.3481 0012430 118.5079 241.7406 15.13091262 36918
1 47499U 21006CQ  21267.42431433  .00003657  00000-0  20991-3 0  9999
2 47499  97.4865 326.9975 0012504 116.4164 243.8352 15.13095229 37015
1 47499U 21006CQ  21267.68884148  .00003865  00000-0  22163-3 0  9996
2 47499  97.4865 327.2573 0012479 115.7100 244.5421 15.13097348 37059
1 47499U 21006CQ  21268.08563130  .00003237  00000-0  18622-3 0  9994
2 47499  97.4862 327.6467 0012501 114.4882 245.7654 15.13098388 37114
1 47499U 21006CQ  21268.41628972  .00002678  00000-0  15471-3 0  9994
2 47499  97.4860 327.9715 0012526 113.5228 246.7320 15.13098461 37160
1 47499U 21006CQ  21269.07760538  .00002799  00000-0  16154-3 0  9995
2 47499  97.4861 328.6206 0012451 111.5358 248.7201 15.13101375 37263
1 47499U 21006CQ  21269.40826367  .00002074  00000-0  12065-3 0  9998
2 47499  97.4861 328.9451 0012461 110.7589 249.4978 15.13100006 37311
1 47499U 21006CQ  21269.93731556  .00002112  00000-0  12276-3 0  9998
2 47499  97.4860 329.4644 0012512 109.0711 251.1876 15.13101769 37397
1 47499U 21006CQ  21270.06957853  .00001656  00000-0  97038-4 0  9996
2 47499  97.4859 329.5942 0012515 108.6110 251.6481 15.13100870 37410
1 47499U 21006CQ  21270.59862989  .00001188  00000-0  70691-4 0  9995
2 47499  97.4863 330.1135 0012510 107.0274 253.2329 15.13100840 37490
1 47499U 21006CQ  21271.12767984  .00001576  00000-0  92527-4 0  9997
2 47499  97.4862 330.6329 0012515 105.3620 254.8995 15.13104545 37571
1 47499U 21006CQ  21271.39220506  .00001617  00000-0  94844-4 0  9990
2 47499  97.4862 330.8926 0012526 104.5605 255.7017 15.13105444 37611
1 47499U 21006CQ  21272.45030371  .00001640  00000-0  96138-4 0  9991
2 47499  97.4860 331.9314 0012542 101.3521 258.9120 15.13108622 37770
1 47499U 21006CQ  21273.44226737  .00003504  00000-0  20119-3 0  9990
2 47499  97.4861 332.9051 0012500  98.6730 261.5918 15.13117534 37928
1 47499U 21006CQ  21273.70678961  .00004982  00000-0  28439-3 0  9993
2 47499  97.4862 333.1647 0012568  97.7591 262.5068 15.13122273 37969
1 47499U 21006CQ  21274.56648413  .00004630  00000-0  26454-3 0  9992
2 47499  97.4863 334.0086 0012584  95.1121 265.1546 15.13128886 38097
1 47499U 21006CQ  21274.76487489  .00003891  00000-0  22291-3 0  9991
2 47499  97.4863 334.2034 0012572  94.5148 265.7520 15.13128914 38125
1 47499U 21006CQ  21274.89713524  .00003165  00000-0  18203-3 0  9999
2 47499  97.4863 334.3331 0012577  94.1055 266.1614 15.13128577 38140
1 47499U 21006CQ  21275.22778642  .00002091  00000-0  12151-3 0  9992
2 47499  97.4860 334.6578 0012537  93.0889 267.1777 15.13127321 38194
1 47499U 21006CQ  21275.75682704  .00001519  00000-0  89238-4 0  9998
2 47499  97.4860 335.1772 0012551  91.5683 268.6985 15.13129349 38275
1 47499U 21006CQ  21276.15360722  .00001562  00000-0  91688-4 0  9996
2 47499  97.4859 335.5668 0012549  90.3602 269.9067 15.13131030 38338
1 47499U 21006CQ  21276.41812733  .00001242  00000-0  73674-4 0  9999
2 47499  97.4860 335.8265 0012547  89.5935 270.6734 15.13131017 38372
1 47499U 21006CQ  21276.81490819  .00001597  00000-0  93647-4 0  9995
2 47499  97.4855 336.2159 0012492  88.2606 272.0056 15.13132168 38431
1 47499U 21006CQ  21277.41007751  .00001614  00000-0  94591-4 0  9990
2 47499  97.4854 336.8002 0012486  86.4778 273.7881 15.13134464 38521
1 47499U 21006CQ  21277.54233733  .00001592  00000-0  93357-4 0  9999
2 47499  97.4854 336.9300 0012485  86.0964 274.1694 15.13134813 38542
1 47499U 21006CQ  21277.87298666  .00001531  00000-0  89916-4 0  9990
2 47499  97.4853 337.2546 0012483  85.0885 275.1771 15.13135642 38599
1 47499U 21006CQ  21278.40202494  .00001516  00000-0  89053-4 0  9999
2 47499  97.4853 337.7739 0012479  83.4965 276.7686 15.13137409 38678
1 47499U 21006CQ  21279.06332220  .00001430  00000-0  84254-4 0  9996
2 47499  97.4851 338.4231 0012468  81.4913 278.7731 15.13139050 38778
1 47499U 21006CQ  21279.39397063  .00001392  00000-0  82085-4 0  9995
2 47499  97.4851 338.7477 0012464  80.4992 279.7647 15.13139823 38826
1 47499U 21006CQ  21279.85687741  .00001438  00000-0  84685-4 0  9990
2 47499  97.4850 339.2020 0012457  79.1060 281.1572 15.13141618 38894
1 47499U 21006CQ  21280.12139551  .00001435  00000-0  84478-4 0  9990
2 47499  97.4849 339.4617 0012450  78.3025 281.9603 15.13142429 38930
1 47499U 21006CQ  21280.51817235  .00001509  00000-0  88655-4 0  9998
2 47499  97.4848 339.8511 0012443  77.1063 283.1557 15.13144072 38991
1 47499U 21006CQ  21280.91494866  .00001521  00000-0  89315-4 0  9991
2 47499  97.4847 340.2406 0012426  75.8990 284.3621 15.13145418 39052
1 47499U 21006CQ  21281.31172520  .00001557  00000-0  91373-4 0  9992
2 47499  97.4846 340.6300 0012411  74.6680 285.5922 15.13146701 39115
1 47499U 21006CQ  21281.51011308  .00001521  00000-0  89356-4 0  9999
2 47499  97.4846 340.8248 0012403  74.0818 286.1779 15.13147172 39149
1 47499U 21006CQ  21281.84075944  .00001488  00000-0  87453-4 0  9999
2 47499  97.4845 341.1493 0012385  73.0705 287.1883 15.13148032 39195
1 47499U 21006CQ  21282.17140579  .00001515  00000-0  88991-4 0  9992
2 47499  97.4844 341.4739 0012364  72.0480 288.2098 15.13149133 39245
1 47499U 21006CQ  21282.43592260  .00001493  00000-0  87741-4 0  9996
2 47499  97.4844 341.7335 0012352  71.2469 289.0101 15.13149856 39285
1 47499U 21006CQ  21282.70043908  .00001501  00000-0  88196-4 0  9991
2 47499  97.4843 341.9932 0012334  70.4339 289.8223 15.13150823 39320
1 47499U 21006CQ  21283.49398840  .00001625  00000-0  95180-4 0  9994
2 47499  97.4842 342.7720 0012294  68.0146 292.2390 15.13153876 39444
1 47499U 21006CQ  21283.75850433  .00001629  00000-0  95388-4 0  9998
2 47499  97.4841 343.0317 0012281  67.1851 293.0676 15.13154786 39489
1 47499U 21006CQ  21283.89076204  .00001664  00000-0  97396-4 0  9999
2 47499  97.4841 343.1615 0012273  66.7789 293.4734 15.13155488 39509
1 47499U 21006CQ  21284.41979186  .00001888  00000-0  11000-3 0  9994
2 47499  97.4841 343.6808 0012247  65.1527 295.0976 15.13158977 39582
1 47499U 21006CQ  21284.88269546  .00001590  00000-0  93204-4 0  9994
2 47499  97.4840 344.1351 0012225  63.7558 296.4928 15.13158401 39656
1 47499U 21006CQ  21285.14721051  .00001589  00000-0  93158-4 0  9994
2 47499  97.4839 344.3947 0012213  62.9332 297.3144 15.13159353 39696
1 47499U 21006CQ  21285.41172505  .00001747  00000-0  10201-3 0  9991
2 47499  97.4839 344.6543 0012203  62.1309 298.1156 15.13161226 39735
1 47499U 21006CQ  21286.40365433  .00001860  00000-0  10841-3 0  9991
2 47499  97.4837 345.6278 0012168  59.2148 301.0279 15.13164582 39881
1 47499U 21006CQ  21287.39558128  .00001642  00000-0  96082-4 0  9995
2 47499  97.4837 346.6014 0012116  56.0623 304.1759 15.13167560 40031
1 47499U 21006CQ  21288.12299273  .00001654  00000-0  96755-4 0  9990
2 47499  97.4836 347.3154 0012070  53.7868 306.4477 15.13170164 40145
1 47499U 21006CQ  21288.71814656  .00001677  00000-0  98078-4 0  9998
2 47499  97.4836 347.8995 0012030  51.9251 308.3064 15.13172414 40238
1 47499U 21006CQ  21289.11491563  .00001591  00000-0  93249-4 0  9991
2 47499  97.4835 348.2889 0012008  50.6744 309.5550 15.13173267 40298
1 47499U 21006CQ  21289.44555622  .00001571  00000-0  92110-4 0  9998
2 47499  97.4835 348.6134 0011980  49.6404 310.5871 15.13174266 40348
1 47499U 21006CQ  21290.17296417  .00001519  00000-0  89159-4 0  9995
2 47499  97.4835 349.3274 0011915  47.1600 313.0631 15.13176598 40454
1 47499U 21006CQ  21291.09875341  .00001641  00000-0  96025-4 0  9992
2 47499  97.4834 350.2360 0011831  44.0557 316.1614 15.13180841 40590
1 47499U 21006CQ  21291.42938739  .00002313  00000-0  13382-3 0  9991
2 47499  97.4834 350.5605 0011738  42.9528 317.2618 15.13186959 40644
1 47499U 21006CQ  21291.69389764  .00002731  00000-0  15734-3 0  9995
2 47499  97.4838 350.8202 0011801  42.4192 317.7949 15.13189867 40684
1 47499U 21006CQ  21292.42129933  .00002293  00000-0  13268-3 0  9990
2 47499  97.4834 351.5341 0011745  40.2746 319.9353 15.13191976 40799
1 47499U 21006CQ  21292.68580845  .00001745  00000-0  10184-3 0  9996
2 47499  97.4834 351.7938 0011711  39.3302 320.8777 15.13191676 40836
1 47499U 21006CQ  21293.08257214  .00002031  00000-0  11795-3 0  9990
2 47499  97.4832 352.1832 0011676  38.0692 322.1362 15.13194191 40896
1 47499U 21006CQ  21293.41320872  .00001837  00000-0  10702-3 0  9998
2 47499  97.4831 352.5077 0011669  37.1618 323.0419 15.13194707 40942
1 47499U 21006CQ  21293.74384503  .00001611  00000-0  94309-4 0  9991
2 47499  97.4829 352.8322 0011634  36.0719 324.1294 15.13195039 40994
1 47499U 21006CQ  21294.14060845  .00001429  00000-0  84075-4 0  9992
2 47499  97.4827 353.2216 0011581  34.8181 325.3805 15.13195524 41057
1 47499U 21006CQ  21294.40511835  .00001602  00000-0  93827-4 0  9999
2 47499  97.4827 353.4809 0011560  33.8185 326.3781 15.13195747 41092
1 47499U 21006CQ  21295.13251643  .00001419  00000-0  83520-4 0  9993
2 47499  97.4826 354.1944 0011489  31.5905 328.6014 15.13197457 41201
1 47499U 21006CQ  21295.72766015  .00001333  00000-0  78682-4 0  9990
2 47499  97.4825 354.7785 0011447  29.7749 330.4131 15.13198718 41299
1 47499U 21006CQ  21296.12442181  .00001218  00000-0  72190-4 0  9990
2 47499  97.4823 355.1680 0011419  28.4320 331.7532 15.13199511 41354
1 47499U 21006CQ  21296.71956466  .00001197  00000-0  71015-4 0  9992
2 47499  97.4821 355.7520 0011365  26.4905 333.6905 15.13200821 41440
1 47499U 21006CQ  21297.11632601  .00001173  00000-0  69639-4 0  9992
2 47499  97.4820 356.1413 0011332  25.1810 334.9971 15.13201687 41505
1 47499U 21006CQ  21297.71146760  .00001171  00000-0  69546-4 0  9999
2 47499  97.4819 356.7253 0011275  23.2150 336.9588 15.13203134 41597
1 47499U 21006CQ  21298.17435498  .00001213  00000-0  71906-4 0  9999
2 47499  97.4818 357.1796 0011227  21.6001 338.5701 15.13204489 41664
1 47499U 21006CQ  21299.43076147  .00001474  00000-0  86556-4 0  9997
2 47499  97.4816 358.4124 0011106  17.3295 342.8313 15.13209115 41853
1 47499U 21006CQ  21300.15815316  .00001535  00000-0  90009-4 0  9994
2 47499  97.4815 359.1262 0011037  14.8063 345.3489 15.13211505 41961
1 47499U 21006CQ  21300.75329071  .00001665  00000-0  97323-4 0  9998
2 47499  97.4815 359.7101 0010984  12.7941 347.3567 15.13214062 42052
1 47499U 21006CQ  21301.41455421  .00001753  00000-0  10224-3 0  9993
2 47499  97.4815   0.3590 0010925  10.5182 349.6276 15.13216506 42159
1 47499U 21006CQ  21301.74518533  .00001800  00000-0  10492-3 0  9993
2 47499  97.4814   0.6834 0010898   9.3805 350.7627 15.13217878 42201
1 47499U 21006CQ  21302.40644716  .00002256  00000-0  13050-3 0  9999
2 47499  97.4814   1.3323 0010839   7.1387 352.9997 15.13222408 42308
1 47499U 21006CQ  21302.73707702  .00002443  00000-0  14101-3 0  9996
2 47499  97.4813   1.6567 0010814   6.0706 354.0654 15.13224713 42355
1 47499U 21006CQ  21303.39833730  .00002404  00000-0  13881-3 0  9991
2 47499  97.4813   2.3055 0010749   3.8460 356.2852 15.13226676 42459
1 47499U 21006CQ  21303.66284086  .00002377  00000-0  13731-3 0  9998
2 47499  97.4813   2.5651 0010730   2.9631 357.1662 15.13227515 42499
1 47499U 21006CQ  21304.39022417  .00002410  00000-0  13917-3 0  9991
2 47499  97.4811   3.2787 0010658   0.4469 359.6770 15.13230550 42609
1 47499U 21006CQ  21304.58860159  .00002313  00000-0  13371-3 0  9991
2 47499  97.4810   3.4733 0010638 359.7626   0.3599 15.13230709 42632
1 47499U 21006CQ  21304.72085484  .00002755  00000-0  15854-3 0  9995
2 47499  97.4814   3.6031 0010581 359.3499   0.7716 15.13230283 42654
1 47499U 21006CQ  21305.11760832  .00002712  00000-0  15613-3 0  9992
2 47499  97.4799   3.9910 0010771 356.8565   3.2622 15.13232314 42710
1 47499U 21006CQ  21306.44011591  .00003199  00000-0  18347-3 0  9997
2 47499  97.4812   5.2902 0010421 353.2746   6.8344 15.13240994 42911
1 47499U 21006CQ  21306.57236655  .00003431  00000-0  19647-3 0  9994
2 47499  97.4811   5.4200 0010406 352.8268   7.2812 15.13242356 42931
1 47499U 21006CQ  21307.43199231  .00003819  00000-0  21826-3 0  9990
2 47499  97.4810   6.2635 0010351 349.7702  10.3317 15.13248750 43062
1 47499U 21006CQ  21308.09324012  .00003715  00000-0  21242-3 0  9997
2 47499  97.4807   6.9123 0010287 347.4459  12.6514 15.13252929 43167
1 47499U 21006CQ  21308.42386140  .00004780  00000-0  27213-3 0  9991
2 47499  97.4806   7.2367 0010250 346.3029  13.7923 15.13259485 43217
1 47499U 21006CQ  21308.55610644  .00008766  00000-0  49558-3 0  9998
2 47499  97.4806   7.3665 0010240 345.8167  14.2775 15.13274792 43236
1 47499U 21006CQ  21309.15123328  .00002994  00000-0  17189-3 0  9995
2 47499  97.4803   7.9504 0010183 343.6182  16.4719 15.13257533 43326
1 47499U 21006CQ  21309.41573128  .00002657  00000-0  15292-3 0  9990
2 47499  97.4803   8.2100 0010148 342.6706  17.4177 15.13257920 43367
1 47499U 21006CQ  21309.87860177  .00002501  00000-0  14419-3 0  9991
2 47499  97.4801   8.6642 0010111 341.0001  19.0852 15.13260161 43438
1 47499U 21006CQ  21310.14309885  .00002362  00000-0  13636-3 0  9992
2 47499  97.4800   8.9237 0010090 339.9994  20.0840 15.13261320 43474
1 47499U 21006CQ  21310.73821666  .00002141  00000-0  12394-3 0  9998
2 47499  97.4799   9.5076 0010036 337.8282  22.2514 15.13263924 43560
1 47499U 21006CQ  21311.13496034  .00002316  00000-0  13376-3 0  9995
2 47499  97.4797   9.8967 0010042 336.0241  24.0522 15.13267034 43625
1 47499U 21006CQ  21311.59782798  .00002160  00000-0  12500-3 0  9995
2 47499  97.4795  10.3508 0009991 334.3735  25.6999 15.13269123 43694
1 47499U 21006CQ  21312.06069163  .00002485  00000-0  14320-3 0  9994
2 47499  97.4795  10.8051 0009952 332.4152  27.6550 15.13274340 43761
1 47499U 21006CQ  21312.58967833  .00003344  00000-0  19143-3 0  9995
2 47499  97.4791  11.3239 0009918 330.6837  29.3836 15.13281441 43848
1 47499U 21006CQ  21313.11866434  .00003446  00000-0  19712-3 0  9995
2 47499  97.4791  11.8430 0009885 328.4874  31.5764 15.13285886 43926
1 47499U 21006CQ  21313.44927989  .00003563  00000-0  20369-3 0  9994
2 47499  97.4788  12.1672 0009861 327.2698  32.7921 15.13288779 43976
1 47499U 21006CQ  21313.58152602  .00003455  00000-0  19761-3 0  9995
2 47499  97.4789  12.2968 0009791 327.0374  33.0246 15.13289722 43992
1 47499U 21006CQ  21314.04438658  .00003539  00000-0  20230-3 0  9991
2 47499  97.4789  12.7510 0009739 325.2297  34.8297 15.13293427 44067
1 47499U 21006CQ  21314.44112334  .00003704  00000-0  21155-3 0  9996
2 47499  97.4791  13.1401 0009740 323.9237  36.1336 15.13296905 44125
1 47499U 21006CQ  21315.43296504  .00002473  00000-0  14245-3 0  9992
2 47499  97.4790  14.1129 0009726 319.9574  40.0939 15.13299011 44275
1 47499U 21006CQ  21315.76357826  .00002135  00000-0  12349-3 0  9991
2 47499  97.4791  14.4373 0009680 318.5870  41.4627 15.13299727 44322
1 47499U 21006CQ  21316.55704962  .00001542  00000-0  90194-4 0  9992
2 47499  97.4792  15.2157 0009618 315.5955  44.4504 15.13301361 44442
1 47499U 21006CQ  21316.88766233  .00001217  00000-0  71941-4 0  9995
2 47499  97.4792  15.5402 0009595 314.2796  45.7647 15.13301498 44499
1 47499U 21006CQ  21317.08602984  .00001185  00000-0  70144-4 0  9998
2 47499  97.4792  15.7348 0009595 313.4812  46.5620 15.13302086 44528
1 47499U 21006CQ  21317.54888649  .00001589  00000-0  92858-4 0  9997
2 47499  97.4793  16.1888 0009558 311.7000  48.3413 15.13305090 44597
1 47499U 21006CQ  21317.74725366  .00001613  00000-0  94187-4 0  9990
2 47499  97.4793  16.3834 0009517 311.0690  48.9718 15.13305818 44629
1 47499U 21006CQ  21318.14398832  .00001801  00000-0  10472-3 0  9992
2 47499  97.4791  16.7729 0009520 309.5047  50.5342 15.13307093 44681
1 47499U 21006CQ  21318.60684317  .00001841  00000-0  10698-3 0  9993
2 47499  97.4791  17.2269 0009505 307.6254  52.4114 15.13309847 44753
1 47499U 21006CQ  21318.93745467  .00001628  00000-0  94997-4 0  9991
2 47499  97.4791  17.5513 0009511 306.2597  53.7755 15.13309742 44805
1 47499U 21006CQ  21319.40031049  .00001758  00000-0  10228-3 0  9996
2 47499  97.4790  18.0054 0009442 304.5397  55.4942 15.13311839 44876
1 47499U 21006CQ  21319.59867669  .00001805  00000-0  10495-3 0  9990
2 47499  97.4791  18.2000 0009445 303.7714  56.2617 15.13312772 44906
1 47499U 21006CQ  21319.73092115  .00001757  00000-0  10222-3 0  9996
2 47499  97.4792  18.3298 0009476 303.1776  56.8546 15.13312828 44924
1 47499U 21006CQ  21320.39214138  .00001906  00000-0  11059-3 0  9996
2 47499  97.4790  18.9784 0009431 300.5824  59.4476 15.13315856 45021
1 47499U 21006CQ  21320.72275157  .00001844  00000-0  10711-3 0  9996
2 47499  97.4790  19.3028 0009429 299.2948  60.7341 15.13316538 45074
1 47499U 21006CQ  21321.38397146  .00001572  00000-0  91842-4 0  9995
2 47499  97.4789  19.9515 0009395 296.6144  63.4125 15.13317218 45177
1 47499U 21006CQ  21321.91294656  .00001552  00000-0  90746-4 0  9996
2 47499  97.4788  20.4705 0009372 294.4821  65.5432 15.13318731 45251
1 47499U 21006CQ  21322.44192092  .00001373  00000-0  80665-4 0  9996
2 47499  97.4785  20.9894 0009401 292.4800  67.5436 15.13319575 45332
1 47499U 21006CQ  21322.57416527  .00001248  00000-0  73693-4 0  9996
2 47499  97.4786  21.1190 0009362 291.8729  68.1507 15.13319072 45354
1 47499U 21006CQ  21323.43374838  .00001203  00000-0  71168-4 0  9996
2 47499  97.4784  21.9623 0009330 288.3279  71.6937 15.13321074 45482
1 47499U 21006CQ  21323.89660014  .00001111  00000-0  65963-4 0  9994
2 47499  97.4782  22.4164 0009315 286.4674  73.5534 15.13321825 45553
1 47499U 21006CQ  21324.42557300  .00001236  00000-0  73011-4 0  9998
2 47499  97.4781  22.9354 0009327 284.2880  75.7316 15.13323951 45639
1 47499U 21006CQ  21324.62393769  .00001234  00000-0  72878-4 0  9995
2 47499  97.4781  23.1299 0009313 283.4839  76.5354 15.13324537 45665
1 47499U 21006CQ  21324.88842376  .00001200  00000-0  70953-4 0  9991
2 47499  97.4781  23.3894 0009308 282.4463  77.5726 15.13325127 45709
1 47499U 21006CQ  21325.08678812  .00001224  00000-0  72334-4 0  9997
2 47499  97.4780  23.5840 0009319 281.6967  78.3218 15.13325890 45738
1 47499U 21006CQ  21328.06224534  .00001453  00000-0  85118-4 0  9994
2 47499  97.4776  26.5027 0009263 269.6853  90.3317 15.13336354 46182
1 47499U 21006CQ  21328.39285068  .00001429  00000-0  83781-4 0  9996
2 47499  97.4774  26.8269 0009248 268.3183  91.6989 15.13337229 46233
1 47499U 21006CQ  21329.45078612  .00001495  00000-0  87476-4 0  9997
2 47499  97.4774  27.8646 0009277 264.1294  95.8880 15.13340797 46399
1 47499U 21006CQ  21329.58302773  .00001564  00000-0  91359-4 0  9991
2 47499  97.4774  27.9943 0009276 263.5957  96.4218 15.13341643 46414
1 47499U 21006CQ  21330.44259783  .00001772  00000-0  10298-3 0  9993
2 47499  97.4773  28.8375 0009308 260.1969  99.8211 15.13345578 46549
1 47499U 21006CQ  21330.64095971  .00001848  00000-0  10725-3 0  9991
2 47499  97.4774  29.0322 0009318 259.4355 100.5827 15.13346733 46576
1 47499U 21006CQ  21331.56664806  .00001945  00000-0  11268-3 0  9993
2 47499  97.4772  29.9400 0009354 255.7419 104.2774 15.13350534 46712
1 47499U 21006CQ  21332.09561206  .00001724  00000-0  10026-3 0  9998
2 47499  97.4771  30.4589 0009376 253.6273 106.3927 15.13351238 46798
1 47499U 21006CQ  21332.42621366  .00001983  00000-0  11478-3 0  9998
2 47499  97.4771  30.7832 0009380 252.3033 107.7174 15.13353992 46841
1 47499U 21006CQ  21332.88905668  .00001775  00000-0  10312-3 0  9993
2 47499  97.4771  31.2372 0009409 250.4613 109.5602 15.13354435 46918
1 47499U 21006CQ  21333.41801839  .00001993  00000-0  11534-3 0  9997
2 47499  97.4770  31.7560 0009414 248.2453 111.7777 15.13357785 46991
1 47499U 21006CQ  21334.14534104  .00001809  00000-0  10505-3 0  9999
2 47499  97.4769  32.4694 0009450 245.4421 114.5826 15.13359370 47101
1 47499U 21006CQ  21334.54206184  .00001811  00000-0  10516-3 0  9992
2 47499  97.4770  32.8586 0009477 243.8884 116.1373 15.13360809 47161
1 47499U 21006CQ  21335.40162113  .00002150  00000-0  12411-3 0  9994
2 47499  97.4768  33.7016 0009501 240.4821 119.5463 15.13366046 47298
1 47499U 21006CQ  21335.59998160  .00001886  00000-0  10934-3 0  9996
2 47499  97.4769  33.8962 0009517 239.7092 120.3198 15.13365151 47323
1 47499U 21006CQ  21336.12894103  .00001853  00000-0  10748-3 0  9995
2 47499  97.4767  34.4150 0009527 237.5468 122.4843 15.13366744 47409
1 47499U 21006CQ  21336.59177992  .00001850  00000-0  10730-3 0  9994
2 47499  97.4766  34.8690 0009556 235.7313 124.3014 15.13368274 47470
1 47499U 21006CQ  21337.12073783  .00001686  00000-0  98116-4 0  9999
2 47499  97.4765  35.3877 0009588 233.6859 126.3487 15.13369232 47559
1 47499U 21006CQ  21337.45133651  .00001702  00000-0  99006-4 0  9994
2 47499  97.4764  35.7120 0009606 232.4353 127.6006 15.13370350 47600
1 47499U 21006CQ  21337.58357574  .00001682  00000-0  97878-4 0  9992
2 47499  97.4764  35.8417 0009613 231.8738 128.1628 15.13370743 47622
1 47499U 21006CQ  21338.11253204  .00001752  00000-0  10178-3 0  9992
2 47499  97.4763  36.3605 0009643 229.7664 130.2725 15.13373099 47701
1 47499U 21006CQ  21338.44312975  .00001711  00000-0  99495-4 0  9994
2 47499  97.4763  36.6847 0009669 228.4891 131.5512 15.13374008 47752
1 47499U 21006CQ  21338.90596659  .00001394  00000-0  81708-4 0  9993
2 47499  97.4761  37.1386 0009706 226.7361 133.3061 15.13373770 47821
1 47499U 21006CQ  21339.56716039  .00001453  00000-0  85048-4 0  9999
2 47499  97.4761  37.7871 0009764 224.2781 135.7670 15.13376459 47929
1 47499U 21006CQ  21339.76551842  .00001431  00000-0  83765-4 0  9990
2 47499  97.4760  37.9817 0009778 223.5503 136.4957 15.13377015 47957
1 47499U 21006CQ  21339.89775690  .00001428  00000-0  83634-4 0  9994
2 47499  97.4760  38.1114 0009793 223.0407 137.0060 15.13377506 47974
1 47499U 21006CQ  21340.42671123  .00001366  00000-0  80158-4 0  9990
2 47499  97.4759  38.6301 0009833 221.0359 139.0133 15.13378960 48052
1 47499U 21006CQ  21340.88954588  .00001305  00000-0  76747-4 0  9991
2 47499  97.4758  39.0841 0009873 219.3085 140.7430 15.13380187 48126
1 47499U 21006CQ  21341.15402262  .00001275  00000-0  75023-4 0  9991
2 47499  97.4758  39.3435 0009891 218.3241 141.7288 15.13380913 48164
1 47499U 21006CQ  21341.41849930  .00001216  00000-0  71715-4 0  9996
2 47499  97.4758  39.6029 0009913 217.3054 142.7490 15.13381439 48207
1 47499U 21006CQ  21342.47640533  .00001051  00000-0  62492-4 0  9990
2 47499  97.4757  40.6404 0009997 213.3021 146.7583 15.13383658 48366
1 47499U 21006CQ  21342.87311969  .00000940  00000-0  56297-4 0  9994
2 47499  97.4757  41.0295 0010035 211.9190 148.1434 15.13384117 48424
1 47499U 21006CQ  21343.66654791  .00000950  00000-0  56809-4 0  9995
2 47499  97.4757  41.8076 0010094 208.9153 151.1520 15.13386095 48549
1 47499U 21006CQ  21344.59221329  .00000929  00000-0  55626-4 0  9997
2 47499  97.4756  42.7154 0010172 205.5184 154.5547 15.13387922 48680
1 47499U 21006CQ  21344.92280791  .00000796  00000-0  48198-4 0  9990
2 47499  97.4755  43.0396 0010203 204.3416 155.7335 15.13387812 48733
1 47499U 21006CQ  21345.12116459  .00000791  00000-0  47926-4 0  9995
2 47499  97.4755  43.2342 0010219 203.6396 156.4367 15.13388174 48760
1 47499U 21006CQ  21345.45175888  .00000917  00000-0  54955-4 0  9992
2 47499  97.4755  43.5584 0010244 202.4457 157.6327 15.13389463 48811
1 47499U 21006CQ  21345.91459083  .00000743  00000-0  45223-4 0  9990
2 47499  97.4754  44.0123 0010292 200.7582 159.3232 15.13389363 48888
1 47499U 21006CQ  21346.44354118  .00000881  00000-0  52951-4 0  9991
2 47499  97.4754  44.5310 0010335 198.8846 161.2004 15.13391076 48961
1 47499U 21006CQ  21346.90637242  .00000789  00000-0  47794-4 0  9990
2 47499  97.4754  44.9850 0010384 197.2307 162.8574 15.13391459 49036
1 47499U 21006CQ  21347.17084738  .00000869  00000-0  52295-4 0  9997
2 47499  97.4754  45.2443 0010406 196.3319 163.7579 15.13392370 49078
1 47499U 21006CQ  21347.89815290  .00000851  00000-0  51283-4 0  9998
2 47499  97.4753  45.9576 0010476 193.7994 166.2953 15.13393651 49187
1 47499U 21006CQ  21348.16262758  .00000841  00000-0  50711-4 0  9998
2 47499  97.4753  46.2170 0010499 192.8696 167.2268 15.13394090 49228
1 47499U 21006CQ  21348.55933915  .00000989  00000-0  58993-4 0  9994
2 47499  97.4753  46.6060 0010541 191.4337 168.6657 15.13395711 49289
1 47499U 21006CQ  21349.41888052  .00000978  00000-0  58379-4 0  9997
2 47499  97.4752  47.4490 0010627 188.4028 171.7027 15.13397384 49411
1 47499U 21006CQ  21349.94782756  .00001206  00000-0  71119-4 0  9991
2 47499  97.4751  47.9677 0010674 186.5383 173.5711 15.13400029 49496
1 47499U 21006CQ  21350.47677497  .00001153  00000-0  68145-4 0  9992
2 47499  97.4751  48.4864 0010726 184.6735 175.4398 15.13400937 49577
1 47499U 21006CQ  21350.60901136  .00001298  00000-0  76284-4 0  9990
2 47499  97.4750  48.6161 0010734 184.2251 175.8892 15.13402144 49593
1 47499U 21006CQ  21351.66690409  .00001415  00000-0  82832-4 0  9992
2 47499  97.4749  49.6535 0010827 180.5408 179.5813 15.13405297 49757
1 47499U 21006CQ  21352.39420364  .00001632  00000-0  94923-4 0  9999
2 47499  97.4747  50.3668 0010888 178.0007 182.1270 15.13408374 49863
1 47499U 21006CQ  21352.72479378  .00001802  00000-0  10443-3 0  9998
2 47499  97.4747  50.6909 0010912 176.8906 183.2395 15.13410240 49917
1 47499U 21006CQ  21352.92314784  .00001754  00000-0  10177-3 0  9999
2 47499  97.4746  50.8855 0010931 176.2155 183.9161 15.13410527 49948
1 47499U 21006CQ  21353.45209139  .00001953  00000-0  11286-3 0  9998
2 47499  97.4745  51.4042 0010976 174.4236 185.7120 15.13413198 50024
1 47499U 21006CQ  21353.71656282  .00002055  00000-0  11855-3 0  9998
2 47499  97.4744  51.6635 0011000 173.5031 186.6345 15.13414600 50067
1 47499U 21006CQ  21354.11326810  .00002436  00000-0  13989-3 0  9997
2 47499  97.4743  52.0526 0011031 172.1986 187.9419 15.13418468 50127
1 47499U 21006CQ  21354.70832910  .00003205  00000-0  18287-3 0  9996
2 47499  97.4742  52.6363 0011149 170.1398 190.0054 15.13421121 50216
1 47499U 21006CQ  21355.17115101  .00003240  00000-0  18480-3 0  9998
2 47499  97.4740  53.0901 0011187 168.6163 191.5324 15.13424118 50283
1 47499U 21006CQ  21355.63397214  .00002983  00000-0  17042-3 0  9992
2 47499  97.4739  53.5439 0011231 167.0756 193.0765 15.13426309 50351
1 47499U 21006CQ  21356.42737748  .00003014  00000-0  17210-3 0  9993
2 47499  97.4737  54.3218 0011303 164.4103 195.7478 15.13431666 50475
1 47499U 21006CQ  21356.69184508  .00003061  00000-0  17471-3 0  9993
2 47499  97.4736  54.5811 0011310 163.6412 196.5187 15.13433738 50510
1 47499U 21006CQ  21357.41913015  .00002979  00000-0  17012-3 0  9995
2 47499  97.4735  55.2942 0011361 161.2582 198.9070 15.13438236 50627
1 47499U 21006CQ  21357.68359699  .00002955  00000-0  16879-3 0  9990
2 47499  97.4735  55.5536 0011386 160.3675 199.7997 15.13439851 50664
1 47499U 21006CQ  21358.47699605  .00002797  00000-0  15993-3 0  9992
2 47499  97.4734  56.3314 0011447 157.7666 202.4064 15.13443973 50784
1 47499U 21006CQ  21358.67534553  .00002772  00000-0  15854-3 0  9993
2 47499  97.4735  56.5259 0011462 157.1074 203.0670 15.13445006 50812
1 47499U 21006CQ  21359.60097468  .00002874  00000-0  16418-3 0  9996
2 47499  97.4735  57.4336 0011543 154.1146 206.0665 15.13450155 50958
1 47499U 21006CQ  21359.66709087  .00002893  00000-0  16522-3 0  9996
2 47499  97.4735  57.4984 0011556 153.8644 206.3173 15.13450605 50968
1 47499U 21006CQ  21360.12990413  .00002782  00000-0  15906-3 0  9996
2 47499  97.4735  57.9522 0011589 152.3748 207.8101 15.13452657 51031
1 47499U 21006CQ  21360.39436864  .00002806  00000-0  16036-3 0  9992
2 47499  97.4736  58.2116 0011612 151.5010 208.6858 15.13454005 51076
1 47499U 21006CQ  21360.72494888  .00002781  00000-0  15897-3 0  9995
2 47499  97.4736  58.5357 0011635 150.4833 209.7058 15.13455595 51127
1 47499U 21006CQ  21361.45222371  .00003002  00000-0  17130-3 0  9991
2 47499  97.4737  59.2489 0011692 148.1776 212.0164 15.13460072 51238
1 47499U 21006CQ  21361.71668675  .00003023  00000-0  17246-3 0  9992
2 47499  97.4736  59.5083 0011730 147.3111 212.8848 15.13461661 51273
1 47499U 21006CQ  21362.11338031  .00003339  00000-0  19008-3 0  9995
2 47499  97.4736  59.8972 0011753 146.0444 214.1541 15.13465148 51339
1 47499U 21006CQ  21362.70841997  .00003197  00000-0  18214-3 0  9990
2 47499  97.4737  60.4807 0011808 144.1639 216.0387 15.13468359 51427
1 47499U 21006CQ  21363.56791892  .00002870  00000-0  16384-3 0  9996
2 47499  97.4737  61.3236 0011874 141.4666 218.7415 15.13472877 51551
1 47499U 21006CQ  21363.70014930  .00002809  00000-0  16046-3 0  9990
2 47499  97.4737  61.4533 0011878 141.0460 219.1630 15.13473520 51576
1 47499U 21006CQ  21364.16295483  .00002595  00000-0  14850-3 0  9998
2 47499  97.4736  61.9071 0011905 139.6401 220.5716 15.13475870 51645
1 47499U 21006CQ  21364.55964489  .00002290  00000-0  13146-3 0  9999
2 47499  97.4735  62.2961 0011941 138.3495 221.8648 15.13477348 51702
1 47499U 21006CQ  21364.69187480  .00002241  00000-0  12874-3 0  9995
2 47499  97.4735  62.4258 0011935 137.9410 222.2740 15.13477950 51727
1 47499U 21006CQ  21365.61748341  .00001599  00000-0  92885-4 0  9993
2 47499  97.4732  63.3334 0011994 134.9970 225.2235 15.13480617 51863
1 47499U 21006CQ  21365.74971303  .00001576  00000-0  91584-4 0  9993
2 47499  97.4732  63.4630 0012007 134.5983 225.6230 15.13481092 51888
1 47499U 21006CQ  22001.60920463  .00001740  00000-0  10072-3 0  9992
2 47499  97.4731  64.3058 0012059 131.9249 228.3013 15.13485036 52011
1 47499U 21006CQ  22001.80754869  .00001724  00000-0  99833-4 0  9994
2 47499  97.4730  64.5003 0012064 131.3302 228.8970 15.13485602 52041

