1 47688U 21006EP  21048.42706740  .00000440  00000-0  29888-4 0  9994
2 47688  97.5100 111.7043 0012930 139.9398 220.2788 15.11278844  4870
1 47688U 21006EP  21049.42023308  .00000347  00000-0  24374-4 0  9998
2 47688  97.5100 112.6798 0013001 136.8278 223.3974 15.11279662  5028
1 47688U 21006EP  21049.81749922  .00000325  00000-0  23066-4 0  9991
2 47688  97.5099 113.0700 0013031 135.5616 224.6661 15.11280010  5080
1 47688U 21006EP  21049.94992120  .00000331  00000-0  23454-4 0  9993
2 47688  97.5099 113.2001 0013041 135.1392 225.0895 15.11280198  5108
1 47688U 21006EP  21050.41339825  .00000323  00000-0  22959-4 0  9994
2 47688  97.5099 113.6553 0013075 133.6664 226.5653 15.11280627  5178
1 47688U 21006EP  21051.14171902  .00000348  00000-0  24427-4 0  9994
2 47688  97.5098 114.3706 0013126 131.3700 228.8661 15.11281427  5283
1 47688U 21006EP  21051.40656262  .00000388  00000-0  26820-4 0  9993
2 47688  97.5097 114.6306 0013147 130.5318 229.7059 15.11281928  5322
1 47688U 21006EP  21051.60519540  .00000418  00000-0  28564-4 0  9993
2 47688  97.5097 114.8257 0013163 129.9133 230.3256 15.11282278  5353
1 47688U 21006EP  21052.39972488  .00000659  00000-0  42862-4 0  9998
2 47688  97.5097 115.6060 0013186 127.4846 232.7585 15.11284653  5476
1 47688U 21006EP  21052.59835721  .00000725  00000-0  46787-4 0  9992
2 47688  97.5096 115.8011 0013231 126.7948 233.4498 15.11285307  5501
1 47688U 21006EP  21053.39288621  .00000870  00000-0  55406-4 0  9991
2 47688  97.5094 116.5814 0013277 124.2943 235.9546 15.11287155  5623
1 47688U 21006EP  21053.65772899  .00000911  00000-0  57841-4 0  9996
2 47688  97.5094 116.8415 0013293 123.4749 236.7754 15.11287788  5662
1 47688U 21006EP  21053.72393867  .00001011  00000-0  63780-4 0  9999
2 47688  97.5094 116.9066 0013322 123.2030 237.0479 15.11288743  5670
1 47688U 21006EP  21054.45225498  .00001058  00000-0  66529-4 0  9999
2 47688  97.5092 117.6216 0013288 121.1459 239.1076 15.11290342  5782
1 47688U 21006EP  21054.91572797  .00001245  00000-0  77639-4 0  9999
2 47688  97.5090 118.0768 0013293 119.6111 240.6445 15.11292500  5853
1 47688U 21006EP  21056.43856591  .00001313  00000-0  81639-4 0  9996
2 47688  97.5086 119.5722 0013336 115.0448 245.2168 15.11296857  6083
1 47688U 21006EP  21056.63719667  .00001224  00000-0  76358-4 0  9993
2 47688  97.5086 119.7673 0013331 114.4902 245.7719 15.11296947  6114
1 47688U 21006EP  21057.43171959  .00001099  00000-0  68940-4 0  9996
2 47688  97.5085 120.5475 0013341 111.9325 248.3324 15.11298327  6233
1 47688U 21006EP  21057.63035018  .00001070  00000-0  67254-4 0  9999
2 47688  97.5084 120.7426 0013357 111.3218 248.9440 15.11298715  6261
1 47688U 21006EP  21058.42487273  .00000852  00000-0  54286-4 0  9999
2 47688  97.5081 121.5225 0013444 109.0196 251.2492 15.11299276  6380
1 47688U 21006EP  21058.68971351  .00000724  00000-0  46699-4 0  9999
2 47688  97.5082 121.7829 0013340 108.3019 251.9664 15.11299064  6422
1 47688U 21006EP  21058.88834412  .00000609  00000-0  39924-4 0  9992
2 47688  97.5080 121.9779 0013391 107.7066 252.5627 15.11298843  6450
1 47688U 21006EP  21059.41802497  .00000585  00000-0  38449-4 0  9994
2 47688  97.5081 122.4981 0013376 106.0966 254.1738 15.11299729  6530
1 47688U 21006EP  21059.61665531  .00000540  00000-0  35788-4 0  9996
2 47688  97.5081 122.6931 0013390 105.4767 254.7943 15.11299858  6565
1 47688U 21006EP  21060.14633598  .00000490  00000-0  32850-4 0  9995
2 47688  97.5080 123.2133 0013395 103.8479 256.4243 15.11300420  6641
1 47688U 21006EP  21060.41117625  .00000506  00000-0  33805-4 0  9992
2 47688  97.5080 123.4733 0013409 103.0351 257.2377 15.11300883  6680
1 47688U 21006EP  21060.60980610  .00000608  00000-0  39855-4 0  9999
2 47688  97.5079 123.6683 0013420 102.4245 257.8488 15.11301817  6713
1 47688U 21006EP  21061.60295594  .00000673  00000-0  43671-4 0  9993
2 47688  97.5077 124.6435 0013470  99.3979 260.8775 15.11303540  6864
1 47688U 21006EP  21062.13263518  .00000777  00000-0  49864-4 0  9998
2 47688  97.5076 125.1636 0013480  97.7707 262.5054 15.11304852  6949
1 47688U 21006EP  21062.59610403  .00000920  00000-0  58300-4 0  9992
2 47688  97.5075 125.6187 0013493  96.3707 263.9060 15.11306348  7016
1 47688U 21006EP  21063.12578256  .00000948  00000-0  59974-4 0  9999
2 47688  97.5074 126.1388 0013502  94.7706 265.5066 15.11307292  7097
1 47688U 21006EP  21063.39062031  .00001043  00000-0  65589-4 0  9993
2 47688  97.5075 126.3989 0013413  94.0764 266.1999 15.11308579  7131
1 47688U 21006EP  21063.78787876  .00001004  00000-0  63293-4 0  9994
2 47688  97.5073 126.7888 0013467  92.8483 267.4288 15.11309040  7199
1 47688U 21006EP  21064.11892708  .00001045  00000-0  65728-4 0  9993
2 47688  97.5073 127.1141 0013450  91.8348 268.4422 15.11309880  7246
1 47688U 21006EP  21064.71481351  .00001063  00000-0  66802-4 0  9991
2 47688  97.5070 127.6991 0013499  90.0343 270.2434 15.11311272  7332
1 47688U 21006EP  21065.37690750  .00001116  00000-0  69927-4 0  9999
2 47688  97.5073 128.3493 0013225  87.9891 272.2854 15.11313227  7431
1 47688U 21006EP  21065.77416539  .00001067  00000-0  67002-4 0  9991
2 47688  97.5069 128.7392 0013440  86.7081 273.5687 15.11313744  7493
1 47688U 21006EP  21065.90658297  .00001086  00000-0  68130-4 0  9999
2 47688  97.5072 128.8693 0013191  86.3704 273.9034 15.11314373  7515
1 47688U 21006EP  21066.43625831  .00001098  00000-0  68844-4 0  9991
2 47688  97.5071 129.3895 0013378  84.6147 275.6609 15.11315892  7595
1 47688U 21006EP  21066.89971708  .00001225  00000-0  76392-4 0  9997
2 47688  97.5066 129.8443 0013357  83.3012 276.9738 15.11323642  7664
1 47688U 21006EP  21067.16455234  .00002424  00000-0  14738-3 0  9996
2 47688  97.5067 130.1046 0013435  82.6140 277.6616 15.11327080  7708
1 47688U 21006EP  21067.42938794  .00002396  00000-0  14571-3 0  9995
2 47688  97.5067 130.3647 0013433  81.7961 278.4792 15.11327886  7748
1 47688U 21006EP  21067.89284940  .00002157  00000-0  13154-3 0  9994
2 47688  97.5067 130.8197 0013421  80.3901 279.8845 15.11329694  7810
1 47688U 21006EP  21068.42251891  .00002068  00000-0  12628-3 0  9999
2 47688  97.5065 131.3397 0013414  78.8048 281.4689 15.11331970  7895
1 47688U 21006EP  21068.48872759  .00002005  00000-0  12255-3 0  9994
2 47688  97.5065 131.4047 0013417  78.6152 281.6585 15.11332073  7909
1 47688U 21006EP  21068.68735343  .00001951  00000-0  11933-3 0  9994
2 47688  97.5065 131.5997 0013391  77.9632 282.3098 15.11332840  7932
1 47688U 21006EP  21069.48185631  .00001737  00000-0  10665-3 0  9995
2 47688  97.5062 132.3797 0013364  75.5438 284.7274 15.11335250  8058
1 47688U 21006EP  21069.94531579  .00001647  00000-0  10132-3 0  9991
2 47688  97.5060 132.8347 0013339  74.1207 286.1492 15.11336504  8122
1 47688U 21006EP  21070.40877485  .00001646  00000-0  10129-3 0  9998
2 47688  97.5059 133.2897 0013312  72.6878 287.5807 15.11337992  8197
1 47688U 21006EP  21070.80602505  .00001763  00000-0  10822-3 0  9991
2 47688  97.5058 133.6797 0013287  71.4574 288.8099 15.11339584  8253
1 47688U 21006EP  21071.13706741  .00001831  00000-0  11220-3 0  9994
2 47688  97.5058 134.0044 0013265  70.2713 289.9947 15.11340832  8309
1 47688U 21006EP  21071.79914877  .00002052  00000-0  12530-3 0  9998
2 47688  97.5056 134.6544 0013255  68.2620 292.0020 15.11344702  8409
1 47688U 21006EP  21072.13018958  .00002304  00000-0  14020-3 0  9998
2 47688  97.5053 134.9795 0013200  67.3881 292.8744 15.11345445  8457
1 47688U 21006EP  21072.39502177  .00002531  00000-0  15365-3 0  9992
2 47688  97.5052 135.2394 0013210  66.6422 293.6196 15.11347137  8493
1 47688U 21006EP  21072.72606179  .00002651  00000-0  16074-3 0  9997
2 47688  97.5052 135.5645 0013159  65.5461 294.7141 15.11348763  8542
1 47688U 21006EP  21073.45434778  .00002930  00000-0  17720-3 0  9991
2 47688  97.5049 136.2793 0013123  63.3686 296.8887 15.11353096  8653
1 47688U 21006EP  21074.44745952  .00003899  00000-0  23452-3 0  9994
2 47688  97.5045 137.2542 0013029  60.1607 300.0916 15.11362591  8803
1 47688U 21006EP  21074.71228836  .00003861  00000-0  23225-3 0  9998
2 47688  97.5045 137.5141 0013039  59.3922 300.8592 15.11364889  8846
1 47688U 21006EP  21075.44056663  .00002965  00000-0  17925-3 0  9990
2 47688  97.5044 138.2290 0013043  57.3632 302.8854 15.11368366  8958
1 47688U 21006EP  21075.77160166  .00002877  00000-0  17403-3 0  9993
2 47688  97.5043 138.5540 0013008  56.3031 303.9437 15.11369616  9006
1 47688U 21006EP  21076.43367065  .00002408  00000-0  14624-3 0  9996
2 47688  97.5042 139.2039 0012973  54.3008 305.9428 15.11372382  9105
1 47688U 21006EP  21076.76470471  .00002054  00000-0  12530-3 0  9999
2 47688  97.5041 139.5289 0012958  53.2845 306.9573 15.11373184  9152
1 47688U 21006EP  21077.16194506  .00001936  00000-0  11833-3 0  9999
2 47688  97.5040 139.9188 0012929  52.0233 308.2163 15.11374931  9217
1 47688U 21006EP  21077.42677142  .00002202  00000-0  13407-3 0  9996
2 47688  97.5040 140.1788 0012911  51.1934 309.0447 15.11377166  9257
1 47688U 21006EP  21077.75780486  .00001781  00000-0  10914-3 0  9999
2 47688  97.5040 140.5038 0012880  50.1423 310.0938 15.11377203  9301
1 47688U 21006EP  21078.41987062  .00001710  00000-0  10496-3 0  9999
2 47688  97.5039 141.1537 0012824  48.0200 312.2120 15.11379504  9401
1 47688U 21006EP  21078.75090305  .00001793  00000-0  10986-3 0  9996
2 47688  97.5038 141.4786 0012799  46.9692 313.2608 15.11381001  9454
1 47688U 21006EP  21079.41296816  .00002057  00000-0  12547-3 0  9994
2 47688  97.5042 142.1284 0012730  44.5867 315.6385 15.11383783  9551
1 47688U 21006EP  21079.74399847  .00002387  00000-0  14499-3 0  9992
2 47688  97.5037 142.4535 0012716  43.8544 316.3694 15.11386548  9604
1 47688U 21006EP  21080.20744134  .00002620  00000-0  15872-3 0  9994
2 47688  97.5037 142.9084 0012662  42.3122 317.9083 15.11389458  9673
1 47688U 21006EP  21080.73708939  .00003008  00000-0  18169-3 0  9998
2 47688  97.5036 143.4284 0012605  40.6320 319.5848 15.11393313  9759
1 47688U 21006EP  21081.13432424  .00003568  00000-0  21477-3 0  9993
2 47688  97.5036 143.8183 0012556  39.2739 320.9400 15.11397354  9810
1 47688U 21006EP  21081.59776464  .00003698  00000-0  22240-3 0  9991
2 47688  97.5035 144.2733 0012475  37.7227 322.4875 15.11399803  9881
1 47688U 21006EP  21081.73017596  .00003707  00000-0  22295-3 0  9992
2 47688  97.5035 144.4033 0012463  37.2702 322.9391 15.11400662  9903
1 47688U 21006EP  21082.59084736  .00003667  00000-0  22054-3 0  9995
2 47688  97.5035 145.2480 0012386  34.4496 325.7534 15.11406508 10032
1 47688U 21006EP  21082.72325806  .00003638  00000-0  21883-3 0  9993
2 47688  97.5035 145.3780 0012374  34.0147 326.1874 15.11407325 10054
1 47688U 21006EP  21083.12048965  .00003591  00000-0  21608-3 0  9999
2 47688  97.5035 145.7679 0012346  32.7246 327.4747 15.11409930 10113
1 47688U 21006EP  21083.71633533  .00003626  00000-0  21812-3 0  9991
2 47688  97.5034 146.3528 0012321  30.9893 329.2062 15.11414554 10201
1 47688U 21006EP  21084.11356535  .00003281  00000-0  19772-3 0  9999
2 47688  97.5034 146.7427 0012285  29.7510 330.4416 15.11416080 10263
1 47688U 21006EP  21084.44458924  .00003561  00000-0  21426-3 0  9990
2 47688  97.5034 147.0677 0012264  28.7089 331.4814 15.11419394 10311
1 47688U 21006EP  21084.90802219  .00003465  00000-0  20855-3 0  9999
2 47688  97.5033 147.5226 0012219  27.2045 332.9823 15.11422350 10380
1 47688U 21006EP  21085.10663585  .00003489  00000-0  20995-3 0  9994
2 47688  97.5033 147.7176 0012201  26.5241 333.6611 15.11423961 10413
1 47688U 21006EP  21085.70247588  .00003589  00000-0  21583-3 0  9996
2 47688  97.5032 148.3024 0012144  24.6189 335.5619 15.11428650 10506
1 47688U 21006EP  21085.90108883  .00003610  00000-0  21705-3 0  9993
2 47688  97.5031 148.4973 0012124  23.9506 336.2285 15.11430133 10531
1 47688U 21006EP  21086.43072266  .00003452  00000-0  20771-3 0  9993
2 47688  97.5029 149.0171 0012081  22.2230 337.9521 15.11433457 10615
1 47688U 21006EP  21086.89415153  .00003225  00000-0  19428-3 0  9994
2 47688  97.5027 149.4720 0012037  20.6608 339.5106 15.11435817 10685
1 47688U 21006EP  21087.09276358  .00003193  00000-0  19240-3 0  9995
2 47688  97.5026 149.6670 0012020  20.0180 340.1519 15.11437083 10718
1 47688U 21006EP  21087.48998729  .00003060  00000-0  18452-3 0  9998
2 47688  97.5025 150.0568 0011981  18.6887 341.4781 15.11439232 10770
1 47688U 21006EP  21087.75480275  .00002978  00000-0  17968-3 0  9998
2 47688  97.5024 150.3167 0011954  17.8039 342.3608 15.11440678 10816
1 47688U 21006EP  21088.21822972  .00002478  00000-0  15016-3 0  9991
2 47688  97.5022 150.7715 0011911  16.2093 343.9516 15.11441698 10888
1 47688U 21006EP  21088.88026720  .00002135  00000-0  12988-3 0  9996
2 47688  97.5019 151.4213 0011840  13.9575 346.1980 15.11443858 10986
1 47688U 21006EP  21089.21128550  .00002161  00000-0  13146-3 0  9994
2 47688  97.5018 151.7462 0011806  12.8116 347.3412 15.11445475 11032
1 47688U 21006EP  21089.74091420  .00002292  00000-0  13917-3 0  9998
2 47688  97.5016 152.2661 0011746  10.9614 349.1870 15.11448094 11119
1 47688U 21006EP  21090.20433913  .00002113  00000-0  12860-3 0  9996
2 47688  97.5015 152.7209 0011702   9.3774 350.7672 15.11449201 11188
1 47688U 21006EP  21090.93257658  .00002446  00000-0  14823-3 0  9996
2 47688  97.5013 153.4356 0011618   6.8274 353.3112 15.11452953 11298
1 47688U 21006EP  21091.13118634  .00002697  00000-0  16304-3 0  9993
2 47688  97.5012 153.6306 0011605   6.1174 354.0196 15.11454666 11329
1 47688U 21006EP  21091.66081227  .00002829  00000-0  17085-3 0  9992
2 47688  97.5012 154.1504 0011536   4.2776 355.8551 15.11457236 11404
1 47688U 21006EP  21092.12423412  .00002833  00000-0  17108-3 0  9991
2 47688  97.5011 154.6052 0011487   2.5819 357.5468 15.11459260 11472
1 47688U 21006EP  21092.45524940  .00002752  00000-0  16631-3 0  9995
2 47688  97.5011 154.9301 0011448   1.4607 358.6654 15.11460475 11527
1 47688U 21006EP  21092.85246703  .00002860  00000-0  17266-3 0  9992
2 47688  97.5010 155.3200 0011411   0.0646   0.0584 15.11462783 11587
1 47688U 21006EP  21093.44829223  .00002869  00000-0  17317-3 0  9998
2 47688  97.5011 155.9047 0011354 357.9666   2.1516 15.11466073 11679
1 47688U 21006EP  21093.71310297  .00002793  00000-0  16870-3 0  9993
2 47688  97.5010 156.1646 0011322 357.0655   3.0507 15.11467406 11716
1 47688U 21006EP  21094.11031873  .00002593  00000-0  15685-3 0  9999
2 47688  97.5010 156.5544 0011290 355.7266   4.3866 15.11469038 11775
1 47688U 21006EP  21094.70614144  .00002328  00000-0  14125-3 0  9996
2 47688  97.5010 157.1392 0011229 353.6820   6.4267 15.11471538 11864
1 47688U 21006EP  21095.10335590  .00002196  00000-0  13340-3 0  9997
2 47688  97.5010 157.5291 0011191 352.2538   7.8517 15.11473254 11922
1 47688U 21006EP  21095.83158146  .00001866  00000-0  11396-3 0  9999
2 47688  97.5010 158.2438 0011115 349.7118  10.3883 15.11475826 12039
1 47688U 21006EP  21096.16259253  .00001814  00000-0  11086-3 0  9996
2 47688  97.5009 158.5686 0011084 348.5117  11.5859 15.11477270 12082
1 47688U 21006EP  21096.82461426  .00001526  00000-0  93880-4 0  9999
2 47688  97.5009 159.2184 0011018 346.1561  13.9365 15.11479077 12183
1 47688U 21006EP  21097.22182684  .00001472  00000-0  90703-4 0  9991
2 47688  97.5008 159.6082 0010981 344.6995  15.3902 15.11480436 12246
1 47688U 21006EP  21097.42043413  .00001763  00000-0  10787-3 0  9995
2 47688  97.5008 159.8028 0011018 343.6503  16.4371 15.11480606 12278
1 47688U 21006EP  21097.75144414  .00001732  00000-0  10603-3 0  9997
2 47688  97.5007 160.1277 0010984 342.5080  17.5770 15.11481914 12321
1 47688U 21006EP  21098.21485663  .00002128  00000-0  12939-3 0  9997
2 47688  97.5006 160.5825 0010951 340.8101  19.2715 15.11486316 12398
1 47688U 21006EP  21098.74447159  .00001769  00000-0  10822-3 0  9992
2 47688  97.5005 161.1024 0010842 339.0709  21.0076 15.11486740 12479
1 47688U 21006EP  21099.20788479  .00001859  00000-0  11348-3 0  9991
2 47688  97.5004 161.5570 0010852 337.2457  22.8291 15.11488628 12542
1 47688U 21006EP  21099.73749879  .00001820  00000-0  11117-3 0  9992
2 47688  97.5004 162.0767 0010796 335.3467  24.7246 15.11490327 12622
1 47688U 21006EP  21100.13470867  .00001871  00000-0  11421-3 0  9991
2 47688  97.5003 162.4665 0010762 333.8857  26.1829 15.11492050 12685
1 47688U 21006EP  21100.20091063  .00001790  00000-0  10941-3 0  9992
2 47688  97.5003 162.5314 0010753 333.6262  26.4420 15.11491730 12690
1 47688U 21006EP  21101.39253811  .00002034  00000-0  12380-3 0  9995
2 47688  97.5001 163.7007 0010638 329.2173  30.8432 15.11497255 12874
1 47688U 21006EP  21101.59114225  .00002106  00000-0  12804-3 0  9993
2 47688  97.5000 163.8956 0010618 328.4713  31.5880 15.11498400 12908
1 47688U 21006EP  21101.72354502  .00002103  00000-0  12784-3 0  9996
2 47688  97.5000 164.0255 0010610 327.9157  32.1427 15.11498853 12929
1 47688U 21006EP  21102.12075355  .00001867  00000-0  11395-3 0  9990
2 47688  97.4999 164.4153 0010575 326.3767  33.6791 15.11498894 12987
1 47688U 21006EP  21103.11377111  .00002071  00000-0  12595-3 0  9996
2 47688  97.4997 165.3898 0010505 322.6214  37.4284 15.11503916 13139
1 47688U 21006EP  21104.17298758  .00001981  00000-0  12067-3 0  9995
2 47688  97.4995 166.4291 0010439 318.4867  41.5569 15.11507584 13293
1 47688U 21006EP  21104.23918852  .00001974  00000-0  12026-3 0  9993
2 47688  97.4995 166.4941 0010434 318.2348  41.8085 15.11507807 13308
1 47688U 21006EP  21105.43080174  .00002195  00000-0  13324-3 0  9991
2 47688  97.4993 167.6633 0010361 313.5886  46.4484 15.11514348 13482
1 47688U 21006EP  21105.76180536  .00002051  00000-0  12477-3 0  9999
2 47688  97.4993 167.9882 0010345 312.2267  47.8085 15.11514916 13531
1 47688U 21006EP  21106.42381190  .00001791  00000-0  10939-3 0  9993
2 47688  97.4993 168.6378 0010313 309.6095  50.4224 15.11516088 13631
1 47688U 21006EP  21106.68861300  .00001581  00000-0  97037-4 0  9999
2 47688  97.4987 168.8977 0010211 308.7030  51.3287 15.11518161 13674
1 47688U 21006EP  21106.82101371  .00001592  00000-0  97680-4 0  9996
2 47688  97.4987 169.0276 0010209 308.1602  51.8708 15.11518769 13694
1 47688U 21006EP  21107.41681630  .00001774  00000-0  10838-3 0  9994
2 47688  97.4986 169.6122 0010183 305.7133  54.3149 15.11522127 13782
1 47688U 21006EP  21107.74781625  .00002240  00000-0  13586-3 0  9997
2 47688  97.4985 169.9370 0010161 304.4245  55.6024 15.11525715 13833
1 47688U 21006EP  21107.88021569  .00002593  00000-0  15664-3 0  9996
2 47688  97.4985 170.0669 0010168 303.8655  56.1607 15.11527844 13852
1 47688U 21006EP  21108.40981505  .00002719  00000-0  16408-3 0  9997
2 47688  97.4983 170.5866 0010146 301.6092  58.4147 15.11531797 13936
1 47688U 21006EP  21108.87321232  .00003757  00000-0  22519-3 0  9996
2 47688  97.4981 171.0413 0010149 299.7303  60.2917 15.11538130 14006
1 47688U 21006EP  21109.13801071  .00003613  00000-0  21672-3 0  9990
2 47688  97.4981 171.3011 0010133 298.7687  61.2525 15.11539908 14044
1 47688U 21006EP  21109.40280847  .00003799  00000-0  22767-3 0  9993
2 47688  97.4981 171.5610 0010131 297.6509  62.3693 15.11542502 14086
1 47688U 21006EP  21109.86620338  .00004200  00000-0  25121-3 0  9991
2 47688  97.4981 172.0157 0010135 295.8169  64.2016 15.11547514 14150
1 47688U 21006EP  21110.39579621  .00004233  00000-0  25315-3 0  9990
2 47688  97.4982 172.5353 0010130 293.6942  66.3225 15.11552173 14235
1 47688U 21006EP  21110.85918846  .00004410  00000-0  26351-3 0  9995
2 47688  97.4982 172.9900 0010138 291.8059  68.2093 15.11556673 14305
1 47688U 21006EP  21111.25638086  .00004371  00000-0  26120-3 0  9995
2 47688  97.4983 173.3798 0010138 290.2744  69.7396 15.11560226 14367
1 47688U 21006EP  21111.71977086  .00004175  00000-0  24965-3 0  9999
2 47688  97.4983 173.8344 0010122 288.3873  71.6256 15.11563993 14432
1 47688U 21006EP  21112.24935865  .00003534  00000-0  21190-3 0  9992
2 47688  97.4984 174.3540 0010078 286.4077  73.6045 15.11566843 14516
1 47688U 21006EP  21112.84514362  .00002961  00000-0  17813-3 0  9993
2 47688  97.4985 174.9385 0010081 283.9001  76.1108 15.11569737 14606
1 47688U 21006EP  21113.10993676  .00002838  00000-0  17090-3 0  9992
2 47688  97.4984 175.1983 0010051 282.7916  77.2191 15.11570471 14646
1 47688U 21006EP  21113.17613513  .00002508  00000-0  15147-3 0  9993
2 47688  97.4983 175.2633 0010044 282.4923  77.5183 15.11569927 14654
1 47688U 21006EP  21113.63952203  .00002418  00000-0  14620-3 0  9991
2 47688  97.4984 175.7179 0010020 280.7123  79.2979 15.11572713 14729
1 47688U 21006EP  21114.43389685  .00002579  00000-0  15563-3 0  9993
2 47688  97.4983 176.4974 0010030 277.4675  82.5416 15.11578417 14848
1 47688U 21006EP  21114.89728066  .00003130  00000-0  18806-3 0  9990
2 47688  97.4981 176.9521 0010003 275.6962  84.3128 15.11583120 14913
1 47688U 21006EP  21115.42686121  .00003218  00000-0  19321-3 0  9995
2 47688  97.4980 177.4716 0010032 273.5709  86.4373 15.11586910 14995
1 47688U 21006EP  21115.69165071  .00003741  00000-0  22396-3 0  9997
2 47688  97.4980 177.7315 0009977 272.4899  87.5189 15.11590541 15035
1 47688U 21006EP  21115.95643977  .00004077  00000-0  24368-3 0  9996
2 47688  97.4978 177.9913 0009973 271.4359  88.5729 15.11593399 15073
1 47688U 21006EP  21116.22122848  .00003987  00000-0  23838-3 0  9996
2 47688  97.4977 178.2511 0009979 270.3740  89.6347 15.11595511 15119
1 47688U 21006EP  21116.81700153  .00003964  00000-0  23701-3 0  9996
2 47688  97.4975 178.8356 0010005 267.9658  92.0427 15.11600570 15201
1 47688U 21006EP  21117.41277296  .00003492  00000-0  20922-3 0  9998
2 47688  97.4972 179.4202 0010040 265.5679  94.4404 15.11604442 15293
1 47688U 21006EP  21118.14093587  .00003322  00000-0  19917-3 0  9992
2 47688  97.4969 180.1346 0010107 262.6840  97.3242 15.11609688 15401
1 47688U 21006EP  21118.86909716  .00003038  00000-0  18245-3 0  9998
2 47688  97.4967 180.8491 0010160 259.7812 100.2272 15.11613580 15517
1 47688U 21006EP  21119.39866816  .00002941  00000-0  17675-3 0  9998
2 47688  97.4965 181.3687 0010192 257.6865 102.3224 15.11616138 15598
1 47688U 21006EP  21119.86204187  .00003061  00000-0  18377-3 0  9991
2 47688  97.4964 181.8233 0010234 255.8744 104.1349 15.11618764 15665
1 47688U 21006EP  21120.39161107  .00002950  00000-0  17727-3 0  9999
2 47688  97.4967 182.3430 0010219 253.8146 106.1960 15.11621672 15742
1 47688U 21006EP  21120.59019921  .00002910  00000-0  17491-3 0  9991
2 47688  97.4966 182.5378 0010226 253.0105 107.0004 15.11622650 15778
1 47688U 21006EP  21120.85498304  .00003036  00000-0  18230-3 0  9998
2 47688  97.4965 182.7976 0010227 251.9280 108.0837 15.11624468 15814
1 47688U 21006EP  21121.45074605  .00003036  00000-0  18228-3 0  9996
2 47688  97.4966 183.3823 0010234 249.6450 110.3681 15.11627705 15904
1 47688U 21006EP  21121.71552940  .00002920  00000-0  17547-3 0  9992
2 47688  97.4964 183.6420 0010254 248.5244 111.4893 15.11628710 15947
1 47688U 21006EP  21122.44368170  .00002894  00000-0  17390-3 0  9999
2 47688  97.4965 184.3564 0010275 245.6214 114.3944 15.11632705 16054
1 47688U 21006EP  21122.84085467  .00002793  00000-0  16796-3 0  9995
2 47688  97.4965 184.7461 0010292 244.0798 115.9372 15.11634780 16117
1 47688U 21006EP  21123.10563636  .00002769  00000-0  16654-3 0  9990
2 47688  97.4965 185.0059 0010306 243.0475 116.9703 15.11636317 16152
1 47688U 21006EP  21123.43661324  .00002645  00000-0  15924-3 0  9991
2 47688  97.4963 185.3306 0010308 241.6023 118.4168 15.11637828 16209
1 47688U 21006EP  21124.42954197  .00002111  00000-0  12782-3 0  9991
2 47688  97.4964 186.3049 0010368 237.7399 122.2827 15.11641541 16351
1 47688U 21006EP  21124.89290793  .00001771  00000-0  10784-3 0  9998
2 47688  97.4964 186.7594 0010404 235.9713 124.0530 15.11642685 16420
1 47688U 21006EP  21125.42246838  .00001564  00000-0  95704-4 0  9995
2 47688  97.4964 187.2790 0010449 233.9475 126.0787 15.11644435 16506
1 47688U 21006EP  21126.28300328  .00001253  00000-0  77434-4 0  9990
2 47688  97.4964 188.1233 0010513 230.6533 129.3766 15.11646658 16635
1 47688U 21006EP  21127.20973177  .00001387  00000-0  85288-4 0  9995
2 47688  97.4963 189.0324 0010578 227.0986 132.9357 15.11649875 16773
1 47688U 21006EP  21127.40831628  .00001423  00000-0  87378-4 0  9994
2 47688  97.4963 189.2272 0010598 226.3460 133.6892 15.11650490 16809
1 47688U 21006EP  21127.73929121  .00001685  00000-0  10280-3 0  9993
2 47688  97.4965 189.5519 0010622 225.3423 134.6942 15.11651980 16851
1 47688U 21006EP  21128.73221173  .00001632  00000-0  99659-4 0  9996
2 47688  97.4964 190.5261 0010687 221.5021 138.5399 15.11655096 17008
1 47688U 21006EP  21128.93079549  .00001638  00000-0  99984-4 0  9993
2 47688  97.4963 190.7208 0010707 220.7370 139.3060 15.11655792 17031
1 47688U 21006EP  21129.19557394  .00001611  00000-0  98430-4 0  9997
2 47688  97.4963 190.9806 0010723 219.7467 140.2978 15.11656484 17072
1 47688U 21006EP  21129.72513015  .00001651  00000-0  10078-3 0  9993
2 47688  97.4962 191.5001 0010765 217.7154 142.3322 15.11658393 17158
1 47688U 21006EP  21130.12229674  .00001692  00000-0  10317-3 0  9995
2 47688  97.4961 191.8897 0010809 216.2589 143.7909 15.11659912 17219
1 47688U 21006EP  21130.45326873  .00001743  00000-0  10613-3 0  9996
2 47688  97.4961 192.2144 0010836 215.0020 145.0500 15.11661252 17263
1 47688U 21006EP  21130.85043445  .00001839  00000-0  11178-3 0  9994
2 47688  97.4960 192.6040 0010868 213.5321 146.5223 15.11663161 17329
1 47688U 21006EP  21131.11521152  .00001851  00000-0  11249-3 0  9993
2 47688  97.4960 192.8638 0010894 212.5866 147.4693 15.11664136 17364
1 47688U 21006EP  21131.71095921  .00001872  00000-0  11373-3 0  9990
2 47688  97.4958 193.4482 0010958 210.4172 149.6424 15.11666369 17459
1 47688U 21006EP  21132.24051199  .00001782  00000-0  10844-3 0  9990
2 47688  97.4958 193.9677 0011011 208.4963 151.5666 15.11667817 17534
1 47688U 21006EP  21132.70386894  .00002403  00000-0  14484-3 0  9999
2 47688  97.4957 194.4223 0011047 206.8631 153.2028 15.11673200 17601
1 47688U 21006EP  21133.76296958  .00002295  00000-0  13851-3 0  9993
2 47688  97.4953 195.4613 0011177 202.7096 157.3642 15.11677627 17766
1 47688U 21006EP  21134.22632432  .00002018  00000-0  12222-3 0  9990
2 47688  97.4951 195.9158 0011225 201.0444 159.0326 15.11679376 17835
1 47688U 21006EP  21134.82206548  .00001751  00000-0  10653-3 0  9990
2 47688  97.4949 196.5003 0011280 198.8962 161.1851 15.11681569 17921
1 47688U 21006EP  21135.15303240  .00001642  00000-0  10014-3 0  9994
2 47688  97.4949 196.8249 0011319 197.7771 162.3065 15.11682860 17975
1 47688U 21006EP  21135.88115842  .00001527  00000-0  93405-4 0  9991
2 47688  97.4947 197.5392 0011395 195.2056 164.8834 15.11685924 18081
1 47688U 21006EP  21136.41070409  .00001442  00000-0  88364-4 0  9994
2 47688  97.4947 198.0587 0011445 193.3375 166.7555 15.11687851 18163
1 47688U 21006EP  21136.74166981  .00001487  00000-0  90996-4 0  9994
2 47688  97.4946 198.3834 0011482 192.2388 167.8565 15.11689258 18215
1 47688U 21006EP  21137.86695137  .00001716  00000-0  10445-3 0  9993
2 47688  97.4945 199.4873 0011606 188.4117 171.6920 15.11693812 18381
1 47688U 21006EP  21138.13172317  .00001725  00000-0  10494-3 0  9998
2 47688  97.4945 199.7469 0011646 187.5331 172.5726 15.11694705 18428
1 47688U 21006EP  21138.85984345  .00002442  00000-0  14699-3 0  9997
2 47688  97.4946 200.4612 0011724 185.0256 175.0859 15.11699938 18535
1 47688U 21006EP  21139.25699932  .00002564  00000-0  15414-3 0  9998
2 47688  97.4947 200.8509 0011766 183.6905 176.4241 15.11702126 18596
1 47688U 21006EP  21139.72034705  .00002742  00000-0  16459-3 0  9999
2 47688  97.4947 201.3054 0011815 182.0761 178.0422 15.11704960 18660
1 47688U 21006EP  21140.31607874  .00002658  00000-0  15961-3 0  9992
2 47688  97.4948 201.8898 0011874 180.0079 180.1153 15.11707829 18759
1 47688U 21006EP  21141.44134487  .00003153  00000-0  18859-3 0  9992
2 47688  97.4950 202.9937 0011975 176.0606 184.0720 15.11716373 18927
1 47688U 21006EP  21141.70611266  .00002351  00000-0  14161-3 0  9997
2 47688  97.4950 203.2533 0012013 175.2119 184.9229 15.11715686 18960
1 47688U 21006EP  21141.83849657  .00002323  00000-0  13992-3 0  9998
2 47688  97.4949 203.3833 0012036 174.7287 185.4072 15.11716325 18982
1 47688U 21006EP  21142.43422296  .00002128  00000-0  12850-3 0  9996
2 47688  97.4950 203.9677 0012105 172.7101 187.4308 15.11719358 19070
1 47688U 21006EP  21142.89756489  .00001988  00000-0  12026-3 0  9998
2 47688  97.4949 204.4223 0012144 171.1676 188.9770 15.11721611 19146
1 47688U 21006EP  21143.16233143  .00001880  00000-0  11397-3 0  9997
2 47688  97.4949 204.6820 0012169 170.3088 189.8379 15.11722788 19181
1 47688U 21006EP  21143.42709789  .00001763  00000-0  10711-3 0  9999
2 47688  97.4949 204.9417 0012196 169.3994 190.7496 15.11723747 19222
1 47688U 21006EP  21143.89043878  .00001845  00000-0  11192-3 0  9995
2 47688  97.4948 205.3962 0012235 167.8028 192.3501 15.11726162 19292
1 47688U 21006EP  21144.41997036  .00001901  00000-0  11514-3 0  9999
2 47688  97.4947 205.9157 0012285 166.0459 194.1113 15.11728760 19371
1 47688U 21006EP  21144.81711881  .00001751  00000-0  10637-3 0  9993
2 47688  97.4946 206.3053 0012320 164.7614 195.3990 15.11729857 19439
1 47688U 21006EP  21145.41284093  .00001671  00000-0  10166-3 0  9998
2 47688  97.4945 206.8897 0012375 162.8368 197.3284 15.11731720 19524
1 47688U 21006EP  21145.80998818  .00001997  00000-0  12076-3 0  9991
2 47688  97.4944 207.2793 0012405 161.5822 198.5860 15.11734258 19586
1 47688U 21006EP  21146.40570998  .00001897  00000-0  11488-3 0  9998
2 47688  97.4947 207.8638 0012415 159.7478 200.4248 15.11735496 19678
1 47688U 21006EP  21146.80285797  .00001669  00000-0  10152-3 0  9996
2 47688  97.4946 208.2534 0012458 158.4464 201.7294 15.11735486 19736
1 47688U 21006EP  21146.93524020  .00001652  00000-0  10055-3 0  9999
2 47688  97.4946 208.3832 0012475 158.0346 202.1421 15.11735900 19752
1 47688U 21006EP  21147.13381345  .00001619  00000-0  98586-4 0  9992
2 47688  97.4946 208.5780 0012491 157.3916 202.7867 15.11736538 19780
1 47688U 21006EP  21147.59714890  .00002131  00000-0  12857-3 0  9993
2 47688  97.4946 209.0325 0012527 155.8715 204.3105 15.11741472 19855
1 47688U 21006EP  21148.39144099  .00002904  00000-0  17381-3 0  9995
2 47688  97.4939 209.8117 0012627 153.4996 206.6882 15.11744617 19974
1 47688U 21006EP  21148.45763120  .00002434  00000-0  14633-3 0  9999
2 47688  97.4939 209.8766 0012640 153.2436 206.9449 15.11743855 19982
1 47688U 21006EP  21148.72239418  .00002444  00000-0  14687-3 0  9997
2 47688  97.4938 210.1364 0012662 152.4052 207.7853 15.11745088 20024
1 47688U 21006EP  21149.45049101  .00002238  00000-0  13479-3 0  9995
2 47688  97.4938 210.8506 0012738 150.1101 210.0859 15.11747980 20131
1 47688U 21006EP  21149.91382438  .00002402  00000-0  14440-3 0  9991
2 47688  97.4937 211.3051 0012780 148.6228 211.5767 15.11750894 20200
1 47688U 21006EP  21150.44334729  .00002041  00000-0  12329-3 0  9994
2 47688  97.4937 211.8246 0012833 146.9277 213.2759 15.11752703 20284
1 47688U 21006EP  21150.77429852  .00002047  00000-0  12358-3 0  9990
2 47688  97.4936 212.1492 0012862 145.8632 214.3428 15.11754593 20335
1 47688U 21006EP  21151.50239049  .00001726  00000-0  10478-3 0  9993
2 47688  97.4937 212.8635 0012928 143.5744 216.6369 15.11757236 20442
1 47688U 21006EP  21151.89953099  .00001600  00000-0  97403-4 0  9998
2 47688  97.4936 213.2530 0012956 142.3280 217.8861 15.11758625 20503
1 47688U 21006EP  21152.16429196  .00001741  00000-0  10567-3 0  9996
2 47688  97.4940 213.5126 0012902 141.5839 218.6313 15.11758213 20542
1 47688U 21006EP  21152.49524197  .00001702  00000-0  10341-3 0  9996
2 47688  97.4940 213.8372 0012931 140.5539 219.6636 15.11759514 20595
1 47688U 21006EP  21152.82619210  .00001889  00000-0  11432-3 0  9992
2 47688  97.4940 214.1618 0012941 139.4917 220.7279 15.11761784 20644
1 47688U 21006EP  21153.48809134  .00001700  00000-0  10325-3 0  9993
2 47688  97.4940 214.8111 0012991 137.4356 222.7884 15.11763505 20747
1 47688U 21006EP  21154.41474857  .00001627  00000-0  98971-4 0  9999
2 47688  97.4940 215.7201 0013051 134.5434 225.6865 15.11766687 20880
1 47688U 21006EP  21154.81188691  .00001600  00000-0  97379-4 0  9993
2 47688  97.4939 216.1097 0013078 133.2872 226.9451 15.11767936 20947
1 47688U 21006EP  21155.07664565  .00001597  00000-0  97234-4 0  9996
2 47688  97.4939 216.3694 0013097 132.4611 227.7729 15.11768830 20980
1 47688U 21006EP  21155.40759357  .00001672  00000-0  10159-3 0  9991
2 47688  97.4940 216.6941 0013121 131.4110 228.8250 15.11770389 21031
1 47688U 21006EP  21155.80473118  .00001683  00000-0  10226-3 0  9990
2 47688  97.4939 217.0836 0013154 130.1241 230.1144 15.11771684 21097
1 47688U 21006EP  21156.13567895  .00001678  00000-0  10197-3 0  9994
2 47688  97.4939 217.4083 0013175 129.0888 231.1517 15.11772676 21145
1 47688U 21006EP  21156.40043702  .00001696  00000-0  10301-3 0  9997
2 47688  97.4939 217.6680 0013198 128.2181 232.0240 15.11773564 21186
1 47688U 21006EP  21156.79757393  .00001690  00000-0  10262-3 0  9997
2 47688  97.4939 218.0576 0013221 126.9961 233.2481 15.11774679 21248
1 47688U 21006EP  21157.32708887  .00001786  00000-0  10822-3 0  9999
2 47688  97.4939 218.5770 0013254 125.3427 234.9044 15.11776839 21327
1 47688U 21006EP  21157.79041457  .00001330  00000-0  81569-4 0  9995
2 47688  97.4939 219.0316 0013293 123.9617 236.2879 15.11775694 21393
1 47688U 21006EP  21158.45230667  .00001479  00000-0  90281-4 0  9997
2 47688  97.4938 219.6808 0013327 121.8720 238.3809 15.11778596 21495
1 47688U 21006EP  21158.84944006  .00001688  00000-0  10248-3 0  9995
2 47688  97.4938 220.0704 0013341 120.7096 239.5450 15.11781446 21556
1 47688U 21006EP  21159.18038504  .00001867  00000-0  11296-3 0  9993
2 47688  97.4937 220.3950 0013349 119.6600 240.5961 15.11783656 21607
1 47688U 21006EP  21159.77608576  .00001836  00000-0  11112-3 0  9993
2 47688  97.4936 220.9794 0013362 117.8635 242.3950 15.11785554 21697
1 47688U 21006EP  21159.90846369  .00001742  00000-0  10562-3 0  9996
2 47688  97.4936 221.1092 0013376 117.5615 242.6976 15.11785462 21713
1 47688U 21006EP  21160.10703017  .00001727  00000-0  10474-3 0  9997
2 47688  97.4936 221.3040 0013375 116.9744 243.2854 15.11786173 21748
1 47688U 21006EP  21160.83510636  .00001896  00000-0  11462-3 0  9995
2 47688  97.4935 222.0181 0013389 114.7563 245.5062 15.11789923 21855
1 47688U 21006EP  21161.49699249  .00001667  00000-0  10123-3 0  9995
2 47688  97.4935 222.6673 0013407 112.8903 247.3744 15.11791411 21958
1 47688U 21006EP  21161.76174668  .00001625  00000-0  98752-4 0  9997
2 47688  97.4935 222.9270 0013406 112.0869 248.1786 15.11792266 21994
1 47688U 21006EP  21162.48981914  .00001687  00000-0  10239-3 0  9998
2 47688  97.4934 223.6410 0013419 109.9032 250.3646 15.11795758 22101
1 47688U 21006EP  21162.88694892  .00001844  00000-0  11154-3 0  9990
2 47688  97.4934 224.0305 0013441 108.6879 251.5811 15.11797945 22162
1 47688U 21006EP  21163.15170111  .00001503  00000-0  91602-4 0  9993
2 47688  97.4930 224.2902 0013525 107.9210 252.3497 15.11799686 22205
1 47688U 21006EP  21163.41645382  .00001506  00000-0  91802-4 0  9994
2 47688  97.4930 224.5500 0013534 107.1263 253.1450 15.11800733 22240
1 47688U 21006EP  21163.61501813  .00001552  00000-0  94468-4 0  9998
2 47688  97.4929 224.7447 0013539 106.5227 253.7492 15.11801770 22275
1 47688U 21006EP  21164.40927505  .00001555  00000-0  94678-4 0  9992
2 47688  97.4928 225.5238 0013542 104.1296 256.1441 15.11804662 22392
1 47688U 21006EP  21164.87259062  .00001736  00000-0  10521-3 0  9994
2 47688  97.4927 225.9783 0013537 102.7585 257.5159 15.11807015 22463
1 47688U 21006EP  21165.40209368  .00001713  00000-0  10386-3 0  9992
2 47688  97.4927 226.4977 0013543 101.1920 259.0833 15.11808912 22549
1 47688U 21006EP  21165.73303269  .00001768  00000-0  10711-3 0  9995
2 47688  97.4926 226.8223 0013543 100.1952 260.0806 15.11810346 22591
1 47688U 21006EP  21165.93159601  .00001764  00000-0  10684-3 0  9991
2 47688  97.4926 227.0171 0013543  99.6524 260.6237 15.11810985 22620
1 47688U 21006EP  21166.59347279  .00001921  00000-0  11603-3 0  9991
2 47688  97.4926 227.6663 0013540  97.7139 262.5629 15.11813985 22720
1 47688U 21006EP  21166.72584803  .00001916  00000-0  11572-3 0  9991
2 47688  97.4926 227.7961 0013539  97.3155 262.9615 15.11814435 22746
1 47688U 21006EP  21167.12297324  .00002032  00000-0  12248-3 0  9996
2 47688  97.4925 228.1857 0013533  96.1513 264.1259 15.11816331 22805
1 47688U 21006EP  21167.45391016  .00002392  00000-0  14352-3 0  9992
2 47688  97.4926 228.5102 0013537  95.1735 265.1041 15.11818959 22855
1 47688U 21006EP  21167.78484698  .00002393  00000-0  14359-3 0  9995
2 47688  97.4926 228.8348 0013535  94.1795 266.0982 15.11820465 22908
1 47688U 21006EP  21168.38053219  .00002561  00000-0  15335-3 0  9995
2 47688  97.4926 229.4191 0013538  92.4398 267.8382 15.11823832 22997
1 47688U 21006EP  21168.51290642  .00002610  00000-0  15620-3 0  9995
2 47688  97.4927 229.5489 0013539  92.0457 268.2324 15.11824722 23016
1 47688U 21006EP  21168.84384170  .00002532  00000-0  15169-3 0  9992
2 47688  97.4927 229.8735 0013536  91.0544 269.2238 15.11826327 23069
1 47688U 21006EP  21169.37333775  .00002218  00000-0  13329-3 0  9993
2 47688  97.4928 230.3929 0013535  89.4561 270.8221 15.11828204 23146
1 47688U 21006EP  21169.43952453  .00002297  00000-0  13791-3 0  9990
2 47688  97.4928 230.4578 0013534  89.2565 271.0216 15.11828883 23159
1 47688U 21006EP  21170.43232661  .00001949  00000-0  11759-3 0  9999
2 47688  97.4930 231.4316 0013531  86.2045 274.0732 15.11833174 23302
1 47688U 21006EP  21170.89563344  .00001656  00000-0  10046-3 0  9997
2 47688  97.4930 231.8861 0013525  84.7947 275.4827 15.11834452 23375
1 47688U 21006EP  21171.42512617  .00001462  00000-0  89134-4 0  9994
2 47688  97.4930 232.4055 0013508  83.2169 277.0598 15.11836213 23457
1 47688U 21006EP  21172.41792357  .00001430  00000-0  87252-4 0  9999
2 47688  97.4930 233.3793 0013485  80.1973 280.0779 15.11839828 23606
1 47688U 21006EP  21172.68267084  .00001613  00000-0  97932-4 0  9991
2 47688  97.4929 233.6390 0013422  79.2077 281.0663 15.11839612 23643
1 47688U 21006EP  21173.60927878  .00001838  00000-0  11110-3 0  9990
2 47688  97.4930 234.5480 0013411  76.3961 283.8762 15.11844677 23785
1 47688U 21006EP  21173.74165119  .00001854  00000-0  11202-3 0  9997
2 47688  97.4930 234.6778 0013412  76.0177 284.2544 15.11845268 23806
1 47688U 21006EP  21174.13876846  .00001844  00000-0  11143-3 0  9990
2 47688  97.4929 235.0674 0013406  74.8050 285.4662 15.11846655 23864
1 47688U 21006EP  21174.80062938  .00001965  00000-0  11850-3 0  9992
2 47688  97.4929 235.7166 0013393  72.8238 287.4458 15.11849740 23962
1 47688U 21006EP  21175.13155925  .00002015  00000-0  12141-3 0  9999
2 47688  97.4929 236.0412 0013379  71.8145 288.4541 15.11851277 24019
1 47688U 21006EP  21175.19774588  .00001956  00000-0  11794-3 0  9993
2 47688  97.4929 236.1061 0013379  71.6138 288.6546 15.11850981 24029
1 47688U 21006EP  21175.79341893  .00002003  00000-0  12067-3 0  9996
2 47688  97.4929 236.6904 0013355  69.8468 290.4198 15.11853491 24112
1 47688U 21006EP  21176.19053342  .00002210  00000-0  13277-3 0  9994
2 47688  97.4929 237.0799 0013333  68.6341 291.6311 15.11856234 24176
1 47688U 21006EP  21176.78620652  .00002540  00000-0  15202-3 0  9999
2 47688  97.4925 237.6641 0013259  67.0374 293.2253 15.11857712 24265
1 47688U 21006EP  21176.98476338  .00002570  00000-0  15376-3 0  9996
2 47688  97.4925 237.8589 0013238  66.4566 293.8054 15.11858716 24294
1 47688U 21006EP  21177.44806263  .00002493  00000-0  14926-3 0  9996
2 47688  97.4924 238.3134 0013242  64.9993 295.2611 15.11860579 24360
1 47688U 21006EP  21177.71280451  .00002493  00000-0  14928-3 0  9993
2 47688  97.4924 238.5731 0013229  64.1804 296.0789 15.11861960 24408
1 47688U 21006EP  21178.10991662  .00002569  00000-0  15368-3 0  9993
2 47688  97.4923 238.9627 0013203  62.9888 297.2689 15.11864376 24467
1 47688U 21006EP  21178.44084347  .00002386  00000-0  14301-3 0  9996
2 47688  97.4923 239.2873 0013194  62.0133 298.2431 15.11865376 24510
1 47688U 21006EP  21178.70558434  .00002405  00000-0  14411-3 0  9992
2 47688  97.4923 239.5470 0013181  61.1860 299.0692 15.11866942 24551
1 47688U 21006EP  21179.30125061  .00002218  00000-0  13320-3 0  9995
2 47688  97.4922 240.1314 0013152  59.4071 300.8455 15.11869544 24646
1 47688U 21006EP  21179.83073080  .00002169  00000-0  13032-3 0  9991
2 47688  97.4921 240.6507 0013127  57.7843 302.4658 15.11872111 24720
1 47688U 21006EP  21180.09547057  .00002103  00000-0  12647-3 0  9990
2 47688  97.4921 240.9104 0013105  56.9587 303.2901 15.11873261 24769
1 47688U 21006EP  21180.42639546  .00002129  00000-0  12800-3 0  9991
2 47688  97.4921 241.2350 0013094  55.9424 304.3048 15.11874660 24816
1 47688U 21006EP  21180.88968923  .00002157  00000-0  12961-3 0  9994
2 47688  97.4920 241.6895 0013065  54.5083 305.7364 15.11876835 24886
1 47688U 21006EP  21181.41916736  .00001754  00000-0  10609-3 0  9998
2 47688  97.4920 242.2089 0013024  52.8610 307.3808 15.11877830 24966
1 47688U 21006EP  21181.68390602  .00002216  00000-0  13302-3 0  9992
2 47688  97.4920 242.4686 0013007  52.0273 308.2130 15.11880378 25004
1 47688U 21006EP  21181.88245977  .00002269  00000-0  13611-3 0  9999
2 47688  97.4919 242.6633 0012990  51.4092 308.8300 15.11881369 25037
1 47688U 21006EP  21182.41193595  .00002572  00000-0  15381-3 0  9990
2 47688  97.4919 243.1826 0012962  49.7663 310.4699 15.11884707 25118
1 47688U 21006EP  21182.94141203  .00002397  00000-0  14357-3 0  9994
2 47688  97.4919 243.7020 0012909  48.0602 312.1726 15.11886101 25194
1 47688U 21006EP  21183.40470258  .00002450  00000-0  14666-3 0  9994
2 47688  97.4920 244.1564 0012863  46.5745 313.6554 15.11888219 25269
1 47688U 21006EP  21183.93417653  .00002634  00000-0  15736-3 0  9995
2 47688  97.4920 244.6757 0012802  44.9093 315.3171 15.11891121 25348
1 47688U 21006EP  21184.06654485  .00002646  00000-0  15807-3 0  9998
2 47688  97.4921 244.8055 0012791  44.4651 315.7603 15.11891818 25363
1 47688U 21006EP  21184.39746577  .00002528  00000-0  15122-3 0  9997
2 47688  97.4921 245.1301 0012760  43.4244 316.7989 15.11892795 25413
1 47688U 21006EP  21184.79457009  .00002597  00000-0  15521-3 0  9999
2 47688  97.4921 245.5196 0012709  42.1589 318.0617 15.11894822 25472
1 47688U 21006EP  21185.12548987  .00002678  00000-0  15993-3 0  9996
2 47688  97.4922 245.8441 0012677  41.0490 319.1692 15.11896691 25529
1 47688U 21006EP  21185.65496097  .00002705  00000-0  16150-3 0  9995
2 47688  97.4923 246.3634 0012614  39.3905 320.8241 15.11899255 25609
1 47688U 21006EP  21186.18443117  .00002680  00000-0  16005-3 0  9990
2 47688  97.4923 246.8827 0012578  37.7180 322.4930 15.11901696 25688
1 47688U 21006EP  21186.44916581  .00002722  00000-0  16245-3 0  9992
2 47688  97.4924 247.1424 0012555  36.8974 323.3118 15.11903131 25721
1 47688U 21006EP  21186.84626723  .00002736  00000-0  16326-3 0  9997
2 47688  97.4924 247.5319 0012525  35.6640 324.5425 15.11905278 25786
1 47688U 21006EP  21187.30955133  .00002674  00000-0  15967-3 0  9990
2 47688  97.4924 247.9863 0012489  34.2418 325.9615 15.11907753 25855
1 47688U 21006EP  21187.83901808  .00002573  00000-0  15375-3 0  9999
2 47688  97.4924 248.5056 0012445  32.5536 327.6459 15.11910391 25936
1 47688U 21006EP  21188.16993441  .00002274  00000-0  13632-3 0  9992
2 47688  97.4924 248.8302 0012416  31.5095 328.6876 15.11911334 25987
1 47688U 21006EP  21188.43466704  .00002294  00000-0  13746-3 0  9997
2 47688  97.4924 249.0899 0012388  30.6960 329.4993 15.11912867 26027
1 47688U 21006EP  21188.83176563  .00002164  00000-0  12992-3 0  9990
2 47688  97.4924 249.4794 0012350  29.4090 330.7833 15.11914642 26081
1 47688U 21006EP  21189.42741260  .00002009  00000-0  12085-3 0  9999
2 47688  97.4923 250.0636 0012290  27.4771 332.7106 15.11917329 26170
1 47688U 21006EP  21189.75832726  .00001857  00000-0  11200-3 0  9991
2 47688  97.4922 250.3882 0012260  26.3864 333.7988 15.11918486 26223
1 47688U 21006EP  21190.42015567  .00001545  00000-0  93818-4 0  9993
2 47688  97.4921 251.0375 0012188  24.2150 335.9651 15.11920542 26329
1 47688U 21006EP  21190.75106954  .00001478  00000-0  89925-4 0  9999
2 47688  97.4920 251.3621 0012154  23.1034 337.0741 15.11921729 26373
1 47688U 21006EP  21191.21434868  .00001459  00000-0  88805-4 0  9994
2 47688  97.4919 251.8165 0012110  21.5506 338.6232 15.11923389 26441
1 47688U 21006EP  21191.41289670  .00001487  00000-0  90404-4 0  9994
2 47688  97.4918 252.0113 0012083  20.8817 339.2905 15.11924160 26477
1 47688U 21006EP  21191.87617536  .00001456  00000-0  88620-4 0  9993
2 47688  97.4917 252.4657 0012034  19.3211 340.8474 15.11925493 26547
1 47688U 21006EP  21192.40563708  .00001603  00000-0  97192-4 0  9992
2 47688  97.4920 252.9850 0011999  17.3449 342.8189 15.11926613 26620
1 47688U 21006EP  21192.86891450  .00001801  00000-0  10872-3 0  9999
2 47688  97.4920 253.4394 0011951  15.8197 344.3405 15.11929465 26693
1 47688U 21006EP  21193.39837430  .00001802  00000-0  10877-3 0  9992
2 47688  97.4919 253.9588 0011904  14.0878 346.0682 15.11931312 26775
1 47688U 21006EP  21193.72928619  .00001791  00000-0  10815-3 0  9998
2 47688  97.4919 254.2834 0011868  12.9716 347.1817 15.11932430 26820
1 47688U 21006EP  21194.12637981  .00001813  00000-0  10941-3 0  9997
2 47688  97.4919 254.6729 0011827  11.6242 348.5259 15.11934035 26886
1 47688U 21006EP  21194.72202080  .00001676  00000-0  10143-3 0  9992
2 47688  97.4918 255.2571 0011757   9.6238 350.5216 15.11935091 26970
1 47688U 21006EP  21195.11911383  .00001662  00000-0  10060-3 0  9992
2 47688  97.4918 255.6466 0011713   8.2648 351.8773 15.11936350 27038
1 47688U 21006EP  21195.38384302  .00001554  00000-0  94312-4 0  9999
2 47688  97.4918 255.9063 0011681   7.3629 352.7771 15.11936424 27071
1 47688U 21006EP  21195.71475361  .00001502  00000-0  91269-4 0  9993
2 47688  97.4917 256.2308 0011644   6.2399 353.8974 15.11937206 27129
1 47688U 21006EP  21196.11184526  .00001642  00000-0  99460-4 0  9994
2 47688  97.4916 256.6203 0011606   4.8247 355.3093 15.11939447 27184
1 47688U 21006EP  21197.17075623  .00001586  00000-0  96193-4 0  9995
2 47688  97.4915 257.6589 0011496   1.0847 359.0406 15.11942683 27346
1 47688U 21006EP  21198.22966478  .00001535  00000-0  93177-4 0  9992
2 47688  97.4915 258.6976 0011377 357.2866   2.8301 15.11946013 27508
1 47688U 21006EP  21198.82529965  .00001537  00000-0  93289-4 0  9990
2 47688  97.4915 259.2818 0011313 355.1773   4.9347 15.11948120 27597
1 47688U 21006EP  21199.15620778  .00001496  00000-0  90923-4 0  9997
2 47688  97.4915 259.6064 0011286 354.0219   6.0875 15.11949032 27644
1 47688U 21006EP  21199.81802296  .00001487  00000-0  90392-4 0  9997
2 47688  97.4915 260.2556 0011229 351.7290   8.3753 15.11951336 27749
1 47688U 21006EP  21200.81074383  .00001531  00000-0  92947-4 0  9996
2 47688  97.4915 261.2293 0011111 348.1471  11.9497 15.11955047 27893
1 47688U 21006EP  21201.40637489  .00001729  00000-0  10446-3 0  9996
2 47688  97.4915 261.8136 0011057 346.0709  14.0215 15.11958273 27981
1 47688U 21006EP  21201.67109964  .00001768  00000-0  10676-3 0  9995
2 47688  97.4915 262.0732 0011032 345.1383  14.9522 15.11959413 28020
1 47688U 21006EP  21202.39909122  .00002027  00000-0  12181-3 0  9991
2 47688  97.4915 262.7873 0010966 342.5382  17.5469 15.11963511 28133
1 47688U 21006EP  21202.92853887  .00002131  00000-0  12784-3 0  9991
2 47688  97.4915 263.3066 0010910 340.6171  19.4643 15.11966013 28212
1 47688U 21006EP  21203.39180681  .00002733  00000-0  16290-3 0  9992
2 47688  97.4915 263.7609 0010835 338.7322  21.3457 15.11967482 28284
1 47688U 21006EP  21203.72271009  .00003544  00000-0  21011-3 0  9992
2 47688  97.4915 264.0854 0010804 337.5017  22.5739 15.11971862 28333
1 47688U 21006EP  21203.78889082  .00003559  00000-0  21094-3 0  9991
2 47688  97.4915 264.1504 0010798 337.2599  22.8152 15.11972197 28345
1 47688U 21006EP  21204.31833578  .00002790  00000-0  16618-3 0  9992
2 47688  97.4914 264.6697 0010748 335.2703  24.8011 15.11972781 28426
1 47688U 21006EP  21204.84777937  .00003808  00000-0  22540-3 0  9998
2 47688  97.4913 265.1890 0010698 333.2962  26.7716 15.11979048 28500
1 47688U 21006EP  21205.11250049  .00003835  00000-0  22697-3 0  9992
2 47688  97.4912 265.4486 0010674 332.3399  27.7263 15.11981023 28549
1 47688U 21006EP  21205.44340195  .00003243  00000-0  19255-3 0  9999
2 47688  97.4912 265.7732 0010633 331.1215  28.9425 15.11981279 28596
1 47688U 21006EP  21206.43610294  .00002820  00000-0  16792-3 0  9992
2 47688  97.4910 266.7470 0010536 327.4365  32.6214 15.11986664 28748
1 47688U 21006EP  21206.83318204  .00002844  00000-0  16930-3 0  9992
2 47688  97.4909 267.1365 0010506 325.9225  34.1330 15.11989438 28804
1 47688U 21006EP  21207.42880023  .00002424  00000-0  14482-3 0  9995
2 47688  97.4908 267.7208 0010451 323.7000  36.3520 15.11991738 28891
1 47688U 21006EP  21207.75969872  .00002299  00000-0  13755-3 0  9993
2 47688  97.4907 268.0453 0010426 322.4383  37.6118 15.11993229 28948
1 47688U 21006EP  21208.42149498  .00002147  00000-0  12870-3 0  9991
2 47688  97.4905 268.6946 0010373 319.8929  40.1535 15.11996047 29041
1 47688U 21006EP  21208.88475170  .00001994  00000-0  11981-3 0  9991
2 47688  97.4904 269.1489 0010351 318.0614  41.9823 15.11997660 29115
1 47688U 21006EP  21209.14946962  .00001971  00000-0  11842-3 0  9994
2 47688  97.4903 269.4086 0010334 317.0621  42.9802 15.11998776 29159
1 47688U 21006EP  21209.28182838  .00002030  00000-0  12188-3 0  9994
2 47688  97.4903 269.5384 0010324 316.5460  43.4956 15.11999584 29171
1 47688U 21006EP  21209.87744257  .00002110  00000-0  12651-3 0  9992
2 47688  97.4902 270.1226 0010291 314.2002  45.8383 15.12002334 29262
1 47688U 21006EP  21210.40687670  .00002243  00000-0  13426-3 0  9996
2 47688  97.4902 270.6418 0010264 312.0823  47.9534 15.12004921 29341
1 47688U 21006EP  21210.87013083  .00002403  00000-0  14353-3 0  9996
2 47688  97.4902 271.0962 0010240 310.2387  49.7947 15.12007330 29412
1 47688U 21006EP  21211.39956354  .00002409  00000-0  14389-3 0  9996
2 47688  97.4901 271.6154 0010209 308.2040  51.8271 15.12009549 29494
1 47688U 21006EP  21211.92899531  .00002559  00000-0  15261-3 0  9994
2 47688  97.4902 272.1347 0010192 306.0215  54.0070 15.12012254 29574
1 47688U 21006EP  21212.39224756  .00002481  00000-0  14809-3 0  9998
2 47688  97.4902 272.5890 0010166 304.2180  55.8087 15.12014045 29648
1 47688U 21006EP  21212.85549904  .00002432  00000-0  14522-3 0  9992
2 47688  97.4902 273.0433 0010142 302.3571  57.6677 15.12015993 29710
1 47688U 21006EP  21213.25257113  .00002052  00000-0  12308-3 0  9993
2 47688  97.4903 273.4327 0010127 300.7205  59.3027 15.12016762 29775
1 47688U 21006EP  21213.91435741  .00002240  00000-0  13404-3 0  9998
2 47688  97.4903 274.0817 0010091 298.0751  61.9458 15.12020138 29871
1 47688U 21006EP  21214.44378550  .00001959  00000-0  11767-3 0  9997
2 47688  97.4904 274.6010 0010063 295.9305  64.0889 15.12021644 29957
1 47688U 21006EP  21214.64232082  .00001948  00000-0  11704-3 0  9997
2 47688  97.4904 274.7956 0010056 295.1641  64.8546 15.12022562 29985
1 47688U 21006EP  21215.17174690  .00002519  00000-0  15025-3 0  9991
2 47688  97.4905 275.3148 0010034 293.0519  66.9653 15.12027157 30061
1 47688U 21006EP  21215.63499496  .00001992  00000-0  11958-3 0  9991
2 47688  97.4906 275.7692 0010011 291.1492  68.8668 15.12027572 30130
1 47688U 21006EP  21216.29677639  .00001844  00000-0  11095-3 0  9999
2 47688  97.4906 276.4183 0009988 288.4886  71.5259 15.12030152 30236
1 47688U 21006EP  21216.76002256  .00001943  00000-0  11673-3 0  9990
2 47688  97.4902 276.8726 0010048 286.8122  73.2006 15.12031778 30305
1 47688U 21006EP  21217.42180291  .00001762  00000-0  10622-3 0  9992
2 47688  97.4903 277.5217 0010039 284.1036  75.9078 15.12033449 30400
1 47688U 21006EP  21217.88504820  .00001791  00000-0  10789-3 0  9996
2 47688  97.4902 277.9761 0010031 282.2556  77.7551 15.12035531 30472
1 47688U 21006EP  21218.14976012  .00001661  00000-0  10029-3 0  9995
2 47688  97.4902 278.2357 0010028 281.1974  78.8129 15.12035759 30515
1 47688U 21006EP  21218.41447133  .00001643  00000-0  99264-4 0  9991
2 47688  97.4902 278.4953 0010022 280.1090  79.9010 15.12036731 30557
1 47688U 21006EP  21219.40713760  .00001461  00000-0  88696-4 0  9998
2 47688  97.4902 279.4690 0010002 276.1123  83.8968 15.12039479 30701
1 47688U 21006EP  21219.60566970  .00001797  00000-0  10821-3 0  9995
2 47688  97.4902 279.6637 0010003 275.3299  84.6790 15.12042294 30734
1 47688U 21006EP  21220.39980070  .00001953  00000-0  11724-3 0  9991
2 47688  97.4900 280.4426 0009978 271.9751  88.0337 15.12044859 30859
1 47688U 21006EP  21220.92922076  .00002072  00000-0  12417-3 0  9995
2 47688  97.4898 280.9619 0009997 269.7853  90.2232 15.12046789 30935
1 47688U 21006EP  21222.38512139  .00001741  00000-0  10490-3 0  9993
2 47688  97.4898 282.3896 0010013 264.0869  95.9220 15.12051809 31157
1 47688U 21006EP  21223.11307033  .00001588  00000-0  96005-4 0  9996
2 47688  97.4896 283.1035 0010033 261.1641  98.8453 15.12053456 31269
1 47688U 21006EP  21223.90719434  .00001669  00000-0  10074-3 0  9996
2 47688  97.4895 283.8823 0010062 257.9671 102.0432 15.12056850 31387
1 47688U 21006EP  21224.17190212  .00001680  00000-0  10137-3 0  9996
2 47688  97.4895 284.1419 0010075 256.9367 103.0739 15.12057894 31422
1 47688U 21006EP  21224.43660979  .00001658  00000-0  10007-3 0  9998
2 47688  97.4896 284.4016 0010078 255.8754 104.1357 15.12058731 31463
1 47688U 21006EP  21225.42926235  .00001631  00000-0  98482-4 0  9993
2 47688  97.4894 285.3751 0010127 251.9252 108.0876 15.12062176 31616
1 47688U 21006EP  21225.76014592  .00001601  00000-0  96773-4 0  9992
2 47688  97.4893 285.6995 0010144 250.6374 109.3760 15.12063281 31667
1 47688U 21006EP  21226.42191289  .00001463  00000-0  88749-4 0  9995
2 47688  97.4893 286.3485 0010168 247.9739 112.0412 15.12064817 31761
1 47688U 21006EP  21226.88514916  .00001466  00000-0  88914-4 0  9998
2 47688  97.4892 286.8028 0010194 246.1593 113.8570 15.12066418 31837
1 47688U 21006EP  21227.14985549  .00001450  00000-0  87988-4 0  9995
2 47688  97.4892 287.0624 0010203 245.1262 114.8908 15.12067214 31870
1 47688U 21006EP  21227.48073799  .00001487  00000-0  90107-4 0  9994
2 47688  97.4893 287.3869 0010220 243.7910 116.2270 15.12068533 31927
1 47688U 21006EP  21227.74544398  .00001483  00000-0  89889-4 0  9992
2 47688  97.4892 287.6465 0010235 242.7631 117.2557 15.12069371 31960
1 47688U 21006EP  21228.40720801  .00001598  00000-0  96541-4 0  9991
2 47688  97.4892 288.2954 0010269 240.1559 119.8652 15.12072162 32066
1 47688U 21006EP  21228.80426640  .00001605  00000-0  96973-4 0  9997
2 47688  97.4892 288.6848 0010290 238.5933 121.4291 15.12073346 32123
1 47688U 21006EP  21229.39985325  .00001585  00000-0  95811-4 0  9999
2 47688  97.4891 289.2689 0010322 236.2362 123.7885 15.12075002 32214
1 47688U 21006EP  21229.79691048  .00001672  00000-0  10085-3 0  9995
2 47688  97.4891 289.6583 0010341 234.6900 125.3364 15.12076710 32275
1 47688U 21006EP  21230.12779134  .00001710  00000-0  10306-3 0  9996
2 47688  97.4890 289.9827 0010364 233.4091 126.6187 15.12077929 32327
1 47688U 21006EP  21230.72337625  .00001756  00000-0  10568-3 0  9997
2 47688  97.4890 290.5668 0010405 231.0861 128.9443 15.12080026 32415
1 47688U 21006EP  21230.98808039  .00001767  00000-0  10632-3 0  9991
2 47688  97.4890 290.8265 0010425 230.0601 129.9714 15.12080911 32453
1 47688U 21006EP  21231.18660865  .00001731  00000-0  10422-3 0  9995
2 47688  97.4890 291.0211 0010439 229.2963 130.7361 15.12081292 32487
1 47688U 21006EP  21232.17924690  .00001853  00000-0  11132-3 0  9998
2 47688  97.4888 291.9946 0010513 225.5056 134.5316 15.12085361 32633
1 47688U 21006EP  21233.43658419  .00001980  00000-0  11865-3 0  9995
2 47688  97.4887 293.2275 0010626 220.7238 139.3199 15.12090973 32824
1 47688U 21006EP  21233.89981198  .00002160  00000-0  12910-3 0  9991
2 47688  97.4885 293.6818 0010661 218.9894 141.0569 15.12094042 32894
1 47688U 21006EP  21234.42921588  .00002053  00000-0  12286-3 0  9995
2 47688  97.4885 294.2009 0010707 217.0347 143.0145 15.12095484 32979
1 47688U 21006EP  21234.89244311  .00002030  00000-0  12156-3 0  9999
2 47688  97.4884 294.6551 0010749 215.3339 144.7180 15.12097342 33043
1 47688U 21006EP  21235.42184585  .00001912  00000-0  11471-3 0  9992
2 47688  97.4884 295.1743 0010800 213.4046 146.6505 15.12098690 33122
1 47688U 21006EP  21235.88507179  .00001895  00000-0  11370-3 0  9998
2 47688  97.4884 295.6285 0010840 211.7017 148.3562 15.12100630 33198
1 47688U 21006EP  21236.41447299  .00002022  00000-0  12107-3 0  9996
2 47688  97.4884 296.1477 0010883 209.7541 150.3072 15.12103319 33278
1 47688U 21006EP  21236.87769869  .00001551  00000-0  93752-4 0  9998
2 47688  97.4883 296.6019 0010933 208.0358 152.0285 15.12102518 33341
1 47688U 21006EP  21237.60562171  .00002250  00000-0  13425-3 0  9992
2 47688  97.4882 297.3157 0010989 205.3748 154.6944 15.12109466 33456
1 47688U 21006EP  21237.73797146  .00002240  00000-0  13366-3 0  9991
2 47688  97.4882 297.4455 0011004 204.9460 155.1240 15.12109893 33474
1 47688U 21006EP  21238.13502101  .00002208  00000-0  13180-3 0  9999
2 47688  97.4882 297.8349 0011039 203.4965 156.5763 15.12111032 33532
1 47688U 21006EP  21239.19381539  .00002468  00000-0  14684-3 0  9994
2 47688  97.4880 298.8731 0011132 199.6272 160.4531 15.12116582 33696
1 47688U 21006EP  21239.72321138  .00002517  00000-0  14967-3 0  9991
2 47688  97.4879 299.3922 0011181 197.6946 162.3897 15.12118982 33773
1 47688U 21006EP  21240.31878115  .00005530  00000-0  32418-3 0  9999
2 47688  97.4873 299.9763 0011271 195.6139 164.4746 15.12129247 33860
1 47688U 21006EP  21240.71582604  .00006959  00000-0  40683-3 0  9997
2 47688  97.4873 300.3655 0011312 194.1393 165.9522 15.12136046 33929
1 47688U 21006EP  21241.24521722  .00007479  00000-0  43690-3 0  9999
2 47688  97.4872 300.8845 0011374 192.3551 167.7403 15.12138921 34000
1 47688U 21006EP  21241.70843197  .00007415  00000-0  43313-3 0  9995
2 47688  97.4872 301.3387 0011434 190.6714 169.4276 15.12143923 34078
1 47688U 21006EP  21241.90695180  .00006295  00000-0  36832-3 0  9997
2 47688  97.4872 301.5333 0011449 189.9615 170.1391 15.12144808 34102
1 47688U 21006EP  21242.43633930  .00006431  00000-0  37609-3 0  9996
2 47688  97.4874 302.0524 0011486 187.9309 172.1742 15.12149085 34183
1 47688U 21006EP  21242.89955445  .00004173  00000-0  24544-3 0  9999
2 47688  97.4874 302.5065 0011554 186.2900 173.8187 15.12146126 34255
1 47688U 21006EP  21243.16424799  .00003351  00000-0  19788-3 0  9994
2 47688  97.4874 302.7660 0011583 185.3518 174.7591 15.12145801 34297
1 47688U 21006EP  21243.42894066  .00003286  00000-0  19406-3 0  9995
2 47688  97.4875 303.0255 0011604 184.3726 175.7405 15.12147412 34336
1 47688U 21006EP  21243.82598049  .00002622  00000-0  15562-3 0  9993
2 47688  97.4875 303.4148 0011649 182.9770 177.1393 15.12147417 34396
1 47688U 21006EP  21244.28919216  .00002636  00000-0  15641-3 0  9990
2 47688  97.4874 303.8690 0011685 181.5967 178.5229 15.12149728 34462
1 47688U 21006EP  21244.81857599  .00002749  00000-0  16293-3 0  9993
2 47688  97.4874 304.3880 0011732 179.7849 180.3389 15.12152805 34547
1 47688U 21006EP  21245.41413198  .00002265  00000-0  13489-3 0  9990
2 47688  97.4874 304.9720 0011804 177.8692 182.2591 15.12154137 34637
1 47688U 21006EP  21245.81116853  .00002429  00000-0  14442-3 0  9994
2 47688  97.4874 305.3613 0011840 176.5650 183.5664 15.12156538 34691
1 47688U 21006EP  21246.40672347  .00001982  00000-0  11850-3 0  9998
2 47688  97.4873 305.9453 0011898 174.5793 185.5569 15.12157453 34780
1 47688U 21006EP  21246.60524133  .00002186  00000-0  13032-3 0  9990
2 47688  97.4873 306.1399 0011919 173.9536 186.1841 15.12158989 34813
1 47688U 21006EP  21247.39931217  .00002455  00000-0  14585-3 0  9995
2 47688  97.4872 306.9185 0011999 171.4032 188.7407 15.12162901 34933
1 47688U 21006EP  21247.59782960  .00002545  00000-0  15109-3 0  9999
2 47688  97.4872 307.1131 0012031 170.7224 189.4231 15.12164008 34966
1 47688U 21006EP  21247.92869154  .00002745  00000-0  16265-3 0  9993
2 47688  97.4871 307.4376 0012058 169.6683 190.4798 15.12165975 35015
1 47688U 21006EP  21248.25955325  .00002744  00000-0  16257-3 0  9996
2 47688  97.4871 307.7620 0012082 168.5955 191.5551 15.12167442 35062
1 47688U 21006EP  21248.59041428  .00002991  00000-0  17689-3 0  9997
2 47688  97.4870 308.0864 0012119 167.5197 192.6336 15.12169851 35118
1 47688U 21006EP  21249.11979102  .00003112  00000-0  18386-3 0  9996
2 47688  97.4868 308.6055 0012164 165.7460 194.4117 15.12173044 35190
1 47688U 21006EP  21249.45065113  .00003146  00000-0  18578-3 0  9991
2 47688  97.4868 308.9299 0012202 164.6196 195.5408 15.12174856 35243
1 47688U 21006EP  21249.91385423  .00003077  00000-0  18179-3 0  9991
2 47688  97.4866 309.3841 0012242 163.1754 196.9885 15.12177377 35310
1 47688U 21006EP  21250.24471304  .00003100  00000-0  18310-3 0  9997
2 47688  97.4866 309.7085 0012276 162.0830 198.0836 15.12179536 35367
1 47688U 21006EP  21250.90642933  .00002994  00000-0  17697-3 0  9995
2 47688  97.4864 310.3573 0012333 159.9368 200.2350 15.12183351 35468
1 47688U 21006EP  21251.43580070  .00003225  00000-0  19029-3 0  9996
2 47688  97.4863 310.8763 0012383 158.2121 201.9638 15.12187658 35547
1 47688U 21006EP  21251.63431496  .00002965  00000-0  17523-3 0  9992
2 47688  97.4862 311.0709 0012403 157.5476 202.6300 15.12188110 35578
1 47688U 21006EP  21252.29602747  .00002703  00000-0  16007-3 0  9990
2 47688  97.4860 311.7197 0012467 155.3870 204.7958 15.12191415 35673
1 47688U 21006EP  21252.82539586  .00002529  00000-0  14999-3 0  9993
2 47688  97.4859 312.2387 0012509 153.6735 206.5134 15.12194319 35757
1 47688U 21006EP  21253.42093463  .00002712  00000-0  16058-3 0  9991
2 47688  97.4856 312.8225 0012563 151.7272 208.4643 15.12198297 35841
1 47688U 21006EP  21253.81795964  .00002646  00000-0  15675-3 0  9999
2 47688  97.4855 313.2118 0012589 150.5327 209.6616 15.12200368 35905
1 47688U 21006EP  21254.08264262  .00002634  00000-0  15604-3 0  9990
2 47688  97.4854 313.4713 0012606 149.7252 210.4709 15.12201882 35943
1 47688U 21006EP  21254.41349517  .00003280  00000-0  19338-3 0  9990
2 47688  97.4854 313.7956 0012629 148.6153 211.5834 15.12206190 35991
1 47688U 21006EP  21254.67817791  .00002926  00000-0  17292-3 0  9995
2 47688  97.4853 314.0551 0012652 147.7444 212.4563 15.12206477 36037
1 47688U 21006EP  21255.14137117  .00003013  00000-0  17790-3 0  9996
2 47688  97.4852 314.5091 0012686 146.3322 213.8717 15.12209444 36108
1 47688U 21006EP  21255.40605298  .00002850  00000-0  16848-3 0  9996
2 47688  97.4852 314.7685 0012713 145.4955 214.7104 15.12210308 36147
1 47688U 21006EP  21255.86924506  .00002963  00000-0  17501-3 0  9994
2 47688  97.4852 315.2226 0012737 144.0878 216.1211 15.12213273 36216
1 47688U 21006EP  21256.26626645  .00002886  00000-0  17051-3 0  9996
2 47688  97.4852 315.6118 0012760 142.8542 217.3574 15.12215200 36273
1 47688U 21006EP  21256.86179689  .00003173  00000-0  18711-3 0  9997
2 47688  97.4852 316.1956 0012794 141.0231 219.1924 15.12219555 36368
1 47688U 21006EP  21257.39115603  .00003179  00000-0  18740-3 0  9990
2 47688  97.4852 316.7145 0012825 139.4206 220.7983 15.12222842 36447
1 47688U 21006EP  21258.31753203  .00003076  00000-0  18147-3 0  9994
2 47688  97.4854 317.6225 0012887 136.5589 223.6659 15.12228048 36589
1 47688U 21006EP  21258.71454913  .00003048  00000-0  17982-3 0  9999
2 47688  97.4854 318.0117 0012925 135.3478 224.8795 15.12230464 36647
1 47688U 21006EP  21258.91305754  .00002965  00000-0  17501-3 0  9993
2 47688  97.4854 318.2063 0012940 134.7516 225.4770 15.12231343 36672
1 47688U 21006EP  21259.44241247  .00002922  00000-0  17252-3 0  9994
2 47688  97.4855 318.7252 0012974 133.0459 227.1861 15.12234488 36755
1 47688U 21006EP  21260.10410465  .00002659  00000-0  15729-3 0  9993
2 47688  97.4855 319.3739 0013018 130.9821 229.2538 15.12237702 36858
1 47688U 21006EP  21260.43495040  .00002431  00000-0  14415-3 0  9990
2 47688  97.4855 319.6982 0013045 129.9699 230.2679 15.12238761 36902
1 47688U 21006EP  21261.42748406  .00002411  00000-0  14294-3 0  9990
2 47688  97.4855 320.6713 0013089 126.9009 233.3423 15.12244486 37055
1 47688U 21006EP  21262.42001548  .00001570  00000-0  94394-4 0  9995
2 47688  97.4853 321.6443 0013129 123.8842 236.3639 15.12246733 37206
1 47688U 21006EP  21262.61852134  .00001661  00000-0  99627-4 0  9996
2 47688  97.4852 321.8389 0013144 123.2450 237.0043 15.12248025 37238
1 47688U 21006EP  21262.88319565  .00001835  00000-0  10967-3 0  9993
2 47688  97.4851 322.0984 0013153 122.4331 237.8174 15.12249716 37275
1 47688U 21006EP  21263.41254404  .00001839  00000-0  10988-3 0  9990
2 47688  97.4850 322.6174 0013169 120.8225 239.4303 15.12251979 37357
1 47688U 21006EP  21263.74338654  .00001798  00000-0  10752-3 0  9999
2 47688  97.4848 322.9417 0013178 119.8149 240.4393 15.12253152 37402
1 47688U 21006EP  21264.20656543  .00001951  00000-0  11633-3 0  9991
2 47688  97.4847 323.3958 0013183 118.4086 241.8475 15.12255422 37472
1 47688U 21006EP  21264.86824876  .00002178  00000-0  12945-3 0  9998
2 47688  97.4844 324.0445 0013201 116.4238 243.8348 15.12258418 37576
1 47688U 21006EP  21265.13292176  .00002261  00000-0  13425-3 0  9998
2 47688  97.4843 324.3039 0013210 115.5874 244.6723 15.12259648 37610
1 47688U 21006EP  21265.39759416  .00002869  00000-0  16931-3 0  9990
2 47688  97.4842 324.5634 0013223 114.7630 245.4978 15.12262616 37651
1 47688U 21006EP  21266.39011365  .00003562  00000-0  20927-3 0  9996
2 47688  97.4839 325.5362 0013246 111.7870 248.4772 15.12269304 37807
1 47688U 21006EP  21266.72095253  .00003549  00000-0  20847-3 0  9997
2 47688  97.4837 325.8605 0013248 110.8285 249.4366 15.12271074 37852
1 47688U 21006EP  21267.11795839  .00003654  00000-0  21453-3 0  9999
2 47688  97.4836 326.2496 0013251 109.5970 250.6693 15.12273804 37911
1 47688U 21006EP  21267.71346532  .00004162  00000-0  24377-3 0  9990
2 47688  97.4835 326.8333 0013267 107.8035 252.4644 15.12279500 38002
1 47688U 21006EP  21268.11046878  .00004146  00000-0  24282-3 0  9992
2 47688  97.4833 327.2223 0013263 106.6318 253.6370 15.12282487 38063
1 47688U 21006EP  21268.44130426  .00004258  00000-0  24925-3 0  9999
2 47688  97.4833 327.5466 0013273 105.6682 254.6014 15.12285487 38114
1 47688U 21006EP  21269.10297292  .00004220  00000-0  24706-3 0  9994
2 47688  97.4832 328.1952 0013315 103.6673 256.6041 15.12291217 38216
1 47688U 21006EP  21269.43380644  .00004353  00000-0  25471-3 0  9991
2 47688  97.4833 328.5194 0013322 102.6864 257.5857 15.12294319 38264
1 47688U 21006EP  21269.63230628  .00004370  00000-0  25563-3 0  9990
2 47688  97.4832 328.7140 0013345 102.0812 258.1915 15.12296140 38297
1 47688U 21006EP  21270.22780444  .00004012  00000-0  23501-3 0  9996
2 47688  97.4832 329.2976 0013366 100.2998 259.9740 15.12300305 38382
1 47688U 21006EP  21270.88946720  .00004079  00000-0  23881-3 0  9993
2 47688  97.4831 329.9460 0013371  98.3184 261.9563 15.12305440 38488
1 47688U 21006EP  21271.41879592  .00003961  00000-0  23199-3 0  9996
2 47688  97.4830 330.4649 0013377  96.7373 263.5381 15.12309103 38566
1 47688U 21006EP  21272.41128352  .00003704  00000-0  21717-3 0  9997
2 47688  97.4830 331.4375 0013340  93.7586 266.5170 15.12315695 38715
1 47688U 21006EP  21272.74211199  .00003497  00000-0  20524-3 0  9999
2 47688  97.4829 331.7617 0013341  92.7722 267.5036 15.12317430 38763
1 47688U 21006EP  21273.13910451  .00004249  00000-0  24852-3 0  9994
2 47688  97.4829 332.1508 0013279  91.5524 268.7227 15.12322349 38821
1 47688U 21006EP  21274.13158378  .00004950  00000-0  28881-3 0  9992
2 47688  97.4830 333.1236 0013233  88.5429 271.7318 15.12331068 38971
1 47688U 21006EP  21274.72706800  .00005275  00000-0  30745-3 0  9999
2 47688  97.4829 333.7071 0013225  86.7838 273.4905 15.12336908 39067
1 47688U 21006EP  21275.12405622  .00005356  00000-0  31209-3 0  9998
2 47688  97.4829 334.0962 0013209  85.5875 274.6865 15.12340662 39127
1 47688U 21006EP  21275.38871506  .00004357  00000-0  25459-3 0  9994
2 47688  97.4830 334.3556 0013203  84.8160 275.4578 15.12340374 39168
1 47688U 21006EP  21275.71953709  .00004879  00000-0  28462-3 0  9993
2 47688  97.4829 334.6799 0013192  83.9460 276.3274 15.12344892 39216
1 47688U 21006EP  21276.11652240  .00005030  00000-0  29325-3 0  9993
2 47688  97.4829 335.0689 0013184  82.7239 277.5490 15.12349449 39273
1 47688U 21006EP  21276.71199926  .00004399  00000-0  25690-3 0  9994
2 47688  97.4830 335.6527 0013176  80.8901 279.3820 15.12353895 39365
1 47688U 21006EP  21277.43980108  .00004257  00000-0  24871-3 0  9997
2 47688  97.4829 336.3661 0013183  78.6603 281.6108 15.12360649 39474
1 47688U 21006EP  21277.63829208  .00004096  00000-0  23943-3 0  9992
2 47688  97.4829 336.5607 0013188  78.0782 282.1927 15.12362162 39504
1 47688U 21006EP  21278.10143682  .00003832  00000-0  22424-3 0  9990
2 47688  97.4828 337.0146 0013198  76.6603 283.6099 15.12365549 39579
1 47688U 21006EP  21278.43225379  .00003692  00000-0  21614-3 0  9994
2 47688  97.4828 337.3389 0013203  75.6467 284.6229 15.12367968 39624
1 47688U 21006EP  21279.42470188  .00003062  00000-0  17990-3 0  9997
2 47688  97.4823 338.3117 0013191  72.6821 287.5852 15.12373958 39772
1 47688U 21006EP  21279.75551689  .00003126  00000-0  18355-3 0  9996
2 47688  97.4822 338.6360 0013166  71.6604 288.6058 15.12376452 39822
1 47688U 21006EP  21280.41714494  .00003312  00000-0  19422-3 0  9999
2 47688  97.4818 339.2845 0013119  69.6217 290.6421 15.12381713 39921
1 47688U 21006EP  21280.74795816  .00003369  00000-0  19751-3 0  9999
2 47688  97.4816 339.6087 0013093  68.5964 291.6662 15.12384331 39971
1 47688U 21006EP  21280.94644581  .00003514  00000-0  20580-3 0  9997
2 47688  97.4816 339.8033 0013090  67.9940 292.2680 15.12386072 40005
1 47688U 21006EP  21281.40958329  .00003370  00000-0  19752-3 0  9996
2 47688  97.4814 340.2572 0013056  66.5446 293.7156 15.12388997 40074
1 47688U 21006EP  21281.74039507  .00003407  00000-0  19965-3 0  9998
2 47688  97.4812 340.5813 0013027  65.5245 294.7343 15.12391486 40129
1 47688U 21006EP  21282.07120630  .00003516  00000-0  20589-3 0  9998
2 47688  97.4810 340.9055 0012990  64.4347 295.8225 15.12394016 40176
1 47688U 21006EP  21282.13736846  .00003384  00000-0  19830-3 0  9997
2 47688  97.4810 340.9703 0012984  64.2195 296.0374 15.12394237 40182
1 47688U 21006EP  21282.73282712  .00003923  00000-0  22924-3 0  9998
2 47688  97.4808 341.5538 0012921  62.3719 297.8821 15.12399652 40276
1 47688U 21006EP  21283.12979873  .00004156  00000-0  24263-3 0  9990
2 47688  97.4807 341.9428 0012893  61.1096 299.1426 15.12402865 40334
1 47688U 21006EP  21283.39444639  .00005985  00000-0  34765-3 0  9995
2 47688  97.4806 342.2021 0012874  60.2756 299.9754 15.12408480 40373
1 47688U 21006EP  21283.59293179  .00004467  00000-0  26050-3 0  9990
2 47688  97.4807 342.3966 0012840  59.6456 300.6042 15.12406370 40405
1 47688U 21006EP  21284.32070746  .00006757  00000-0  39190-3 0  9998
2 47688  97.4806 343.1097 0012791  57.3050 302.9412 15.12418275 40513
1 47688U 21006EP  21284.91616067  .00005273  00000-0  30667-3 0  9997
2 47688  97.4805 343.6931 0012768  55.4948 304.7487 15.12418718 40607
1 47688U 21006EP  21285.18080456  .00005905  00000-0  34294-3 0  9996
2 47688  97.4806 343.9524 0012749  54.6640 305.5781 15.12423078 40643
1 47688U 21006EP  21285.24696558  .00005812  00000-0  33762-3 0  9995
2 47688  97.4806 344.0172 0012735  54.4406 305.8010 15.12423450 40650
1 47688U 21006EP  21285.84241179  .00006629  00000-0  38441-3 0  9992
2 47688  97.4807 344.6007 0012713  52.6838 307.5550 15.12432323 40746
1 47688U 21006EP  21286.43785540  .00005993  00000-0  34787-3 0  9995
2 47688  97.4810 345.1842 0012714  50.8624 309.3735 15.12438422 40838
1 47688U 21006EP  21286.83481639  .00004847  00000-0  28207-3 0  9998
2 47688  97.4811 345.5732 0012705  49.7631 310.4709 15.12441297 40890
1 47688U 21006EP  21287.43025580  .00003954  00000-0  23079-3 0  9994
2 47688  97.4811 346.1566 0012683  47.9997 312.2311 15.12446355 40981
1 47688U 21006EP  21287.89337400  .00003661  00000-0  21390-3 0  9990
2 47688  97.4812 346.6105 0012656  46.6379 313.5904 15.12450486 41057
1 47688U 21006EP  21288.09185295  .00003595  00000-0  21013-3 0  9994
2 47688  97.4812 346.8050 0012646  46.0298 314.1974 15.12452147 41084
1 47688U 21006EP  21288.22417197  .00003614  00000-0  21124-3 0  9993
2 47688  97.4812 346.9347 0012636  45.6150 314.6113 15.12453385 41103
1 47688U 21006EP  21288.75344798  .00003556  00000-0  20784-3 0  9993
2 47688  97.4810 347.4534 0012561  43.7792 316.4432 15.12456998 41188
1 47688U 21006EP  21289.08424517  .00003214  00000-0  18821-3 0  9998
2 47688  97.4809 347.7777 0012539  42.7473 317.4731 15.12458360 41232
1 47688U 21006EP  21289.28272290  .00003158  00000-0  18499-3 0  9997
2 47688  97.4810 347.9722 0012515  42.0964 318.1225 15.12459768 41260
1 47688U 21006EP  21289.41504154  .00003082  00000-0  18067-3 0  9996
2 47688  97.4809 348.1019 0012499  41.6944 318.5237 15.12460374 41288
1 47688U 21006EP  21290.20895174  .00002626  00000-0  15449-3 0  9994
2 47688  97.4807 348.8799 0012416  39.0544 321.1581 15.12464147 41402
1 47688U 21006EP  21291.06901804  .00003595  00000-0  21004-3 0  9997
2 47688  97.4806 349.7228 0012322  36.1935 324.0127 15.12471421 41531
1 47688U 21006EP  21291.39981113  .00004589  00000-0  26702-3 0  9998
2 47688  97.4805 350.0470 0012284  35.1020 325.1018 15.12476255 41581
1 47688U 21006EP  21291.59828715  .00004478  00000-0  26068-3 0  9990
2 47688  97.4805 350.2416 0012257  34.4067 325.7955 15.12477339 41610
1 47688U 21006EP  21292.12755489  .00004763  00000-0  27697-3 0  9993
2 47688  97.4803 350.7603 0012193  32.5571 327.6409 15.12481979 41697
1 47688U 21006EP  21292.19371322  .00004486  00000-0  26107-3 0  9997
2 47688  97.4803 350.8250 0012191  32.3910 327.8067 15.12481925 41704
1 47688U 21006EP  21292.72297935  .00003794  00000-0  22139-3 0  9995
2 47688  97.4801 351.3438 0012131  30.6080 329.5856 15.12484653 41783
1 47688U 21006EP  21293.45071746  .00004354  00000-0  25343-3 0  9999
2 47688  97.4799 352.0570 0012073  28.2094 331.9789 15.12492222 41892
1 47688U 21006EP  21293.84766456  .00003899  00000-0  22734-3 0  9995
2 47688  97.4798 352.4460 0012043  26.9378 333.2475 15.12494444 41952
1 47688U 21006EP  21294.17845306  .00003529  00000-0  20611-3 0  9996
2 47688  97.4796 352.7703 0012009  25.8561 334.3268 15.12496417 42008
1 47688U 21006EP  21294.84002865  .00003432  00000-0  20057-3 0  9992
2 47688  97.4794 353.4185 0011956  23.8492 336.3291 15.12501241 42100
1 47688U 21006EP  21295.10465831  .00003398  00000-0  19859-3 0  9997
2 47688  97.4793 353.6779 0011932  23.0398 337.1366 15.12503203 42147
1 47688U 21006EP  21295.43544514  .00003207  00000-0  18761-3 0  9999
2 47688  97.4792 354.0020 0011902  21.9425 338.2314 15.12504618 42196
1 47688U 21006EP  21295.70007450  .00003016  00000-0  17670-3 0  9998
2 47688  97.4792 354.2613 0011873  21.0240 339.1477 15.12505784 42239
1 47688U 21006EP  21296.22933175  .00002898  00000-0  16987-3 0  9995
2 47688  97.4790 354.7799 0011826  19.2675 340.9000 15.12509071 42310
1 47688U 21006EP  21296.42780304  .00002847  00000-0  16698-3 0  9994
2 47688  97.4790 354.9743 0011814  18.6208 341.5453 15.12510157 42342
1 47688U 21006EP  21296.75858855  .00002649  00000-0  15559-3 0  9992
2 47688  97.4788 355.2984 0011784  17.5015 342.6620 15.12511396 42399
1 47688U 21006EP  21297.42015793  .00002465  00000-0  14504-3 0  9998
2 47688  97.4786 355.9466 0011715  15.3595 344.7989 15.12514576 42497
1 47688U 21006EP  21297.88325572  .00002504  00000-0  14727-3 0  9998
2 47688  97.4785 356.4003 0011675  13.7482 346.4065 15.12517101 42560
1 47688U 21006EP  21298.21403938  .00002512  00000-0  14775-3 0  9991
2 47688  97.4785 356.7244 0011646  12.5947 347.5572 15.12518892 42610
1 47688U 21006EP  21299.14023064  .00003342  00000-0  19526-3 0  9993
2 47688  97.4783 357.6319 0011561   9.3762 350.7683 15.12526658 42759
1 47688U 21006EP  21299.40485602  .00003787  00000-0  22073-3 0  9996
2 47688  97.4783 357.8912 0011536   8.4955 351.6469 15.12529560 42797
1 47688U 21006EP  21300.19872975  .00004337  00000-0  25219-3 0  9995
2 47688  97.4780 358.6688 0011422   5.6532 354.4825 15.12535686 42914
1 47688U 21006EP  21301.38953347  .00005328  00000-0  30886-3 0  9997
2 47688  97.4781 359.8355 0011304   1.3643 358.7617 15.12547621 43092
1 47688U 21006EP  21301.85262110  .00005828  00000-0  33742-3 0  9999
2 47688  97.4781   0.2892 0011257 359.7220   0.4002 15.12553109 43168
1 47688U 21006EP  21302.31570781  .00006427  00000-0  37168-3 0  9999
2 47688  97.4782   0.7429 0011212 358.1675   1.9513 15.12558704 43235
1 47688U 21006EP  21302.84494720  .00007782  00000-0  44909-3 0  9991
2 47688  97.4783   1.2614 0011173 356.3307   3.7840 15.12567300 43310
1 47688U 21006EP  21303.04341110  .00008324  00000-0  47998-3 0  9992
2 47688  97.4784   1.4560 0011177 355.5739   4.5391 15.12571005 43347
1 47688U 21006EP  21303.44033856  .00007440  00000-0  42946-3 0  9997
2 47688  97.4785   1.8449 0011135 354.2510   5.8591 15.12573500 43400
1 47688U 21006EP  21304.43265052  .00007906  00000-0  45593-3 0  9990
2 47688  97.4786   2.8170 0011027 350.9295   9.1735 15.12586395 43555
1 47688U 21006EP  21304.89572588  .00008131  00000-0  46868-3 0  9992
2 47688  97.4787   3.2709 0010999 349.4288  10.6710 15.12593737 43627
1 47688U 21006EP  21305.42495281  .00007095  00000-0  40944-3 0  9993
2 47688  97.4788   3.7898 0010921 347.6600  12.4362 15.12599263 43707
1 47688U 21006EP  21305.62341216  .00006711  00000-0  38749-3 0  9997
2 47688  97.4787   3.9843 0010902 346.9371  13.1576 15.12601612 43734
1 47688U 21006EP  21305.88802405  .00006455  00000-0  37285-3 0  9996
2 47688  97.4787   4.2436 0010862 346.0479  14.0450 15.12604979 43775
1 47688U 21006EP  21306.41724555  .00007636  00000-0  44019-3 0  9990
2 47688  97.4786   4.7623 0010798 344.2660  15.8234 15.12615109 43852
1 47688U 21006EP  21306.81416045  .00007220  00000-0  41640-3 0  9992
2 47688  97.4783   5.1513 0010756 342.7596  17.3268 15.12619635 43916
1 47688U 21006EP  21306.88031285  .00007375  00000-0  42521-3 0  9998
2 47688  97.4783   5.2161 0010753 342.5082  17.5777 15.12620559 43926
1 47688U 21006EP  21307.47568269  .00009113  00000-0  52429-3 0  9991
2 47688  97.4781   5.7995 0010714 340.0523  20.0287 15.12630105 44018
1 47688U 21006EP  21308.13719954  .00011832  00000-0  67906-3 0  9991
2 47688  97.4777   6.4476 0010689 337.3787  22.6971 15.12646114 44113
1 47688U 21006EP  21308.40180265  .00015611  00000-0  89404-3 0  9994
2 47688  97.4775   6.7069 0010683 336.3098  23.7640 15.12659235 44157
1 47688U 21006EP  21309.12946543  .00011020  00000-0  63259-3 0  9993
2 47688  97.4772   7.4200 0010639 333.2710  26.7971 15.12659993 44260
1 47688U 21006EP  21309.72481892  .00008124  00000-0  46740-3 0  9997
2 47688  97.4769   8.0032 0010571 331.1236  28.9409 15.12667922 44352
1 47688U 21006EP  21310.12171870  .00007157  00000-0  41219-3 0  9996
2 47688  97.4767   8.3921 0010535 329.6673  30.3947 15.12674418 44416
1 47688U 21006EP  21310.38631766  .00006501  00000-0  37475-3 0  9990
2 47688  97.4767   8.6514 0010520 328.6555  31.4048 15.12678122 44453
1 47688U 21006EP  21311.11396290  .00005028  00000-0  29067-3 0  9993
2 47688  97.4765   9.3643 0010471 325.9783  34.0776 15.12685595 44561
1 47688U 21006EP  21311.44470932  .00004737  00000-0  27403-3 0  9993
2 47688  97.4765   9.6883 0010451 324.8626  35.1914 15.12689170 44617
1 47688U 21006EP  21312.10619995  .00004278  00000-0  24783-3 0  9999
2 47688  97.4763  10.3363 0010361 322.3416  37.7088 15.12696080 44716
1 47688U 21006EP  21312.89998600  .00003707  00000-0  21523-3 0  9993
2 47688  97.4762  11.1140 0010275 319.5285  40.5181 15.12702245 44833
1 47688U 21006EP  21313.42917517  .00003753  00000-0  21780-3 0  9997
2 47688  97.4762  11.6324 0010208 317.7296  42.3147 15.12706371 44915
1 47688U 21006EP  21313.95836297  .00003357  00000-0  19522-3 0  9991
2 47688  97.4762  12.1508 0010163 315.6934  44.3483 15.12709417 44998
1 47688U 21006EP  21314.09065959  .00003364  00000-0  19562-3 0  9998
2 47688  97.4762  12.2805 0010175 315.1379  44.9028 15.12710539 45012
1 47688U 21006EP  21314.42140073  .00003544  00000-0  20584-3 0  9992
2 47688  97.4763  12.6045 0010150 313.8382  46.2009 15.12713596 45060
1 47688U 21006EP  21315.14902949  .00003348  00000-0  19462-3 0  9995
2 47688  97.4761  13.3174 0010098 311.0804  48.9554 15.12718914 45174
1 47688U 21006EP  21315.54591689  .00003285  00000-0  19102-3 0  9995
2 47688  97.4761  13.7063 0010082 309.4685  50.5654 15.12721808 45239
1 47688U 21006EP  21315.94280342  .00003373  00000-0  19603-3 0  9994
2 47688  97.4761  14.0951 0010087 307.8545  52.1773 15.12724957 45295
1 47688U 21006EP  21316.20739434  .00003161  00000-0  18394-3 0  9996
2 47688  97.4761  14.3544 0010081 306.7851  53.2454 15.12726353 45333
1 47688U 21006EP  21316.60428007  .00003154  00000-0  18351-3 0  9996
2 47688  97.4762  14.7433 0010076 305.1739  54.8548 15.12729038 45397
1 47688U 21006EP  21316.93501804  .00002705  00000-0  15792-3 0  9996
2 47688  97.4762  15.0673 0010070 303.8216  56.2056 15.12729760 45444
1 47688U 21006EP  21317.39805063  .00002849  00000-0  16612-3 0  9992
2 47688  97.4762  15.5210 0010056 301.9808  58.0445 15.12732506 45518
1 47688U 21006EP  21317.59649277  .00002949  00000-0  17184-3 0  9993
2 47688  97.4763  15.7155 0010058 301.1215  58.9029 15.12733909 45543
1 47688U 21006EP  21317.92722962  .00002656  00000-0  15511-3 0  9990
2 47688  97.4763  16.0396 0010031 299.9232  60.1002 15.12735024 45599
1 47688U 21006EP  21318.58870159  .00003157  00000-0  18366-3 0  9993
2 47688  97.4763  16.6877 0010007 297.2291  62.7920 15.12740288 45694
1 47688U 21006EP  21318.78714289  .00003204  00000-0  18632-3 0  9995
2 47688  97.4763  16.8822 0010002 296.4597  63.5607 15.12741499 45721
1 47688U 21006EP  21318.91943692  .00002969  00000-0  17295-3 0  9993
2 47688  97.4763  17.0118 0009995 295.9330  64.0871 15.12741559 45748
1 47688U 21006EP  21319.58090664  .00003407  00000-0  19786-3 0  9994
2 47688  97.4763  17.6599 0009974 293.2724  66.7456 15.12746611 45845
1 47688U 21006EP  21319.84549370  .00003495  00000-0  20289-3 0  9993
2 47688  97.4762  17.9192 0009961 292.2210  67.7964 15.12748569 45884
1 47688U 21006EP  21319.91164046  .00003502  00000-0  20326-3 0  9995
2 47688  97.4762  17.9840 0009960 291.9495  68.0677 15.12748989 45896
1 47688U 21006EP  21320.44081268  .00004149  00000-0  24010-3 0  9991
2 47688  97.4762  18.5025 0009938 289.9005  70.1155 15.12755072 45972
1 47688U 21006EP  21320.70539912  .00003824  00000-0  22159-3 0  9995
2 47688  97.4761  18.7618 0009928 288.8033  71.2120 15.12755734 46014
1 47688U 21006EP  21321.10227766  .00003366  00000-0  19549-3 0  9991
2 47688  97.4760  19.1507 0009928 287.2569  72.7575 15.12757147 46078
1 47688U 21006EP  21321.30071605  .00003556  00000-0  20626-3 0  9991
2 47688  97.4760  19.3451 0009925 286.5050  73.5090 15.12759465 46102
1 47688U 21006EP  21321.89603178  .00003387  00000-0  19663-3 0  9992
2 47688  97.4758  19.9284 0009897 284.1463  75.8668 15.12763204 46190
1 47688U 21006EP  21322.42519940  .00003136  00000-0  18232-3 0  9998
2 47688  97.4759  20.4471 0009840 282.0168  77.9960 15.12767216 46277
1 47688U 21006EP  21322.82207458  .00002648  00000-0  15455-3 0  9991
2 47688  97.4757  20.8359 0009829 280.4122  79.6001 15.12768902 46338
1 47688U 21006EP  21323.41738635  .00002617  00000-0  15277-3 0  9991
2 47688  97.4754  21.4193 0009820 278.0208  81.9908 15.12772619 46429
1 47688U 21006EP  21323.88040585  .00002222  00000-0  13026-3 0  9994
2 47688  97.4752  21.8730 0009845 276.1616  83.8494 15.12774269 46498
1 47688U 21006EP  21324.21113419  .00002650  00000-0  15460-3 0  9998
2 47688  97.4751  22.1969 0009888 274.9419  85.0683 15.12776531 46543
1 47688U 21006EP  21324.40957077  .00002693  00000-0  15704-3 0  9993
2 47688  97.4751  22.3913 0009888 274.1451  85.8650 15.12777707 46573
1 47688U 21006EP  21324.87258864  .00002769  00000-0  16136-3 0  9996
2 47688  97.4749  22.8449 0009886 272.2768  87.7331 15.12780499 46644
1 47688U 21006EP  21325.20331521  .00002944  00000-0  17130-3 0  9996
2 47688  97.4747  23.1689 0009899 270.9741  89.0356 15.12782897 46693
1 47688U 21006EP  21325.79862233  .00003418  00000-0  19827-3 0  9991
2 47688  97.4745  23.7521 0009907 268.5809  91.4287 15.12787382 46784
1 47688U 21006EP  21326.79079749  .00003205  00000-0  18615-3 0  9992
2 47688  97.4743  24.7241 0009930 264.5988  95.4110 15.12792342 46930
1 47688U 21006EP  21327.12152160  .00003246  00000-0  18842-3 0  9996
2 47688  97.4742  25.0480 0009938 263.2679  96.7421 15.12794489 46987
1 47688U 21006EP  21327.58453426  .00003495  00000-0  20259-3 0  9996
2 47688  97.4741  25.5015 0009940 261.3093  98.7012 15.12798357 47052
1 47688U 21006EP  21327.65067887  .00003486  00000-0  20206-3 0  9998
2 47688  97.4741  25.5663 0009944 261.0525  98.9580 15.12798776 47060
1 47688U 21006EP  21328.11369061  .00003594  00000-0  20822-3 0  9993
2 47688  97.4740  26.0198 0009962 259.2002 100.8108 15.12802186 47135
1 47688U 21006EP  21328.97356657  .00003174  00000-0  18427-3 0  9996
2 47688  97.4740  26.8621 0009983 255.7147 104.2976 15.12807102 47266
1 47688U 21006EP  21329.43657533  .00003214  00000-0  18652-3 0  9990
2 47688  97.4740  27.3157 0009998 253.9124 106.1006 15.12810577 47330
1 47688U 21006EP  21329.63500710  .00003340  00000-0  19367-3 0  9990
2 47688  97.4740  27.5101 0009992 253.1326 106.8810 15.12812617 47361
1 47688U 21006EP  21330.09801423  .00003083  00000-0  17908-3 0  9990
2 47688  97.4740  27.9637 0010008 251.2720 108.7425 15.12815272 47437
1 47688U 21006EP  21330.42873348  .00003448  00000-0  19981-3 0  9990
2 47688  97.4741  28.2877 0010007 250.0378 109.9776 15.12818528 47487
1 47688U 21006EP  21330.89173867  .00003001  00000-0  17438-3 0  9990
2 47688  97.4741  28.7413 0010023 248.2317 111.7847 15.12820743 47558
1 47688U 21006EP  21331.15631295  .00002895  00000-0  16832-3 0  9991
2 47688  97.4741  29.0005 0010038 247.2199 112.7971 15.12822286 47599
1 47688U 21006EP  21331.42088745  .00003265  00000-0  18935-3 0  9995
2 47688  97.4741  29.2597 0010041 246.1669 113.8510 15.12824855 47631
1 47688U 21006EP  21331.88389065  .00003058  00000-0  17757-3 0  9995
2 47688  97.4741  29.7133 0010068 244.4031 115.6160 15.12827615 47701
1 47688U 21006EP  21332.41303669  .00003631  00000-0  21009-3 0  9993
2 47688  97.4741  30.2318 0010085 242.3266 117.6942 15.12832834 47786
1 47688U 21006EP  21333.40518150  .00004328  00000-0  24967-3 0  9996
2 47688  97.4741  31.2038 0010132 238.3318 121.6926 15.12841104 47936
1 47688U 21006EP  21333.60361003  .00003939  00000-0  22755-3 0  9991
2 47688  97.4742  31.3982 0010167 237.6711 122.3536 15.12841627 47961
1 47688U 21006EP  21334.13275134  .00004076  00000-0  23530-3 0  9994
2 47688  97.4742  31.9166 0010211 235.7273 124.2992 15.12845914 48043
1 47688U 21006EP  21334.39732134  .00004212  00000-0  24302-3 0  9990
2 47688  97.4742  32.1758 0010231 234.7027 125.3248 15.12848336 48082
1 47688U 21006EP  21334.92646036  .00004034  00000-0  23291-3 0  9992
2 47688  97.4741  32.6943 0010264 232.6558 127.3739 15.12852192 48165
1 47688U 21006EP  21335.12488702  .00004049  00000-0  23370-3 0  9993
2 47688  97.4741  32.8887 0010284 231.9714 128.0590 15.12853975 48198
1 47688U 21006EP  21335.72016433  .00005278  00000-0  30342-3 0  9999
2 47688  97.4741  33.4720 0010326 229.6617 130.3713 15.12862897 48280
1 47688U 21006EP  21336.11701483  .00005528  00000-0  31759-3 0  9990
2 47688  97.4741  33.8608 0010355 228.3002 131.7343 15.12867437 48341
1 47688U 21006EP  21336.58000525  .00005492  00000-0  31548-3 0  9996
2 47688  97.4740  34.3144 0010380 226.4089 133.6282 15.12872584 48413
1 47688U 21006EP  21336.91071165  .00005212  00000-0  29959-3 0  9994
2 47688  97.4738  34.6384 0010387 225.0188 135.0202 15.12875765 48468
1 47688U 21006EP  21337.17527637  .00004931  00000-0  28363-3 0  9998
2 47688  97.4739  34.8976 0010400 224.0609 135.9794 15.12878229 48509
1 47688U 21006EP  21337.43984070  .00004777  00000-0  27483-3 0  9995
2 47688  97.4739  35.1568 0010408 223.0294 137.0124 15.12880729 48549
1 47688U 21006EP  21337.57212266  .00004665  00000-0  26847-3 0  9990
2 47688  97.4738  35.2864 0010412 222.4666 137.5760 15.12882056 48567
1 47688U 21006EP  21338.10124906  .00004968  00000-0  28562-3 0  9995
2 47688  97.4736  35.8047 0010435 220.4010 139.6447 15.12888648 48647
1 47688U 21006EP  21338.43195220  .00004662  00000-0  26823-3 0  9997
2 47688  97.4735  36.1287 0010453 219.0631 140.9846 15.12891426 48690
1 47688U 21006EP  21338.89493604  .00003429  00000-0  19827-3 0  9990
2 47688  97.4732  36.5822 0010486 217.2278 142.8227 15.12892860 48764
1 47688U 21006EP  21339.42405892  .00003557  00000-0  20551-3 0  9990
2 47688  97.4730  37.1005 0010524 215.2371 144.8165 15.12897768 48841
1 47688U 21006EP  21339.75476017  .00003325  00000-0  19235-3 0  9993
2 47688  97.4728  37.4244 0010554 214.0367 146.0188 15.12899879 48890
1 47688U 21006EP  21339.88704039  .00003428  00000-0  19820-3 0  9999
2 47688  97.4727  37.5540 0010564 213.5497 146.5066 15.12901150 48917
1 47688U 21006EP  21340.41616092  .00003159  00000-0  18289-3 0  9990
2 47688  97.4725  38.0723 0010611 211.5982 148.4613 15.12904594 48996
1 47688U 21006EP  21340.74686115  .00002624  00000-0  15257-3 0  9997
2 47688  97.4724  38.3962 0010647 210.4257 149.6358 15.12905399 49045
1 47688U 21006EP  21341.14370043  .00002878  00000-0  16693-3 0  9998
2 47688  97.4722  38.7849 0010685 209.0893 150.9744 15.12908513 49105
1 47688U 21006EP  21341.40825964  .00002761  00000-0  16029-3 0  9998
2 47688  97.4721  39.0441 0010713 208.1526 151.9127 15.12909849 49144
1 47688U 21006EP  21341.80509813  .00002415  00000-0  14068-3 0  9991
2 47688  97.4720  39.4327 0010755 206.7658 153.3020 15.12911328 49206
1 47688U 21006EP  21342.40035485  .00002670  00000-0  15512-3 0  9995
2 47688  97.4720  40.0157 0010815 204.7584 155.3129 15.12915116 49298
1 47688U 21006EP  21342.73105230  .00003026  00000-0  17527-3 0  9991
2 47688  97.4721  40.3396 0010830 203.4439 156.6299 15.12918154 49342
1 47688U 21006EP  21343.59086418  .00003129  00000-0  18110-3 0  9995
2 47688  97.4721  41.1819 0010915 200.3650 159.7147 15.12923248 49476
1 47688U 21006EP  21344.58295080  .00003329  00000-0  19236-3 0  9994
2 47688  97.4722  42.1537 0011003 196.9000 163.1866 15.12929684 49627
1 47688U 21006EP  21344.91364526  .00002944  00000-0  17057-3 0  9994
2 47688  97.4722  42.4776 0011031 195.7513 164.3377 15.12930586 49670
1 47688U 21006EP  21345.44275563  .00003452  00000-0  19930-3 0  9992
2 47688  97.4723  42.9959 0011073 193.9521 166.1406 15.12935452 49753
1 47688U 21006EP  21345.90572606  .00002750  00000-0  15953-3 0  9992
2 47688  97.4724  43.4495 0011118 192.3175 167.7786 15.12936421 49826
1 47688U 21006EP  21346.10414186  .00002667  00000-0  15483-3 0  9998
2 47688  97.4724  43.6439 0011142 191.5643 168.5334 15.12937451 49859
1 47688U 21006EP  21346.43483422  .00003219  00000-0  18608-3 0  9999
2 47688  97.4725  43.9678 0011162 190.3816 169.7186 15.12941309 49900
1 47688U 21006EP  21346.89780238  .00002825  00000-0  16374-3 0  9994
2 47688  97.4725  44.4213 0011204 188.7307 171.3731 15.12943455 49970
1 47688U 21006EP  21347.16235539  .00002741  00000-0  15897-3 0  9990
2 47688  97.4725  44.6805 0011227 187.8264 172.2794 15.12945037 50010
1 47688U 21006EP  21347.42690827  .00002954  00000-0  17103-3 0  9992
2 47688  97.4726  44.9397 0011249 186.8770 173.2309 15.12947307 50054
1 47688U 21006EP  21347.88987450  .00002852  00000-0  16526-3 0  9998
2 47688  97.4725  45.3933 0011284 185.2742 174.8372 15.12950234 50123
1 47688U 21006EP  21348.41897819  .00003109  00000-0  17976-3 0  9993
2 47688  97.4725  45.9116 0011331 183.3940 176.7216 15.12954365 50200
1 47688U 21006EP  21348.61739154  .00003290  00000-0  19003-3 0  9996
2 47688  97.4725  46.1061 0011346 182.7844 177.3326 15.12956310 50238
1 47688U 21006EP  21349.41104399  .00003239  00000-0  18711-3 0  9990
2 47688  97.4724  46.8836 0011411 180.0718 180.0514 15.12961114 50359
1 47688U 21006EP  21349.74173108  .00003838  00000-0  22099-3 0  9999
2 47688  97.4724  47.2077 0011460 178.8052 181.3209 15.12964913 50402
1 47688U 21006EP  21350.40310369  .00004360  00000-0  25046-3 0  9992
2 47688  97.4723  47.8557 0011501 176.7589 183.3718 15.12971177 50506
1 47688U 21006EP  21350.86606264  .00004994  00000-0  28629-3 0  9997
2 47688  97.4721  48.3093 0011532 175.3226 184.8115 15.12976698 50579
1 47688U 21006EP  21351.72583928  .00005846  00000-0  33439-3 0  9996
2 47688  97.4717  49.1515 0011600 172.7328 187.4073 15.12987177 50703
1 47688U 21006EP  21352.12265700  .00006066  00000-0  34676-3 0  9995
2 47688  97.4716  49.5401 0011646 171.4426 188.7005 15.12992438 50766
1 47688U 21006EP  21352.38720167  .00006612  00000-0  37757-3 0  9996
2 47688  97.4715  49.7992 0011665 170.4865 189.6589 15.12996384 50805
1 47688U 21006EP  21352.91628842  .00007521  00000-0  42883-3 0  9998
2 47688  97.4713  50.3175 0011704 168.7302 191.4194 15.13005199 50881
1 47688U 21006EP  21353.44537264  .00007861  00000-0  44789-3 0  9998
2 47688  97.4711  50.8358 0011741 166.8510 193.3030 15.13013187 50963
1 47688U 21006EP  21353.57764320  .00008017  00000-0  45672-3 0  9993
2 47688  97.4711  50.9653 0011745 166.3303 193.8248 15.13015565 50981
1 47688U 21006EP  21353.84218313  .00010502  00000-0  59675-3 0  9999
2 47688  97.4712  51.2245 0011756 165.4131 194.7441 15.13024752 51023
1 47688U 21006EP  21354.17285671  .00012092  00000-0  68629-3 0  9992
2 47688  97.4711  51.5484 0011783 164.2373 195.9227 15.13032652 51073
1 47688U 21006EP  21354.70193063  .00011970  00000-0  67917-3 0  9997
2 47688  97.4711  52.0666 0011839 162.2738 197.8908 15.13044216 51151
1 47688U 21006EP  21354.83419846  .00011928  00000-0  67672-3 0  9992
2 47688  97.4710  52.1962 0011857 161.7757 198.3902 15.13046988 51175
1 47688U 21006EP  21355.16486672  .00011547  00000-0  65513-3 0  9999
2 47688  97.4709  52.5201 0011891 160.4859 199.6829 15.13055226 51223
1 47688U 21006EP  21355.69393301  .00009022  00000-0  51269-3 0  9991
2 47688  97.4708  53.0383 0011939 158.6858 201.4873 15.13063794 51309
1 47688U 21006EP  21356.15686320  .00008699  00000-0  49434-3 0  9999
2 47688  97.4707  53.4917 0012001 157.0520 203.1250 15.13072546 51375
1 47688U 21006EP  21356.42139351  .00009041  00000-0  51355-3 0  9993
2 47688  97.4705  53.7508 0012036 156.2120 203.9670 15.13077230 51411
1 47688U 21006EP  21356.68592272  .00010216  00000-0  57965-3 0  9995
2 47688  97.4704  54.0098 0012064 155.3540 204.8270 15.13084220 51452
1 47688U 21006EP  21357.41337210  .00010585  00000-0  60010-3 0  9990
2 47688  97.4701  54.7223 0012115 153.1429 207.0432 15.13100856 51566
1 47688U 21006EP  21357.74402844  .00010001  00000-0  56712-3 0  9999
2 47688  97.4700  55.0462 0012141 152.1285 208.0599 15.13108043 51619
1 47688U 21006EP  21358.40533559  .00010091  00000-0  57198-3 0  9999
2 47688  97.4697  55.6941 0012099 150.3441 209.8478 15.13123063 51713
1 47688U 21006EP  21358.73598738  .00010313  00000-0  58430-3 0  9992
2 47688  97.4697  56.0180 0012128 149.3450 210.8493 15.13130145 51767
1 47688U 21006EP  21359.39728634  .00010374  00000-0  58753-3 0  9990
2 47688  97.4695  56.6658 0012145 147.3445 212.8539 15.13143190 51860
1 47688U 21006EP  21359.92632123  .00011481  00000-0  64953-3 0  9995
2 47688  97.4696  57.1840 0012142 145.8485 214.3530 15.13155300 51947
1 47688U 21006EP  21360.12470829  .00011460  00000-0  64825-3 0  9997
2 47688  97.4696  57.3783 0012152 145.1815 215.0214 15.13159905 51971
1 47688U 21006EP  21360.71986609  .00010132  00000-0  57348-3 0  9997
2 47688  97.4698  57.9614 0012171 143.2922 216.9145 15.13171213 52061
1 47688U 21006EP  21361.44727425  .00010464  00000-0  59189-3 0  9990
2 47688  97.4701  58.6742 0012196 140.7911 219.4206 15.13186965 52171
1 47688U 21006EP  21361.71178461  .00010607  00000-0  59979-3 0  9996
2 47688  97.4703  58.9334 0012215 139.8478 220.3658 15.13193040 52211
1 47688U 21006EP  21362.17467473  .00010705  00000-0  60512-3 0  9995
2 47688  97.4706  59.3869 0012239 138.2977 221.9189 15.13203731 52287
1 47688U 21006EP  21362.70368791  .00011912  00000-0  67257-3 0  9991
2 47688  97.4706  59.9053 0012252 136.5169 223.7031 15.13217521 52364
1 47688U 21006EP  21363.16657115  .00010059  00000-0  56846-3 0  9996
2 47688  97.4707  60.3589 0012333 134.8451 225.3784 15.13226334 52433
1 47688U 21006EP  21363.29882298  .00010329  00000-0  58374-3 0  9990
2 47688  97.4676  60.4858 0011785 134.1982 225.9966 15.13224230 52453
1 47688U 21006EP  21363.69557705  .00009942  00000-0  56174-3 0  9991
2 47688  97.4706  60.8772 0012397 133.0324 227.1947 15.13237344 52514
1 47688U 21006EP  21364.15845414  .00009806  00000-0  55396-3 0  9994
2 47688  97.4706  61.3308 0012458 131.4733 228.7570 15.13246682 52580
1 47688U 21006EP  21364.68745354  .00008523  00000-0  48195-3 0  9998
2 47688  97.4706  61.8491 0012485 129.9150 230.3181 15.13254665 52669
1 47688U 21006EP  21365.61319577  .00006099  00000-0  34588-3 0  9993
2 47688  97.4702  62.7562 0012545 127.3186 232.9190 15.13265955 52800
1 47688U 21006EP  21365.67931996  .00005990  00000-0  33975-3 0  9992
2 47688  97.4702  62.8210 0012550 127.1585 233.0795 15.13266695 52814
1 47688U 21006EP  22001.14218808  .00005798  00000-0  32897-3 0  9990
2 47688  97.4700  63.2745 0012539 125.8204 234.4195 15.13272604 52883
1 47688U 21006EP  22001.73730152  .00007040  00000-0  39847-3 0  9990
2 47688  97.4697  63.8576 0012510 124.1326 236.1093 15.13282175 52972

