1 47687U 21006EN  21048.81821146  .00000564  00000-0  35729-4 0  9992
2 47687  97.5073 112.1050 0008592 167.6422 192.5021 15.12840758  4934
1 47687U 21006EN  21049.87649532  .00001694  00000-0  10000-3 0  9995
2 47687  97.5061 113.1491 0008760 161.4304 198.7259 15.12843121  5095
1 47687U 21006EN  21051.13320397  .00000618  00000-0  38806-4 0  9992
2 47687  97.5058 114.3850 0008823 157.3893 202.7659 15.12844377  5285
1 47687U 21006EN  21053.05718599  .00000818  00000-0  51947-4 0  9993
2 47687  97.5079 116.2622 0008443 135.0118 225.1798 15.11589703  5570
1 47687U 21006EN  21053.45437058  .00000854  00000-0  54049-4 0  9991
2 47687  97.5078 116.6523 0008471 133.8794 226.3137 15.11590485  5636
1 47687U 21006EN  21053.85155495  .00000907  00000-0  57178-4 0  9992
2 47687  97.5077 117.0426 0008510 132.7657 227.4290 15.11591389  5694
1 47687U 21006EN  21054.44733109  .00000899  00000-0  56695-4 0  9995
2 47687  97.5076 117.6278 0008544 131.0511 229.1459 15.11592363  5781
1 47687U 21006EN  21054.91071202  .00000954  00000-0  59926-4 0  9998
2 47687  97.5074 118.0829 0008568 129.7529 230.4458 15.11593537  5851
1 47687U 21006EN  21055.44029001  .00000898  00000-0  56650-4 0  9995
2 47687  97.5073 118.6031 0008593 128.2924 231.9080 15.11594277  5930
1 47687U 21006EN  21055.77127594  .00000909  00000-0  57299-4 0  9990
2 47687  97.5072 118.9282 0008604 127.3459 232.8557 15.11595058  5988
1 47687U 21006EN  21056.43324721  .00000940  00000-0  59104-4 0  9997
2 47687  97.5071 119.5784 0008634 125.4738 234.7300 15.11596731  6081
1 47687U 21006EN  21056.89662647  .00000801  00000-0  50895-4 0  9993
2 47687  97.5070 120.0336 0008646 124.1681 236.0370 15.11597190  6156
1 47687U 21006EN  21057.62479425  .00000788  00000-0  50120-4 0  9990
2 47687  97.5069 120.7489 0008674 122.0675 238.1399 15.11598683  6265
1 47687U 21006EN  21058.15437032  .00000632  00000-0  40983-4 0  9991
2 47687  97.5067 121.2690 0008697 120.5322 239.6768 15.11598961  6344
1 47687U 21006EN  21058.41915823  .00000679  00000-0  43739-4 0  9992
2 47687  97.5067 121.5291 0008711 119.7591 240.4507 15.11599733  6382
1 47687U 21006EN  21058.88253721  .00000547  00000-0  35963-4 0  9999
2 47687  97.5066 121.9843 0008737 118.4256 241.7856 15.11599832  6459
1 47687U 21006EN  21059.41211264  .00000581  00000-0  37978-4 0  9991
2 47687  97.5066 122.5045 0008756 116.8832 243.3295 15.11600934  6533
1 47687U 21006EN  21059.94168810  .00000522  00000-0  34500-4 0  9990
2 47687  97.5065 123.0246 0008783 115.3760 244.8381 15.11601381  6613
1 47687U 21006EN  21060.40506632  .00000549  00000-0  36071-4 0  9995
2 47687  97.5065 123.4798 0008799 114.0464 246.1688 15.11602169  6680
1 47687U 21006EN  21061.59660893  .00000724  00000-0  46360-4 0  9993
2 47687  97.5063 124.6501 0008852 110.6364 249.5816 15.11604783  6868
1 47687U 21006EN  21062.12618267  .00000858  00000-0  54225-4 0  9998
2 47687  97.5062 125.1703 0008859 109.1290 251.0900 15.11606290  6941
1 47687U 21006EN  21062.58955936  .00000951  00000-0  59715-4 0  9998
2 47687  97.5061 125.6254 0008869 107.8130 252.4069 15.11607533  7016
1 47687U 21006EN  21063.05293585  .00000956  00000-0  60009-4 0  9999
2 47687  97.5059 126.0805 0008875 106.4936 253.7270 15.11608292  7084
1 47687U 21006EN  21063.45011543  .00000978  00000-0  61315-4 0  9990
2 47687  97.5059 126.4706 0008880 105.3950 254.8262 15.11609087  7141
1 47687U 21006EN  21063.78109840  .00000911  00000-0  57378-4 0  9995
2 47687  97.5058 126.7957 0008877 104.4749 255.7466 15.11609267  7194
1 47687U 21006EN  21064.11208110  .00000895  00000-0  56426-4 0  9997
2 47687  97.5057 127.1207 0008868 103.5780 256.6439 15.11609768  7243
1 47687U 21006EN  21064.44306350  .00000915  00000-0  57606-4 0  9992
2 47687  97.5057 127.4458 0008856 102.6269 257.5952 15.11610527  7293
1 47687U 21006EN  21064.77404584  .00000885  00000-0  55828-4 0  9996
2 47687  97.5056 127.7708 0008848 101.7617 258.4606 15.11611022  7344
1 47687U 21006EN  21065.43600901  .00000887  00000-0  55947-4 0  9995
2 47687  97.5055 128.4213 0008769  99.6450 260.5771 15.11612699  7443
1 47687U 21006EN  21065.89938344  .00000875  00000-0  55242-4 0  9995
2 47687  97.5055 128.8763 0008816  98.2213 262.0017 15.11613722  7518
1 47687U 21006EN  21066.42895386  .00000866  00000-0  54688-4 0  9996
2 47687  97.5054 129.3963 0008813  96.7999 263.4234 15.11614889  7595
1 47687U 21006EN  21066.82613084  .00000877  00000-0  55374-4 0  9998
2 47687  97.5053 129.7863 0008868  95.6874 264.5368 15.11616106  7658
1 47687U 21006EN  21067.15711176  .00000859  00000-0  54289-4 0  9990
2 47687  97.5052 130.1113 0008868  94.7102 265.5141 15.11616851  7708
1 47687U 21006EN  21067.81906061  .00002062  00000-0  12505-3 0  9994
2 47687  97.5048 130.7613 0008888  92.9614 267.2634 15.11629177  7806
1 47687U 21006EN  21067.88525532  .00001761  00000-0  10732-3 0  9996
2 47687  97.5050 130.8267 0008958  92.9342 267.2914 15.11629191  7819
1 47687U 21006EN  21068.48101561  .00002172  00000-0  13147-3 0  9995
2 47687  97.5050 131.4116 0008897  91.3381 268.8869 15.11632218  7907
1 47687U 21006EN  21068.74579776  .00002097  00000-0  12706-3 0  9997
2 47687  97.5049 131.6716 0008876  90.6129 269.6118 15.11633173  7943
1 47687U 21006EN  21069.14297082  .00002030  00000-0  12315-3 0  9992
2 47687  97.5047 132.0617 0008889  89.3922 270.8326 15.11634669  8000
1 47687U 21006EN  21069.47394830  .00001961  00000-0  11906-3 0  9994
2 47687  97.5047 132.3868 0008886  88.4529 271.7719 15.11635462  8054
1 47687U 21006EN  21069.87112077  .00001917  00000-0  11650-3 0  9996
2 47687  97.5046 132.7768 0008865  87.3106 272.9138 15.11636635  8110
1 47687U 21006EN  21070.46687879  .00002038  00000-0  12358-3 0  9991
2 47687  97.5044 133.3618 0008846  85.6668 274.5573 15.11638963  8209
1 47687U 21006EN  21070.79785496  .00002161  00000-0  13084-3 0  9995
2 47687  97.5043 133.6868 0008832  84.7168 275.5069 15.11640509  8253
1 47687U 21006EN  21071.12883114  .00002044  00000-0  12395-3 0  9993
2 47687  97.5042 134.0118 0008816  83.7975 276.4259 15.11641170  8304
1 47687U 21006EN  21071.79078188  .00002453  00000-0  14795-3 0  9993
2 47687  97.5040 134.6618 0008808  81.9496 278.2733 15.11644952  8401
1 47687U 21006EN  21071.85697688  .00002474  00000-0  14920-3 0  9995
2 47687  97.5040 134.7268 0008805  81.7653 278.4576 15.11645260  8414
1 47687U 21006EN  21072.45273061  .00002838  00000-0  17058-3 0  9996
2 47687  97.5038 135.3118 0008801  80.1242 280.0981 15.11649269  8507
1 47687U 21006EN  21072.78370384  .00003148  00000-0  18877-3 0  9993
2 47687  97.5037 135.6368 0008793  79.1843 281.0377 15.11652249  8558
1 47687U 21006EN  21073.18087131  .00003133  00000-0  18789-3 0  9999
2 47687  97.5036 136.0267 0008751  78.0729 282.1482 15.11654600  8614
1 47687U 21006EN  21073.44564873  .00003459  00000-0  20701-3 0  9999
2 47687  97.5036 136.2867 0008755  77.3567 282.8642 15.11657552  8656
1 47687U 21006EN  21074.43856103  .00003932  00000-0  23472-3 0  9993
2 47687  97.5033 137.2616 0008764  74.6138 285.6060 15.11667288  8809
1 47687U 21006EN  21074.90191858  .00003155  00000-0  18907-3 0  9998
2 47687  97.5031 137.7166 0008770  73.3519 286.8673 15.11669281  8873
1 47687U 21006EN  21075.43146873  .00002868  00000-0  17223-3 0  9994
2 47687  97.5030 138.2366 0008762  71.9103 288.3081 15.11672741  8958
1 47687U 21006EN  21075.69624362  .00002484  00000-0  14965-3 0  9990
2 47687  97.5029 138.4966 0008751  71.1815 289.0364 15.11673651  8991
1 47687U 21006EN  21075.89482480  .00002630  00000-0  15823-3 0  9992
2 47687  97.5029 138.6916 0008702  70.4537 289.7632 15.11674086  9020
1 47687U 21006EN  21076.42437335  .00002392  00000-0  14426-3 0  9994
2 47687  97.5028 139.2116 0008673  68.9300 291.2856 15.11676844  9104
1 47687U 21006EN  21076.75534092  .00002182  00000-0  13192-3 0  9994
2 47687  97.5027 139.5366 0008648  67.9335 292.2813 15.11678096  9152
1 47687U 21006EN  21076.88772803  .00001985  00000-0  12037-3 0  9999
2 47687  97.5026 139.6666 0008644  67.5699 292.6446 15.11678059  9177
1 47687U 21006EN  21077.41727522  .00002209  00000-0  13348-3 0  9993
2 47687  97.5025 140.1866 0008618  66.0199 294.1933 15.11681440  9250
1 47687U 21006EN  21077.88062941  .00001577  00000-0  96355-4 0  9998
2 47687  97.5024 140.6415 0008587  64.6875 295.5244 15.11681036  9323
1 47687U 21006EN  21078.14540284  .00001595  00000-0  97402-4 0  9993
2 47687  97.5023 140.9015 0008567  63.8978 296.3133 15.11682023  9361
1 47687U 21006EN  21078.21159608  .00001797  00000-0  10927-3 0  9997
2 47687  97.5023 140.9665 0008569  63.7214 296.4896 15.11682920  9370
1 47687U 21006EN  21078.74114228  .00001989  00000-0  12054-3 0  9990
2 47687  97.5023 141.4865 0008532  62.2048 298.0046 15.11685246  9455
1 47687U 21006EN  21079.40307413  .00002139  00000-0  12938-3 0  9993
2 47687  97.5023 142.1365 0008476  60.2212 299.9860 15.11687804  9553
1 47687U 21006EN  21079.73403893  .00002800  00000-0  16815-3 0  9991
2 47687  97.5022 142.4615 0008471  59.3187 300.8877 15.11691362  9608
1 47687U 21006EN  21080.13119596  .00003098  00000-0  18563-3 0  9993
2 47687  97.5022 142.8514 0008432  58.0736 302.1313 15.11694279  9669
1 47687U 21006EN  21080.72692984  .00003718  00000-0  22197-3 0  9992
2 47687  97.5022 143.4364 0008380  56.3584 303.8445 15.11699720  9753
1 47687U 21006EN  21081.58743141  .00004384  00000-0  26099-3 0  9994
2 47687  97.5021 144.2814 0008290  53.7494 306.4502 15.11707179  9887
1 47687U 21006EN  21081.65362378  .00004277  00000-0  25474-3 0  9998
2 47687  97.5021 144.3464 0008282  53.5497 306.6496 15.11707402  9895
1 47687U 21006EN  21082.11696858  .00004138  00000-0  24653-3 0  9997
2 47687  97.5021 144.8012 0008251  52.2283 307.9694 15.11711181  9965
1 47687U 21006EN  21082.58031258  .00003844  00000-0  22931-3 0  9995
2 47687  97.5022 145.2562 0008233  50.9638 309.2324 15.11714376 10034
1 47687U 21006EN  21082.91127186  .00003680  00000-0  21963-3 0  9990
2 47687  97.5022 145.5812 0008218  50.0792 310.1160 15.11716552 10082
1 47687U 21006EN  21083.24223058  .00003483  00000-0  20808-3 0  9990
2 47687  97.5022 145.9061 0008197  49.1200 311.0739 15.11718792 10137
1 47687U 21006EN  21083.44080558  .00003473  00000-0  20752-3 0  9995
2 47687  97.5023 146.1011 0008192  48.5883 311.6050 15.11720228 10163
1 47687U 21006EN  21083.77176341  .00003547  00000-0  21179-3 0  9993
2 47687  97.5022 146.4261 0008174  47.6963 312.4959 15.11722945 10212
1 47687U 21006EN  21084.43367775  .00003483  00000-0  20805-3 0  9994
2 47687  97.5020 147.0759 0008118  45.6240 314.5654 15.11727383 10310
1 47687U 21006EN  21085.09558986  .00003422  00000-0  20445-3 0  9996
2 47687  97.5017 147.7258 0008077  43.6322 316.5546 15.11732067 10418
1 47687U 21006EN  21085.16178107  .00003312  00000-0  19802-3 0  9990
2 47687  97.5017 147.7908 0008070  43.4291 316.7574 15.11732166 10420
1 47687U 21006EN  21085.88988193  .00003524  00000-0  21039-3 0  9993
2 47687  97.5016 148.5056 0008037  41.5896 318.5944 15.11737862 10536
1 47687U 21006EN  21086.15464524  .00003510  00000-0  20958-3 0  9995
2 47687  97.5014 148.7656 0008016  40.7585 319.4244 15.11739794 10578
1 47687U 21006EN  21086.41940846  .00003250  00000-0  19434-3 0  9998
2 47687  97.5014 149.0255 0007984  39.9516 320.2301 15.11740851 10619
1 47687U 21006EN  21086.88274349  .00002966  00000-0  17765-3 0  9995
2 47687  97.5011 149.4804 0007928  38.4330 321.7464 15.11742955 10686
1 47687U 21006EN  21087.21369671  .00002692  00000-0  16160-3 0  9990
2 47687  97.5009 149.8053 0007889  37.3174 322.8603 15.11744249 10734
1 47687U 21006EN  21087.74322114  .00003014  00000-0  18046-3 0  9993
2 47687  97.5007 150.3251 0007822  35.3410 324.8337 15.11747820 10810
1 47687U 21006EN  21088.20655483  .00002506  00000-0  15067-3 0  9998
2 47687  97.5005 150.7800 0007778  33.8914 326.2812 15.11748438 10881
1 47687U 21006EN  21088.40512602  .00002594  00000-0  15580-3 0  9992
2 47687  97.5005 150.9749 0007758  33.2753 326.8964 15.11749656 10919
1 47687U 21006EN  21088.73607764  .00002752  00000-0  16507-3 0  9998
2 47687  97.5003 151.2998 0007725  32.2667 327.9035 15.11751808 10962
1 47687U 21006EN  21089.19940979  .00002597  00000-0  15597-3 0  9992
2 47687  97.5002 151.7547 0007678  30.7258 329.4420 15.11753322 11039
1 47687U 21006EN  21089.79512150  .00002571  00000-0  15444-3 0  9997
2 47687  97.5000 152.3395 0007625  28.8728 331.2923 15.11755816 11126
1 47687U 21006EN  21090.12607189  .00002678  00000-0  16073-3 0  9990
2 47687  97.4999 152.6645 0007590  27.7854 332.3780 15.11757618 11172
1 47687U 21006EN  21090.92035091  .00002930  00000-0  17545-3 0  9991
2 47687  97.4997 153.4442 0007509  25.3939 334.7659 15.11762283 11290
1 47687U 21006EN  21091.25129941  .00003303  00000-0  19730-3 0  9999
2 47687  97.4997 153.7691 0007472  24.1995 335.9585 15.11765425 11345
1 47687U 21006EN  21091.71462682  .00003377  00000-0  20163-3 0  9995
2 47687  97.4997 154.2241 0007428  22.7376 337.4182 15.11768395 11417
1 47687U 21006EN  21092.17795370  .00003109  00000-0  18589-3 0  9991
2 47687  97.4997 154.6790 0007395  21.3470 338.8068 15.11770274 11487
1 47687U 21006EN  21092.44271132  .00003130  00000-0  18713-3 0  9999
2 47687  97.4997 154.9389 0007374  20.5531 339.5994 15.11771989 11525
1 47687U 21006EN  21092.70746882  .00002913  00000-0  17445-3 0  9996
2 47687  97.4997 155.1989 0007344  19.6496 340.5016 15.11772967 11568
1 47687U 21006EN  21093.23698279  .00002837  00000-0  16998-3 0  9998
2 47687  97.4997 155.7187 0007294  17.9706 342.1781 15.11776057 11643
1 47687U 21006EN  21093.89887395  .00002416  00000-0  14528-3 0  9999
2 47687  97.4997 156.3686 0007239  15.7931 344.3524 15.11778704 11740
1 47687U 21006EN  21094.36219691  .00002195  00000-0  13236-3 0  9999
2 47687  97.4997 156.8234 0007191  14.2918 345.8514 15.11780676 11814
1 47687U 21006EN  21094.69314158  .00002062  00000-0  12452-3 0  9991
2 47687  97.4996 157.1483 0007162  13.1894 346.9522 15.11782013 11865
1 47687U 21006EN  21095.22265252  .00001842  00000-0  11164-3 0  9995
2 47687  97.4996 157.6681 0007105  11.3713 348.7677 15.11783832 11947
1 47687U 21006EN  21095.81835164  .00001693  00000-0  10291-3 0  9999
2 47687  97.4995 158.2529 0007046   9.3388 350.7972 15.11785848 12034
1 47687U 21006EN  21095.95072911  .00001693  00000-0  10293-3 0  9999
2 47687  97.4995 158.3829 0007030   8.8861 351.2492 15.11786352 12057
1 47687U 21006EN  21096.14929524  .00001684  00000-0  10238-3 0  9991
2 47687  97.4995 158.5778 0007013   8.1715 351.9628 15.11787148 12089
1 47687U 21006EN  21096.74499338  .00001554  00000-0  94742-4 0  9991
2 47687  97.4994 159.1626 0006948   6.1376 353.9938 15.11788808 12174
1 47687U 21006EN  21097.40687925  .00001713  00000-0  10410-3 0  9992
2 47687  97.4993 159.8123 0006877   3.7452 356.3829 15.11791415 12276
1 47687U 21006EN  21097.87019849  .00002113  00000-0  12752-3 0  9993
2 47687  97.4992 160.2671 0006829   2.0727 358.0531 15.11794247 12346
1 47687U 21006EN  21098.39970517  .00002670  00000-0  16009-3 0  9996
2 47687  97.4991 160.7869 0006767   0.1446 359.9785 15.11798056 12429
1 47687U 21006EN  21098.79683496  .00002529  00000-0  15186-3 0  9995
2 47687  97.4990 161.1766 0006724 358.7472   1.3741 15.11799139 12482
1 47687U 21006EN  21098.86302328  .00002464  00000-0  14802-3 0  9997
2 47687  97.4990 161.2416 0006716 358.5175   1.6034 15.11799131 12495
1 47687U 21006EN  21099.12777602  .00002540  00000-0  15248-3 0  9998
2 47687  97.4989 161.5014 0006687 357.4495   2.6700 15.11800507 12536
1 47687U 21006EN  21099.92203291  .00002653  00000-0  15905-3 0  9999
2 47687  97.4987 162.2810 0006587 354.5073   5.6084 15.11804359 12655
1 47687U 21006EN  21100.12059672  .00002671  00000-0  16010-3 0  9994
2 47687  97.4987 162.4758 0006569 353.7503   6.3644 15.11805467 12681
1 47687U 21006EN  21100.45153633  .00002571  00000-0  15428-3 0  9993
2 47687  97.4986 162.8007 0006545 352.6521   7.4613 15.11806744 12736
1 47687U 21006EN  21100.84866323  .00002643  00000-0  15849-3 0  9990
2 47687  97.4985 163.1905 0006514 351.2576   8.8540 15.11809000 12795
1 47687U 21006EN  21101.51054000  .00002842  00000-0  17009-3 0  9997
2 47687  97.4984 163.8402 0006443 348.8805  11.2282 15.11813190 12898
1 47687U 21006EN  21101.90766539  .00002380  00000-0  14307-3 0  9992
2 47687  97.4983 164.2301 0006394 347.4462  12.6609 15.11813898 12959
1 47687U 21006EN  21102.10622789  .00002344  00000-0  14095-3 0  9997
2 47687  97.4983 164.4249 0006375 346.6962  13.4099 15.11814885 12989
1 47687U 21006EN  21103.42997462  .00001873  00000-0  11336-3 0  9997
2 47687  97.4980 165.7242 0006245 341.7942  18.3063 15.11820294 13182
1 47687U 21006EN  21104.15803302  .00001943  00000-0  11745-3 0  9999
2 47687  97.4976 166.4388 0006186 338.9569  21.1406 15.11824077 13291
1 47687U 21006EN  21105.21702457  .00002369  00000-0  14234-3 0  9995
2 47687  97.4973 167.4783 0006097 334.7554  25.3377 15.11830144 13450
1 47687U 21006EN  21105.48177228  .00002198  00000-0  13235-3 0  9996
2 47687  97.4973 167.7382 0006076 333.6551  26.4369 15.11830589 13490
1 47687U 21006EN  21105.87889365  .00001626  00000-0  98867-4 0  9991
2 47687  97.4972 168.1279 0006046 332.0569  28.0335 15.11830201 13557
1 47687U 21006EN  21106.47457433  .00001844  00000-0  11164-3 0  9991
2 47687  97.4971 168.7126 0006005 329.6417  30.4465 15.11833257 13647
1 47687U 21006EN  21106.80550766  .00001894  00000-0  11455-3 0  9999
2 47687  97.4970 169.0374 0005984 328.2236  31.8632 15.11834698 13690
1 47687U 21006EN  21106.87169417  .00001927  00000-0  11650-3 0  9999
2 47687  97.4970 169.1024 0005982 328.0226  32.0641 15.11835118 13701
1 47687U 21006EN  21107.46737155  .00002821  00000-0  16875-3 0  9993
2 47687  97.4970 169.6871 0005939 325.5403  34.5441 15.11841182 13799
1 47687U 21006EN  21107.93067521  .00003588  00000-0  21359-3 0  9992
2 47687  97.4966 170.1418 0005921 323.1643  36.9180 15.11845462 13868
1 47687U 21006EN  21108.12923357  .00003591  00000-0  21377-3 0  9996
2 47687  97.4966 170.3367 0005913 322.2847  37.7969 15.11846987 13890
1 47687U 21006EN  21108.46016311  .00004425  00000-0  26243-3 0  9990
2 47687  97.4967 170.6615 0005893 320.9119  39.1685 15.11851790 13949
1 47687U 21006EN  21108.85727793  .00004572  00000-0  27104-3 0  9996
2 47687  97.4966 171.0513 0005870 319.2916  40.7875 15.11855721 14006
1 47687U 21006EN  21109.45294825  .00004381  00000-0  25980-3 0  9996
2 47687  97.4967 171.6360 0005829 316.7829  43.2943 15.11861072 14091
1 47687U 21006EN  21109.91624554  .00004421  00000-0  26213-3 0  9998
2 47687  97.4968 172.0907 0005786 314.9546  45.1214 15.11865958 14169
1 47687U 21006EN  21110.44572682  .00004042  00000-0  23998-3 0  9998
2 47687  97.4969 172.6104 0005741 312.7646  47.3101 15.11870262 14245
1 47687U 21006EN  21110.71046680  .00004045  00000-0  24009-3 0  9999
2 47687  97.4969 172.8702 0005718 311.7550  48.3191 15.11872889 14289
1 47687U 21006EN  21110.90902164  .00003825  00000-0  22727-3 0  9998
2 47687  97.4969 173.0651 0005698 310.9830  49.0907 15.11874058 14311
1 47687U 21006EN  21111.43849992  .00003576  00000-0  21267-3 0  9997
2 47687  97.4971 173.5848 0005652 308.7191  51.3534 15.11878319 14396
1 47687U 21006EN  21111.70323860  .00003372  00000-0  20075-3 0  9998
2 47687  97.4971 173.8447 0005631 307.6065  52.4654 15.11880160 14436
1 47687U 21006EN  21112.10034602  .00003238  00000-0  19293-3 0  9997
2 47687  97.4971 174.2345 0005600 305.9576  54.1135 15.11883010 14498
1 47687U 21006EN  21112.43126855  .00002812  00000-0  16806-3 0  9999
2 47687  97.4971 174.5593 0005570 304.5544  55.5161 15.11884392 14546
1 47687U 21006EN  21112.89455937  .00002833  00000-0  16926-3 0  9991
2 47687  97.4969 175.0139 0005590 302.3500  57.7188 15.11886781 14610
1 47687U 21006EN  21113.15929679  .00002439  00000-0  14623-3 0  9994
2 47687  97.4969 175.2737 0005582 301.1468  58.9215 15.11887355 14653
1 47687U 21006EN  21113.42403370  .00002422  00000-0  14525-3 0  9992
2 47687  97.4969 175.5336 0005566 299.9774  60.0904 15.11889036 14698
1 47687U 21006EN  21114.41679498  .00002549  00000-0  15264-3 0  9999
2 47687  97.4967 176.5080 0005534 295.7384  64.3275 15.11895556 14848
1 47687U 21006EN  21114.61534683  .00002561  00000-0  15333-3 0  9998
2 47687  97.4966 176.7028 0005537 294.7620  65.3034 15.11896763 14874
1 47687U 21006EN  21114.81389851  .00002797  00000-0  16707-3 0  9992
2 47687  97.4966 176.8977 0005528 293.9321  66.1330 15.11898570 14907
1 47687U 21006EN  21115.40955279  .00002932  00000-0  17495-3 0  9997
2 47687  97.4964 177.4823 0005513 291.2418  68.8224 15.11902296 14995
1 47687U 21006EN  21115.74047090  .00003295  00000-0  19613-3 0  9994
2 47687  97.4963 177.8071 0005498 289.5621  70.5015 15.11905107 15040
1 47687U 21006EN  21115.87283796  .00003623  00000-0  21528-3 0  9996
2 47687  97.4962 177.9370 0005499 289.0080  71.0555 15.11906676 15066
1 47687U 21006EN  21116.60085546  .00004194  00000-0  24854-3 0  9990
2 47687  97.4960 178.6515 0005515 285.6246  74.4375 15.11913140 15171
1 47687U 21006EN  21116.79940532  .00004075  00000-0  24162-3 0  9995
2 47687  97.4959 178.8463 0005515 284.7192  75.3427 15.11914211 15205
1 47687U 21006EN  21117.13032120  .00004094  00000-0  24270-3 0  9990
2 47687  97.4957 179.1711 0005529 283.2306  76.8308 15.11916732 15258
1 47687U 21006EN  21117.39505372  .00003819  00000-0  22664-3 0  9991
2 47687  97.4957 179.4309 0005532 281.9495  78.1115 15.11917891 15294
1 47687U 21006EN  21118.12306593  .00003750  00000-0  22256-3 0  9998
2 47687  97.4954 180.1454 0005531 278.7475  81.3129 15.11923324 15404
1 47687U 21006EN  21118.45397986  .00003615  00000-0  21467-3 0  9993
2 47687  97.4954 180.4702 0005533 277.1810  82.8791 15.11925364 15453
1 47687U 21006EN  21118.85107615  .00003226  00000-0  19196-3 0  9999
2 47687  97.4952 180.8599 0005519 275.4518  84.6083 15.11927160 15516
1 47687U 21006EN  21119.38053691  .00002976  00000-0  17740-3 0  9996
2 47687  97.4954 181.3796 0005503 272.9900  87.0701 15.11929711 15599
1 47687U 21006EN  21119.77763163  .00002887  00000-0  17216-3 0  9990
2 47687  97.4953 181.7693 0005497 271.1820  88.8780 15.11932084 15652
1 47687U 21006EN  21120.43945519  .00002536  00000-0  15168-3 0  9997
2 47687  97.4952 182.4189 0005497 268.1194  91.9407 15.11935004 15756
1 47687U 21006EN  21120.77036636  .00002427  00000-0  14533-3 0  9999
2 47687  97.4952 182.7436 0005490 266.7319  93.3283 15.11936640 15801
1 47687U 21006EN  21121.43218746  .00002398  00000-0  14363-3 0  9995
2 47687  97.4951 183.3932 0005498 263.7322  96.3283 15.11940321 15902
1 47687U 21006EN  21121.63073363  .00002313  00000-0  13866-3 0  9995
2 47687  97.4951 183.5881 0005499 262.8531  97.2074 15.11941143 15934
1 47687U 21006EN  21121.69691557  .00002420  00000-0  14492-3 0  9997
2 47687  97.4951 183.6530 0005500 262.5747  97.4858 15.11941841 15943
1 47687U 21006EN  21122.42491694  .00002225  00000-0  13352-3 0  9996
2 47687  97.4950 184.3675 0005514 259.3545 100.7064 15.11944856 16054
1 47687U 21006EN  21122.75582604  .00002227  00000-0  13362-3 0  9997
2 47687  97.4950 184.6923 0005524 257.9440 102.1172 15.11946523 16107
1 47687U 21006EN  21123.41764347  .00002085  00000-0  12532-3 0  9997
2 47687  97.4949 185.3418 0005551 254.9884 105.0732 15.11949156 16201
1 47687U 21006EN  21123.74855184  .00001977  00000-0  11902-3 0  9992
2 47687  97.4949 185.6666 0005561 253.5290 106.5329 15.11950272 16250
1 47687U 21006EN  21124.14564143  .00002035  00000-0  12241-3 0  9992
2 47687  97.4949 186.0563 0005588 251.8557 108.2065 15.11952150 16317
1 47687U 21006EN  21124.47654933  .00001817  00000-0  10972-3 0  9991
2 47687  97.4949 186.3810 0005605 250.3833 109.6793 15.11952750 16360
1 47687U 21006EN  21124.87363829  .00001898  00000-0  11444-3 0  9990
2 47687  97.4948 186.7707 0005631 248.6957 111.3673 15.11954538 16424
1 47687U 21006EN  21125.33690843  .00001901  00000-0  11460-3 0  9994
2 47687  97.4949 187.2254 0005664 246.6769 113.3865 15.11956264 16493
1 47687U 21006EN  21126.39580997  .00001882  00000-0  11347-3 0  9991
2 47687  97.4949 188.2645 0005741 242.0981 117.9669 15.11959798 16655
1 47687U 21006EN  21126.79289735  .00001944  00000-0  11706-3 0  9999
2 47687  97.4948 188.6542 0005759 240.3973 119.6684 15.11961374 16711
1 47687U 21006EN  21127.38852770  .00002076  00000-0  12476-3 0  9992
2 47687  97.4948 189.2387 0005805 237.7879 122.2789 15.11963804 16808
1 47687U 21006EN  21127.78561360  .00001889  00000-0  11387-3 0  9999
2 47687  97.4948 189.6282 0005790 236.4233 123.6446 15.11965406 16860
1 47687U 21006EN  21127.91797553  .00001880  00000-0  11330-3 0  9998
2 47687  97.4948 189.7581 0005801 235.8432 124.2249 15.11965874 16889
1 47687U 21006EN  21128.91068904  .00001771  00000-0  10699-3 0  9996
2 47687  97.4946 190.7323 0005876 231.6565 128.4138 15.11969116 17030
1 47687U 21006EN  21129.10923153  .00001746  00000-0  10552-3 0  9994
2 47687  97.4946 190.9271 0005889 230.8495 129.2213 15.11969730 17069
1 47687U 21006EN  21129.17541240  .00001710  00000-0  10340-3 0  9990
2 47687  97.4946 190.9921 0005897 230.5837 129.4872 15.11969760 17074
1 47687U 21006EN  21129.44013554  .00001691  00000-0  10230-3 0  9998
2 47687  97.4945 191.2519 0005916 229.5047 130.5668 15.11970615 17115
1 47687U 21006EN  21129.70485849  .00001656  00000-0  10028-3 0  9993
2 47687  97.4945 191.5116 0005944 228.4439 131.6282 15.11971417 17154
1 47687U 21006EN  21130.16812312  .00001668  00000-0  10096-3 0  9992
2 47687  97.4944 191.9662 0005986 226.6113 133.4620 15.11973213 17228
1 47687U 21006EN  21130.43284568  .00001653  00000-0  10006-3 0  9993
2 47687  97.4944 192.2260 0006006 225.5363 134.5377 15.11974066 17267
1 47687U 21006EN  21130.89610940  .00001682  00000-0  10178-3 0  9992
2 47687  97.4943 192.6805 0006046 223.7027 136.3726 15.11976012 17335
1 47687U 21006EN  21131.22701160  .00001831  00000-0  11044-3 0  9994
2 47687  97.4943 193.0053 0006070 222.4377 137.6384 15.11978134 17382
1 47687U 21006EN  21131.75645506  .00001718  00000-0  10384-3 0  9993
2 47687  97.4943 193.5247 0006108 220.2009 139.8770 15.11979528 17462
1 47687U 21006EN  21132.41825832  .00001648  00000-0  99734-4 0  9998
2 47687  97.4943 194.1742 0006168 217.6002 142.4798 15.11981648 17565
1 47687U 21006EN  21132.68297796  .00002291  00000-0  13720-3 0  9994
2 47687  97.4942 194.4340 0006177 216.5815 143.4995 15.11986531 17602
1 47687U 21006EN  21133.74185833  .00002375  00000-0  14209-3 0  9996
2 47687  97.4936 195.4731 0006275 211.8581 148.2271 15.11990727 17766
1 47687U 21006EN  21134.46983644  .00002283  00000-0  13669-3 0  9999
2 47687  97.4935 196.1875 0006347 209.1446 150.9431 15.11993911 17870
1 47687U 21006EN  21134.73455542  .00002260  00000-0  13537-3 0  9999
2 47687  97.4935 196.4472 0006378 208.1577 151.9310 15.11995117 17916
1 47687U 21006EN  21135.13163342  .00002241  00000-0  13427-3 0  9995
2 47687  97.4934 196.8369 0006429 206.7469 153.3430 15.11996938 17972
1 47687U 21006EN  21135.85960810  .00002301  00000-0  13774-3 0  9991
2 47687  97.4933 197.5513 0006495 203.9823 156.1106 15.12000857 18087
1 47687U 21006EN  21136.45522219  .00002492  00000-0  14882-3 0  9997
2 47687  97.4933 198.1357 0006551 201.7397 158.3557 15.12004656 18170
1 47687U 21006EN  21136.78611833  .00002489  00000-0  14865-3 0  9991
2 47687  97.4932 198.4605 0006589 200.5848 159.5118 15.12006481 18227
1 47687U 21006EN  21137.91116156  .00002595  00000-0  15476-3 0  9992
2 47687  97.4933 199.5644 0006724 196.5145 163.5867 15.12013415 18397
1 47687U 21006EN  21138.10969805  .00002594  00000-0  15470-3 0  9994
2 47687  97.4933 199.7592 0006745 195.8444 164.2576 15.12014666 18426
1 47687U 21006EN  21138.44059118  .00003109  00000-0  18469-3 0  9992
2 47687  97.4933 200.0839 0006769 194.6508 165.4528 15.12018695 18471
1 47687U 21006EN  21138.83766279  .00003086  00000-0  18328-3 0  9996
2 47687  97.4933 200.4735 0006813 193.1674 166.9380 15.12021405 18530
1 47687U 21006EN  21139.43326869  .00003023  00000-0  17961-3 0  9993
2 47687  97.4934 201.0580 0006852 190.9807 169.1275 15.12025512 18623
1 47687U 21006EN  21139.83033848  .00002970  00000-0  17654-3 0  9998
2 47687  97.4933 201.4476 0006890 189.5452 170.5649 15.12028119 18685
1 47687U 21006EN  21140.42594199  .00002729  00000-0  16249-3 0  9997
2 47687  97.4934 202.0321 0006949 187.4372 172.6756 15.12031512 18778
1 47687U 21006EN  21140.62447599  .00002846  00000-0  16926-3 0  9992
2 47687  97.4934 202.2269 0006966 186.8015 173.3122 15.12033336 18802
1 47687U 21006EN  21141.41861071  .00003218  00000-0  19089-3 0  9992
2 47687  97.4934 203.0063 0007058 183.7383 176.3796 15.12039845 18924
1 47687U 21006EN  21141.88185533  .00002271  00000-0  13584-3 0  9997
2 47687  97.4933 203.4608 0007096 182.4754 177.6443 15.12039601 18992
1 47687U 21006EN  21142.21274377  .00002148  00000-0  12866-3 0  9995
2 47687  97.4933 203.7855 0007137 181.4552 178.6659 15.12041231 19049
1 47687U 21006EN  21142.41127677  .00002115  00000-0  12672-3 0  9996
2 47687  97.4934 203.9803 0007165 180.8053 179.3168 15.12042134 19074
1 47687U 21006EN  21142.94069733  .00002151  00000-0  12884-3 0  9997
2 47687  97.4933 204.4998 0007225 179.0663 181.0582 15.12044992 19151
1 47687U 21006EN  21143.47011718  .00002232  00000-0  13350-3 0  9995
2 47687  97.4933 205.0192 0007284 177.3013 182.8258 15.12047838 19239
1 47687U 21006EN  21143.60247201  .00002228  00000-0  13329-3 0  9999
2 47687  97.4933 205.1491 0007299 176.8826 183.2451 15.12048499 19250
1 47687U 21006EN  21143.86718171  .00002450  00000-0  14615-3 0  9992
2 47687  97.4932 205.4089 0007319 176.0503 184.0787 15.12050158 19292
1 47687U 21006EN  21144.46277688  .00002538  00000-0  15126-3 0  9997
2 47687  97.4932 205.9933 0007378 174.0981 186.0338 15.12053404 19389
1 47687U 21006EN  21144.79366286  .00002855  00000-0  16970-3 0  9996
2 47687  97.4931 206.3180 0007406 173.0268 187.1067 15.12055838 19436
1 47687U 21006EN  21144.92601710  .00002890  00000-0  17173-3 0  9990
2 47687  97.4931 206.4479 0007425 172.6442 187.4899 15.12056511 19455
1 47687U 21006EN  21145.38925627  .00002989  00000-0  17744-3 0  9990
2 47687  97.4931 206.9025 0007471 171.1034 189.0331 15.12059178 19528
1 47687U 21006EN  21145.85249386  .00003501  00000-0  20719-3 0  9990
2 47687  97.4930 207.3570 0007514 169.6842 190.4544 15.12063620 19590
1 47687U 21006EN  21146.11720082  .00003463  00000-0  20499-3 0  9999
2 47687  97.4929 207.6168 0007546 168.9529 191.1869 15.12065161 19638
1 47687U 21006EN  21146.38190835  .00003148  00000-0  18664-3 0  9996
2 47687  97.4929 207.8765 0007574 168.0909 192.0502 15.12065357 19672
1 47687U 21006EN  21146.84514609  .00002587  00000-0  15409-3 0  9996
2 47687  97.4928 208.3311 0007618 166.4907 193.6528 15.12065726 19746
1 47687U 21006EN  21147.17602897  .00002592  00000-0  15437-3 0  9997
2 47687  97.4927 208.6558 0007650 165.4153 194.7299 15.12067696 19799
1 47687U 21006EN  21147.44073489  .00002590  00000-0  15420-3 0  9996
2 47687  97.4927 208.9155 0007688 164.5958 195.5508 15.12069235 19837
1 47687U 21006EN  21147.83779223  .00003307  00000-0  19585-3 0  9991
2 47687  97.4927 209.3052 0007716 163.3366 196.8119 15.12074389 19894
1 47687U 21006EN  21148.43337864  .00003443  00000-0  20371-3 0  9995
2 47687  97.4925 209.8896 0007776 161.2952 198.8565 15.12078369 19986
1 47687U 21006EN  21148.76425828  .00002661  00000-0  15833-3 0  9997
2 47687  97.4925 210.2143 0007809 160.2881 199.8653 15.12078658 20032
1 47687U 21006EN  21149.42601779  .00002145  00000-0  12834-3 0  9997
2 47687  97.4924 210.8637 0007874 158.1376 202.0192 15.12081318 20135
1 47687U 21006EN  21149.75689708  .00002071  00000-0  12400-3 0  9998
2 47687  97.4923 211.1884 0007892 157.1535 203.0048 15.12083076 20187
1 47687U 21006EN  21149.88924869  .00002222  00000-0  13276-3 0  9992
2 47687  97.4923 211.3183 0007901 156.7505 203.4084 15.12084255 20201
1 47687U 21006EN  21150.15395185  .00001799  00000-0  10819-3 0  9995
2 47687  97.4922 211.5781 0007923 155.9671 204.1930 15.12084470 20246
1 47687U 21006EN  21150.68335740  .00001808  00000-0  10871-3 0  9993
2 47687  97.4921 212.0977 0007971 154.2820 205.8808 15.12087293 20326
1 47687U 21006EN  21151.14658691  .00001576  00000-0  95255-4 0  9990
2 47687  97.4920 212.5522 0008009 152.8927 207.2724 15.12088653 20392
1 47687U 21006EN  21151.47746480  .00001702  00000-0  10254-3 0  9996
2 47687  97.4920 212.8769 0008039 151.8157 208.3510 15.12090383 20449
1 47687U 21006EN  21151.87451782  .00001767  00000-0  10636-3 0  9993
2 47687  97.4920 213.2665 0008070 150.8116 209.3567 15.12092100 20507
1 47687U 21006EN  21152.40392133  .00001937  00000-0  11617-3 0  9996
2 47687  97.4920 213.7860 0008108 149.1534 211.0174 15.12094609 20584
1 47687U 21006EN  21152.47009669  .00002003  00000-0  12005-3 0  9999
2 47687  97.4920 213.8509 0008115 148.9698 211.2013 15.12095065 20593
1 47687U 21006EN  21152.86714905  .00002313  00000-0  13801-3 0  9997
2 47687  97.4920 214.2405 0008139 147.7631 212.4098 15.12097279 20655
1 47687U 21006EN  21153.46272650  .00002359  00000-0  14067-3 0  9995
2 47687  97.4921 214.8249 0008191 146.0821 214.0935 15.12099588 20742
1 47687U 21006EN  21154.38917792  .00002673  00000-0  15885-3 0  9998
2 47687  97.4921 215.7339 0008274 143.5440 216.6355 15.12104322 20885
1 47687U 21006EN  21154.78622743  .00002883  00000-0  17107-3 0  9993
2 47687  97.4921 216.1234 0008302 142.3715 217.8098 15.12106892 20946
1 47687U 21006EN  21154.85240243  .00002744  00000-0  16297-3 0  9997
2 47687  97.4921 216.1883 0008314 142.2006 217.9809 15.12106696 20955
1 47687U 21006EN  21155.18327649  .00002848  00000-0  16901-3 0  9997
2 47687  97.4922 216.5129 0008333 141.3591 218.8237 15.12108739 21005
1 47687U 21006EN  21155.84502337  .00002927  00000-0  17360-3 0  9997
2 47687  97.4923 217.1623 0008378 139.2365 220.9494 15.12112577 21101
1 47687U 21006EN  21155.91119796  .00002934  00000-0  17395-3 0  9994
2 47687  97.4923 217.2273 0008384 139.0585 221.1277 15.12112952 21112
1 47687U 21006EN  21156.44059418  .00002784  00000-0  16524-3 0  9993
2 47687  97.4924 217.7467 0008421 137.4839 222.7045 15.12115561 21196
1 47687U 21006EN  21156.70529178  .00002778  00000-0  16488-3 0  9999
2 47687  97.4924 218.0064 0008439 136.6637 223.5259 15.12117199 21239
1 47687U 21006EN  21157.10233795  .00002594  00000-0  15420-3 0  9992
2 47687  97.4924 218.3960 0008470 135.5004 224.6908 15.12118888 21293
1 47687U 21006EN  21157.43320915  .00002571  00000-0  15286-3 0  9994
2 47687  97.4925 218.7206 0008495 134.4695 225.7232 15.12120770 21343
1 47687U 21006EN  21157.83025428  .00001674  00000-0  10086-3 0  9995
2 47687  97.4924 219.1103 0008525 133.3301 226.8641 15.12120272 21409
1 47687U 21006EN  21158.42582102  .00001714  00000-0  10315-3 0  9998
2 47687  97.4924 219.6947 0008572 131.5581 228.6386 15.12123531 21498
1 47687U 21006EN  21158.88903795  .00002016  00000-0  12065-3 0  9993
2 47687  97.4923 220.1490 0008538 130.3094 229.8884 15.12127211 21568
1 47687U 21006EN  21159.15373274  .00002699  00000-0  16028-3 0  9997
2 47687  97.4923 220.4088 0008562 129.5196 230.6793 15.12131067 21602
1 47687U 21006EN  21159.74929865  .00002022  00000-0  12099-3 0  9999
2 47687  97.4922 220.9933 0008634 127.6657 232.5358 15.12130930 21691
1 47687U 21006EN  21159.88164632  .00001842  00000-0  11058-3 0  9990
2 47687  97.4921 221.1232 0008637 127.3766 232.8252 15.12130832 21716
1 47687U 21006EN  21160.60955723  .00001831  00000-0  10989-3 0  9991
2 47687  97.4920 221.8374 0008671 125.3576 234.8466 15.12133800 21823
1 47687U 21006EN  21160.87425187  .00001940  00000-0  11623-3 0  9993
2 47687  97.4919 222.0971 0008672 124.6916 235.5133 15.12135011 21867
1 47687U 21006EN  21161.46981385  .00001854  00000-0  11122-3 0  9994
2 47687  97.4918 222.6815 0008699 123.0346 237.1721 15.12137090 21958
1 47687U 21006EN  21161.80068138  .00001752  00000-0  10529-3 0  9991
2 47687  97.4917 223.0062 0008710 122.1261 238.0816 15.12137966 22000
1 47687U 21006EN  21162.46241490  .00002264  00000-0  13498-3 0  9995
2 47687  97.4916 223.6554 0008733 120.2899 239.9196 15.12142243 22108
1 47687U 21006EN  21162.85945420  .00002478  00000-0  14741-3 0  9991
2 47687  97.4914 224.0448 0008763 119.2390 240.9718 15.12144685 22160
1 47687U 21006EN  21163.12414672  .00002581  00000-0  15337-3 0  9999
2 47687  97.4913 224.3045 0008771 118.4586 241.7529 15.12146279 22207
1 47687U 21006EN  21163.38883871  .00002740  00000-0  16253-3 0  9993
2 47687  97.4913 224.5643 0008785 117.6951 242.5172 15.12148209 22247
1 47687U 21006EN  21163.71970336  .00002792  00000-0  16553-3 0  9993
2 47687  97.4913 224.8889 0008800 116.7183 243.4950 15.12150302 22293
1 47687U 21006EN  21164.44760375  .00002900  00000-0  17181-3 0  9993
2 47687  97.4913 225.6032 0008809 114.7273 245.4875 15.12155123 22406
1 47687U 21006EN  21164.91081150  .00002999  00000-0  17751-3 0  9993
2 47687  97.4912 226.0578 0008824 113.4513 246.7646 15.12158742 22472
1 47687U 21006EN  21165.44019084  .00002783  00000-0  16496-3 0  9995
2 47687  97.4912 226.5773 0008841 111.9812 248.2359 15.12161829 22555
1 47687U 21006EN  21165.70488002  .00002702  00000-0  16025-3 0  9993
2 47687  97.4912 226.8370 0008845 111.2208 248.9968 15.12163523 22597
1 47687U 21006EN  21165.90339677  .00002553  00000-0  15163-3 0  9994
2 47687  97.4911 227.0318 0008862 110.6774 249.5408 15.12164481 22625
1 47687U 21006EN  21166.49894614  .00002330  00000-0  13870-3 0  9992
2 47687  97.4912 227.6162 0008874 108.9840 251.2353 15.12167775 22714
1 47687U 21006EN  21166.69746236  .00002178  00000-0  12993-3 0  9995
2 47687  97.4912 227.8110 0008880 108.4175 251.8021 15.12168596 22745
1 47687U 21006EN  21167.09449414  .00002186  00000-0  13035-3 0  9995
2 47687  97.4911 228.2006 0008889 107.3511 252.8693 15.12171035 22809
1 47687U 21006EN  21167.42535322  .00002390  00000-0  14215-3 0  9994
2 47687  97.4912 228.5253 0008899 106.4066 253.8143 15.12173767 22853
1 47687U 21006EN  21167.88855550  .00002833  00000-0  16779-3 0  9991
2 47687  97.4911 228.9798 0008905 105.0607 255.1610 15.12177815 22924
1 47687U 21006EN  21168.15324210  .00002819  00000-0  16699-3 0  9991
2 47687  97.4911 229.2395 0008900 104.3149 255.9070 15.12179404 22967
1 47687U 21006EN  21168.48410008  .00002733  00000-0  16202-3 0  9993
2 47687  97.4912 229.5642 0008914 103.3476 256.8749 15.12181033 23014
1 47687U 21006EN  21168.88112896  .00002672  00000-0  15843-3 0  9993
2 47687  97.4912 229.9538 0008913 102.2712 257.9517 15.12183166 23072
1 47687U 21006EN  21169.41050046  .00002485  00000-0  14762-3 0  9992
2 47687  97.4912 230.4733 0008921 100.7222 259.5014 15.12185419 23156
1 47687U 21006EN  21169.60901420  .00002550  00000-0  15135-3 0  9992
2 47687  97.4912 230.6680 0008913 100.2471 259.9766 15.12186940 23182
1 47687U 21006EN  21170.40306865  .00002631  00000-0  15605-3 0  9996
2 47687  97.4913 231.4472 0008907  98.0869 262.1373 15.12191427 23309
1 47687U 21006EN  21170.86626631  .00002499  00000-0  14837-3 0  9990
2 47687  97.4913 231.9017 0008901  96.8621 263.3623 15.12193312 23378
1 47687U 21006EN  21171.06477933  .00002524  00000-0  14985-3 0  9995
2 47687  97.4914 232.0965 0008891  96.3501 263.8742 15.12194366 23404
1 47687U 21006EN  21172.38819614  .00002745  00000-0  16259-3 0  9998
2 47687  97.4914 233.3949 0008876  92.7053 267.5194 15.12201416 23604
1 47687U 21006EN  21172.58670852  .00002490  00000-0  14787-3 0  9990
2 47687  97.4915 233.5897 0008871  92.2098 268.0148 15.12201444 23637
1 47687U 21006EN  21173.11607321  .00002645  00000-0  15679-3 0  9994
2 47687  97.4915 234.1090 0008859  90.7702 269.4543 15.12204549 23712
1 47687U 21006EN  21173.64543691  .00002835  00000-0  16777-3 0  9992
2 47687  97.4915 234.6285 0008850  89.3107 270.9137 15.12207896 23799
1 47687U 21006EN  21174.43948115  .00002604  00000-0  15441-3 0  9991
2 47687  97.4914 235.4077 0008870  87.0560 273.1685 15.12211128 23916
1 47687U 21006EN  21174.77033212  .00002542  00000-0  15080-3 0  9991
2 47687  97.4914 235.7323 0008858  86.1455 274.0788 15.12212699 23965
1 47687U 21006EN  21174.83650229  .00002548  00000-0  15115-3 0  9996
2 47687  97.4914 235.7972 0008858  85.9480 274.2763 15.12213035 23971
1 47687U 21006EN  21175.43203339  .00002193  00000-0  13063-3 0  9995
2 47687  97.4913 236.3816 0008861  84.2732 275.9508 15.12214882 24067
1 47687U 21006EN  21175.76288316  .00002183  00000-0  13002-3 0  9991
2 47687  97.4912 236.7063 0008855  83.3500 276.8738 15.12216653 24119
1 47687U 21006EN  21176.42458190  .00002245  00000-0  13359-3 0  9998
2 47687  97.4911 237.3556 0008841  81.5004 278.7228 15.12220170 24211
1 47687U 21006EN  21176.88777066  .00002011  00000-0  12006-3 0  9993
2 47687  97.4909 237.8102 0008827  80.1968 280.0259 15.12221443 24289
1 47687U 21006EN  21177.41712838  .00001961  00000-0  11716-3 0  9999
2 47687  97.4909 238.3297 0008818  78.6894 281.5327 15.12223625 24365
1 47687U 21006EN  21177.48329803  .00001949  00000-0  11648-3 0  9992
2 47687  97.4908 238.3946 0008813  78.5223 281.6997 15.12223885 24378
1 47687U 21006EN  21177.88031531  .00002187  00000-0  13023-3 0  9998
2 47687  97.4907 238.7842 0008790  77.3585 282.8628 15.12226457 24437
1 47687U 21006EN  21178.47584106  .00002194  00000-0  13063-3 0  9997
2 47687  97.4906 239.3687 0008766  75.7201 284.5003 15.12228915 24527
1 47687U 21006EN  21178.74051881  .00002250  00000-0  13387-3 0  9998
2 47687  97.4905 239.6284 0008757  74.9474 285.2725 15.12230192 24568
1 47687U 21006EN  21178.87285753  .00002278  00000-0  13546-3 0  9996
2 47687  97.4905 239.7583 0008753  74.5504 285.6692 15.12230824 24588
1 47687U 21006EN  21179.13753516  .00002175  00000-0  12950-3 0  9997
2 47687  97.4905 240.0180 0008730  73.8041 286.4150 15.12231525 24621
1 47687U 21006EN  21179.86539704  .00002499  00000-0  14822-3 0  9997
2 47687  97.4904 240.7323 0008705  71.6856 288.5321 15.12235509 24739
1 47687U 21006EN  21180.13007362  .00002571  00000-0  15238-3 0  9992
2 47687  97.4904 240.9919 0008683  70.9754 289.2417 15.12236914 24775
1 47687U 21006EN  21180.85793349  .00002972  00000-0  17557-3 0  9999
2 47687  97.4904 241.7061 0008640  68.9312 291.2841 15.12241088 24886
1 47687U 21006EN  21181.38728486  .00002660  00000-0  15753-3 0  9998
2 47687  97.4904 242.2255 0008603  67.4929 292.7212 15.12242551 24967
1 47687U 21006EN  21181.45345366  .00003204  00000-0  18893-3 0  9991
2 47687  97.4904 242.2904 0008623  67.3363 292.8778 15.12244517 24974
1 47687U 21006EN  21181.85046595  .00003369  00000-0  19846-3 0  9998
2 47687  97.4904 242.6800 0008606  66.1796 294.0335 15.12247211 25036
1 47687U 21006EN  21182.11514046  .00003386  00000-0  19945-3 0  9998
2 47687  97.4904 242.9397 0008581  65.4347 294.7778 15.12248828 25073
1 47687U 21006EN  21182.84299351  .00003520  00000-0  20713-3 0  9992
2 47687  97.4905 243.6537 0008542  63.2851 296.9253 15.12253847 25182
1 47687U 21006EN  21183.43850781  .00003394  00000-0  19983-3 0  9994
2 47687  97.4906 244.2381 0008503  61.6900 298.5188 15.12257523 25271
1 47687U 21006EN  21183.83551642  .00003280  00000-0  19325-3 0  9996
2 47687  97.4907 244.6276 0008475  60.5956 299.6120 15.12260007 25332
1 47687U 21006EN  21184.10018830  .00003215  00000-0  18948-3 0  9992
2 47687  97.4907 244.8874 0008447  59.8477 300.3589 15.12261786 25374
1 47687U 21006EN  21184.49719600  .00002960  00000-0  17478-3 0  9990
2 47687  97.4908 245.2769 0008435  58.7424 301.4631 15.12263593 25435
1 47687U 21006EN  21184.82803520  .00002795  00000-0  16521-3 0  9996
2 47687  97.4908 245.6015 0008421  57.7558 302.4488 15.12265338 25480
1 47687U 21006EN  21185.15887416  .00002449  00000-0  14521-3 0  9993
2 47687  97.4908 245.9261 0008401  56.7922 303.4113 15.12266373 25530
1 47687U 21006EN  21185.48971244  .00002559  00000-0  15157-3 0  9990
2 47687  97.4908 246.2507 0008381  55.8476 304.3549 15.12268734 25589
1 47687U 21006EN  21185.88671805  .00002694  00000-0  15936-3 0  9999
2 47687  97.4908 246.6403 0008357  54.6527 305.5483 15.12271349 25648
1 47687U 21006EN  21186.41605838  .00002510  00000-0  14875-3 0  9990
2 47687  97.4908 247.1597 0008319  53.1054 307.0938 15.12273513 25721
1 47687U 21006EN  21186.48222598  .00002467  00000-0  14623-3 0  9997
2 47687  97.4908 247.2246 0008312  52.9313 307.2677 15.12273654 25730
1 47687U 21006EN  21186.87923047  .00002435  00000-0  14438-3 0  9996
2 47687  97.4908 247.6141 0008275  51.7490 308.4484 15.12275517 25794
1 47687U 21006EN  21187.40856903  .00002398  00000-0  14223-3 0  9992
2 47687  97.4908 248.1335 0008226  50.1444 310.0509 15.12278011 25871
1 47687U 21006EN  21187.87173975  .00002397  00000-0  14217-3 0  9996
2 47687  97.4907 248.5880 0008187  48.7494 311.4441 15.12280133 25949
1 47687U 21006EN  21188.13640858  .00002220  00000-0  13196-3 0  9995
2 47687  97.4907 248.8477 0008160  47.9406 312.2518 15.12280723 25982
1 47687U 21006EN  21188.79807904  .00002505  00000-0  14840-3 0  9997
2 47687  97.4907 249.4969 0008112  45.9938 314.1960 15.12284699 26080
1 47687U 21006EN  21189.12891380  .00002548  00000-0  15089-3 0  9999
2 47687  97.4907 249.8215 0008076  44.9898 315.1986 15.12286371 26135
1 47687U 21006EN  21189.39358126  .00002659  00000-0  15729-3 0  9998
2 47687  97.4907 250.0812 0008050  44.2603 315.9270 15.12287974 26179
1 47687U 21006EN  21189.79058217  .00002663  00000-0  15747-3 0  9995
2 47687  97.4906 250.4708 0008023  43.0560 317.1297 15.12289908 26234
1 47687U 21006EN  21190.38608248  .00002458  00000-0  14563-3 0  9994
2 47687  97.4905 251.0551 0007962  41.3370 318.8462 15.12292231 26322
1 47687U 21006EN  21190.71691544  .00002409  00000-0  14281-3 0  9995
2 47687  97.4904 251.3797 0007941  40.3315 319.8503 15.12293827 26375
1 47687U 21006EN  21190.84924853  .00002381  00000-0  14122-3 0  9994
2 47687  97.4904 251.5096 0007921  39.8897 320.2914 15.12294358 26399
1 47687U 21006EN  21191.44474663  .00002362  00000-0  14010-3 0  9995
2 47687  97.4903 252.0939 0007865  38.1334 322.0452 15.12297397 26488
1 47687U 21006EN  21191.90791118  .00002198  00000-0  13059-3 0  9992
2 47687  97.4902 252.5485 0007824  36.7814 323.3952 15.12299179 26557
1 47687U 21006EN  21192.50340756  .00002028  00000-0  12078-3 0  9999
2 47687  97.4902 253.1328 0007767  34.9901 325.1839 15.12301548 26641
1 47687U 21006EN  21192.83423853  .00002024  00000-0  12058-3 0  9999
2 47687  97.4903 253.4573 0007762  33.5594 326.6127 15.12302148 26693
1 47687U 21006EN  21193.16506961  .00001960  00000-0  11686-3 0  9992
2 47687  97.4903 253.7820 0007727  32.4920 327.6785 15.12303236 26749
1 47687U 21006EN  21193.49590016  .00001909  00000-0  11391-3 0  9998
2 47687  97.4903 254.1066 0007691  31.4763 328.6926 15.12304393 26798
1 47687U 21006EN  21193.76056433  .00001885  00000-0  11256-3 0  9991
2 47687  97.4903 254.3663 0007668  30.6086 329.5591 15.12305424 26835
1 47687U 21006EN  21194.35605813  .00001790  00000-0  10706-3 0  9993
2 47687  97.4903 254.9506 0007608  28.7267 331.4382 15.12307441 26921
1 47687U 21006EN  21194.48839031  .00001726  00000-0  10335-3 0  9995
2 47687  97.4903 255.0805 0007593  28.3391 331.8252 15.12307543 26947
1 47687U 21006EN  21194.75305391  .00001711  00000-0  10248-3 0  9999
2 47687  97.4902 255.3401 0007573  27.5010 332.6620 15.12308559 26988
1 47687U 21006EN  21195.34854702  .00001574  00000-0  94556-4 0  9992
2 47687  97.4902 255.9245 0007513  25.6381 334.5221 15.12309963 27073
1 47687U 21006EN  21195.74554187  .00001512  00000-0  90989-4 0  9998
2 47687  97.4902 256.3140 0007479  24.4779 335.6805 15.12311090 27132
1 47687U 21006EN  21195.81170708  .00001633  00000-0  97949-4 0  9996
2 47687  97.4902 256.3789 0007474  24.2446 335.9135 15.12312131 27142
1 47687U 21006EN  21197.33351559  .00001841  00000-0  10993-3 0  9994
2 47687  97.4902 257.8722 0007342  19.4891 340.6619 15.12318897 27379
1 47687U 21006EN  21198.39216284  .00002155  00000-0  12804-3 0  9998
2 47687  97.4897 258.9111 0007198  16.0799 344.0659 15.12322768 27537
1 47687U 21006EN  21198.78915444  .00002268  00000-0  13458-3 0  9996
2 47687  97.4897 259.3006 0007157  14.7381 345.4057 15.12324746 27593
1 47687U 21006EN  21199.11998034  .00002291  00000-0  13592-3 0  9995
2 47687  97.4897 259.6252 0007114  13.6111 346.5310 15.12326265 27649
1 47687U 21006EN  21199.71546631  .00002236  00000-0  13275-3 0  9990
2 47687  97.4898 260.2095 0007049  11.6508 348.4884 15.12328712 27734
1 47687U 21006EN  21200.84026988  .00002154  00000-0  12799-3 0  9994
2 47687  97.4900 261.3130 0006923   7.9299 352.2039 15.12333671 27909
1 47687U 21006EN  21201.43575247  .00002238  00000-0  13279-3 0  9994
2 47687  97.4900 261.8973 0006847   6.0120 354.1192 15.12336794 27996
1 47687U 21006EN  21201.70041067  .00002102  00000-0  12494-3 0  9990
2 47687  97.4898 262.1571 0006863   4.6945 355.4349 15.12337515 28033
1 47687U 21006EN  21202.16356307  .00002034  00000-0  12104-3 0  9999
2 47687  97.4898 262.6115 0006815   3.0219 357.1052 15.12339101 28107
1 47687U 21006EN  21202.49438555  .00002177  00000-0  12925-3 0  9990
2 47687  97.4900 262.9360 0006734   2.4171 357.7091 15.12341669 28152
1 47687U 21006EN  21202.89137182  .00002278  00000-0  13510-3 0  9999
2 47687  97.4900 263.3256 0006698   1.0124 359.1119 15.12343945 28216
1 47687U 21006EN  21203.42068671  .00002296  00000-0  13615-3 0  9991
2 47687  97.4899 263.8450 0006647 359.2051   0.9168 15.12346316 28293
1 47687U 21006EN  21203.81767131  .00002965  00000-0  17471-3 0  9998
2 47687  97.4898 264.2345 0006613 357.7713   2.3487 15.12350626 28357
1 47687U 21006EN  21204.41314807  .00002104  00000-0  12504-3 0  9990
2 47687  97.4898 264.8188 0006547 355.5736   4.5436 15.12351026 28448
1 47687U 21006EN  21204.81013187  .00003053  00000-0  17974-3 0  9991
2 47687  97.4896 265.2084 0006515 354.1031   6.0122 15.12355898 28501
1 47687U 21006EN  21205.47177045  .00002635  00000-0  15563-3 0  9995
2 47687  97.4895 265.8576 0006443 351.6472   8.4650 15.12357997 28608
1 47687U 21006EN  21206.46422542  .00002863  00000-0  16873-3 0  9998
2 47687  97.4893 266.8315 0006340 347.8470  12.2606 15.12363655 28757
1 47687U 21006EN  21206.86120642  .00002958  00000-0  17420-3 0  9992
2 47687  97.4892 267.2211 0006308 346.3467  13.7592 15.12365995 28816
1 47687U 21006EN  21207.45667705  .00002880  00000-0  16972-3 0  9999
2 47687  97.4891 267.8054 0006239 344.0289  16.0744 15.12368765 28909
1 47687U 21006EN  21208.44912530  .00002905  00000-0  17114-3 0  9995
2 47687  97.4889 268.7792 0006134 340.1523  19.9468 15.12373974 29057
1 47687U 21006EN  21208.84610339  .00002862  00000-0  16866-3 0  9996
2 47687  97.4888 269.1687 0006101 338.5685  21.5290 15.12376112 29114
1 47687U 21006EN  21209.17691791  .00002921  00000-0  17200-3 0  9993
2 47687  97.4888 269.4932 0006069 337.2356  22.8605 15.12378311 29166
1 47687U 21006EN  21209.83854586  .00002799  00000-0  16501-3 0  9995
2 47687  97.4887 270.1424 0006008 334.5993  25.4941 15.12381837 29260
1 47687U 21006EN  21209.90470856  .00002777  00000-0  16370-3 0  9997
2 47687  97.4888 270.2073 0006003 334.2923  25.8009 15.12382148 29273
1 47687U 21006EN  21210.43400968  .00002673  00000-0  15774-3 0  9996
2 47687  97.4887 270.7266 0005960 332.2670  27.8242 15.12384977 29351
1 47687U 21006EN  21210.89714717  .00002612  00000-0  15418-3 0  9994
2 47687  97.4887 271.1810 0005917 330.4892  29.6004 15.12387547 29429
1 47687U 21006EN  21211.09563439  .00002602  00000-0  15363-3 0  9998
2 47687  97.4886 271.3757 0005886 329.7791  30.3099 15.12388753 29450
1 47687U 21006EN  21211.49260879  .00002359  00000-0  13962-3 0  9996
2 47687  97.4887 271.7652 0005854 328.1878  31.8998 15.12390179 29519
1 47687U 21006EN  21211.88958254  .00002277  00000-0  13487-3 0  9991
2 47687  97.4887 272.1547 0005823 326.6484  33.4379 15.12392077 29575
1 47687U 21006EN  21212.15423146  .00002205  00000-0  13074-3 0  9992
2 47687  97.4887 272.4144 0005806 325.5578  34.5275 15.12393308 29614
1 47687U 21006EN  21212.41888033  .00002047  00000-0  12160-3 0  9990
2 47687  97.4887 272.6740 0005780 324.5080  35.5766 15.12394072 29655
1 47687U 21006EN  21212.94817749  .00001852  00000-0  11041-3 0  9994
2 47687  97.4887 273.1934 0005746 322.2539  37.8288 15.12395886 29739
1 47687U 21006EN  21213.41131193  .00001428  00000-0  85963-4 0  9993
2 47687  97.4888 273.6478 0005709 320.2710  39.8102 15.12396602 29808
1 47687U 21006EN  21213.87444636  .00001675  00000-0  10019-3 0  9995
2 47687  97.4887 274.1022 0005682 318.3614  41.7184 15.12398868 29874
1 47687U 21006EN  21214.40374230  .00001527  00000-0  91641-4 0  9994
2 47687  97.4888 274.6214 0005646 316.0619  44.0162 15.12400071 29954
1 47687U 21006EN  21214.60222811  .00001595  00000-0  95537-4 0  9996
2 47687  97.4888 274.8162 0005633 315.0979  44.9795 15.12400911 29989
1 47687U 21006EN  21215.13152284  .00001889  00000-0  11250-3 0  9996
2 47687  97.4888 275.3355 0005604 312.8771  47.1988 15.12403561 30066
1 47687U 21006EN  21215.66081687  .00002103  00000-0  12480-3 0  9998
2 47687  97.4889 275.8547 0005570 310.4623  49.6122 15.12406058 30147
1 47687U 21006EN  21216.32243323  .00002331  00000-0  13794-3 0  9991
2 47687  97.4890 276.5039 0005535 307.4581  52.6146 15.12409196 30240
1 47687U 21006EN  21216.78556318  .00002673  00000-0  15759-3 0  9994
2 47687  97.4890 276.9582 0005514 305.3323  54.7392 15.12412570 30319
1 47687U 21006EN  21217.44717678  .00002500  00000-0  14766-3 0  9992
2 47687  97.4890 277.6074 0005472 302.3370  57.7330 15.12415250 30419
1 47687U 21006EN  21217.91030519  .00002522  00000-0  14891-3 0  9999
2 47687  97.4889 278.0618 0005451 300.2279  59.8412 15.12417832 30487
1 47687U 21006EN  21218.17494989  .00002225  00000-0  13179-3 0  9991
2 47687  97.4889 278.3214 0005437 299.0750  60.9936 15.12418347 30526
1 47687U 21006EN  21218.37343308  .00002215  00000-0  13123-3 0  9999
2 47687  97.4889 278.5162 0005422 298.1946  61.8737 15.12419414 30559
1 47687U 21006EN  21219.16736466  .00001828  00000-0  10890-3 0  9995
2 47687  97.4888 279.2952 0005393 294.6317  65.4351 15.12422630 30672
1 47687U 21006EN  21219.43200808  .00002274  00000-0  13461-3 0  9994
2 47687  97.4888 279.5548 0005377 293.5861  66.4805 15.12425341 30712
1 47687U 21006EN  21220.42441954  .00002044  00000-0  12133-3 0  9994
2 47687  97.4885 280.5286 0005335 289.2446  70.8207 15.12429296 30869
1 47687U 21006EN  21220.88754411  .00001899  00000-0  11300-3 0  9991
2 47687  97.4883 280.9830 0005322 287.1860  72.8788 15.12430795 30939
1 47687U 21006EN  21221.41682896  .00001733  00000-0  10343-3 0  9991
2 47687  97.4882 281.5024 0005319 284.7594  75.3048 15.12432322 31018
1 47687U 21006EN  21221.74763237  .00001928  00000-0  11467-3 0  9990
2 47687  97.4883 281.8268 0005383 283.4638  76.5993 15.12433430 31066
1 47687U 21006EN  21222.40923748  .00001690  00000-0  10093-3 0  9999
2 47687  97.4883 282.4759 0005365 280.4015  79.6611 15.12434751 31163
1 47687U 21006EN  21222.87236070  .00001502  00000-0  90131-4 0  9999
2 47687  97.4882 282.9303 0005352 278.3389  81.7234 15.12435385 31235
1 47687U 21006EN  21222.93852109  .00001501  00000-0  90050-4 0  9992
2 47687  97.4882 282.9952 0005351 278.0084  82.0539 15.12435618 31245
1 47687U 21006EN  21223.40164307  .00001687  00000-0  10076-3 0  9995
2 47687  97.4882 283.4495 0005341 275.9707  84.0915 15.12438401 31311
1 47687U 21006EN  21223.79860505  .00001585  00000-0  94875-4 0  9997
2 47687  97.4881 283.8390 0005333 274.1780  85.8841 15.12439151 31377
1 47687U 21006EN  21224.12940615  .00001594  00000-0  95413-4 0  9995
2 47687  97.4880 284.1636 0005331 272.6803  87.3817 15.12440358 31427
1 47687U 21006EN  21224.39404696  .00001622  00000-0  97033-4 0  9990
2 47687  97.4881 284.4232 0005331 271.4499  88.6121 15.12441375 31467
1 47687U 21006EN  21225.45260842  .00001755  00000-0  10466-3 0  9992
2 47687  97.4879 285.4617 0005337 266.6607  93.4013 15.12445617 31620
1 47687U 21006EN  21225.71724835  .00001748  00000-0  10426-3 0  9996
2 47687  97.4878 285.7214 0005342 265.4463  94.6158 15.12446482 31666
1 47687U 21006EN  21225.78340827  .00001748  00000-0  10424-3 0  9996
2 47687  97.4878 285.7863 0005345 265.1628  94.8993 15.12446710 31673
1 47687U 21006EN  21226.44500762  .00001669  00000-0  99711-4 0  9995
2 47687  97.4877 286.4353 0005367 262.0731  97.9891 15.12448413 31773
1 47687U 21006EN  21226.90812634  .00001715  00000-0  10234-3 0  9994
2 47687  97.4876 286.8897 0005386 259.9584 100.1039 15.12450216 31844
1 47687U 21006EN  21227.17276543  .00001711  00000-0  10211-3 0  9998
2 47687  97.4876 287.1493 0005398 258.7970 101.2654 15.12451106 31887
1 47687U 21006EN  21227.43740438  .00001710  00000-0  10202-3 0  9995
2 47687  97.4876 287.4089 0005409 257.5922 102.4703 15.12451989 31920
1 47687U 21006EN  21227.70204303  .00001718  00000-0  10251-3 0  9993
2 47687  97.4875 287.6685 0005429 256.4235 103.6391 15.12453004 31960
1 47687U 21006EN  21228.42979836  .00001830  00000-0  10891-3 0  9998
2 47687  97.4875 288.3825 0005470 253.2327 106.8304 15.12456295 32074
1 47687U 21006EN  21228.89291503  .00001823  00000-0  10854-3 0  9998
2 47687  97.4874 288.8368 0005495 251.2260 108.8375 15.12457932 32148
1 47687U 21006EN  21229.48835016  .00001729  00000-0  10310-3 0  9999
2 47687  97.4874 289.4209 0005515 248.5046 111.5597 15.12459605 32239
1 47687U 21006EN  21229.62066890  .00001714  00000-0  10228-3 0  9993
2 47687  97.4874 289.5508 0005523 247.9337 112.1308 15.12460047 32258
1 47687U 21006EN  21229.88530607  .00001756  00000-0  10466-3 0  9993
2 47687  97.4874 289.8104 0005531 246.8356 113.2292 15.12461305 32297
1 47687U 21006EN  21230.41458025  .00001752  00000-0  10443-3 0  9998
2 47687  97.4874 290.3296 0005557 244.4758 115.5899 15.12463302 32370
1 47687U 21006EN  21230.81153564  .00001715  00000-0  10227-3 0  9991
2 47687  97.4874 290.7190 0005571 242.7540 117.3123 15.12464559 32435
1 47687U 21006EN  21231.40696805  .00001703  00000-0  10159-3 0  9998
2 47687  97.4874 291.3032 0005595 240.1214 119.9462 15.12466607 32523
1 47687U 21006EN  21231.67160423  .00001757  00000-0  10470-3 0  9994
2 47687  97.4874 291.5628 0005607 239.0013 121.0667 15.12467892 32566
1 47687U 21006EN  21232.33319401  .00001838  00000-0  10935-3 0  9996
2 47687  97.4874 292.2118 0005640 236.1325 123.9370 15.12470718 32663
1 47687U 21006EN  21233.39173581  .00002259  00000-0  13356-3 0  9998
2 47687  97.4873 293.2503 0005732 231.3333 128.7385 15.12474916 32820
1 47687U 21006EN  21233.92100510  .00002689  00000-0  15825-3 0  9999
2 47687  97.4872 293.7695 0005773 229.1352 130.9379 15.12478483 32907
1 47687U 21006EN  21234.38411553  .00002508  00000-0  14780-3 0  9991
2 47687  97.4871 294.2238 0005811 227.1478 132.9265 15.12479802 32974
1 47687U 21006EN  21234.58259114  .00002517  00000-0  14833-3 0  9995
2 47687  97.4871 294.4186 0005828 226.3187 133.7561 15.12480761 33003
1 47687U 21006EN  21234.91338213  .00002201  00000-0  13015-3 0  9991
2 47687  97.4869 294.7429 0005816 225.3128 134.7630 15.12482631 33055
1 47687U 21006EN  21235.50880822  .00002100  00000-0  12434-3 0  9997
2 47687  97.4869 295.3270 0005871 222.8785 137.1989 15.12484316 33144
1 47687U 21006EN  21235.70728320  .00002092  00000-0  12387-3 0  9990
2 47687  97.4868 295.5217 0005889 222.1149 137.9630 15.12485092 33178
1 47687U 21006EN  21235.90575793  .00002097  00000-0  12417-3 0  9995
2 47687  97.4868 295.7164 0005908 221.3565 138.7219 15.12485961 33207
1 47687U 21006EN  21236.43502417  .00002210  00000-0  13066-3 0  9995
2 47687  97.4867 296.2356 0005958 219.3154 140.7645 15.12488594 33280
1 47687U 21006EN  21236.89813142  .00001733  00000-0  10324-3 0  9998
2 47687  97.4866 296.6899 0006003 217.4734 142.6079 15.12487920 33352
1 47687U 21006EN  21237.09660573  .00001726  00000-0  10287-3 0  9999
2 47687  97.4866 296.8846 0006022 216.7460 143.3359 15.12488709 33383
1 47687U 21006EN  21237.42739529  .00002310  00000-0  13636-3 0  9995
2 47687  97.4866 297.2091 0006045 215.5088 144.5741 15.12493380 33433
1 47687U 21006EN  21237.89050039  .00002316  00000-0  13670-3 0  9992
2 47687  97.4864 297.6633 0006088 213.6954 146.3891 15.12495613 33500
1 47687U 21006EN  21238.41976358  .00002357  00000-0  13905-3 0  9998
2 47687  97.4864 298.1825 0006137 211.6519 148.4344 15.12498032 33581
1 47687U 21006EN  21238.61823652  .00002390  00000-0  14093-3 0  9994
2 47687  97.4864 298.3772 0006156 210.8755 149.2115 15.12499234 33612
1 47687U 21006EN  21239.41212873  .00002568  00000-0  15118-3 0  9996
2 47687  97.4858 299.1562 0006227 207.1873 152.9033 15.12502577 33738
1 47687U 21006EN  21239.67675892  .00002585  00000-0  15211-3 0  9991
2 47687  97.4858 299.4158 0006252 206.1801 153.9114 15.12503867 33778
1 47687U 21006EN  21240.33833141  .00005385  00000-0  31270-3 0  9993
2 47687  97.4857 300.0647 0006310 203.8222 156.2717 15.12516451 33874
1 47687U 21006EN  21240.73527463  .00006964  00000-0  40317-3 0  9990
2 47687  97.4857 300.4540 0006337 202.3375 157.7581 15.12523546 33937
1 47687U 21006EN  21240.80143233  .00006560  00000-0  38007-3 0  9992
2 47687  97.4855 300.5190 0006365 202.1719 157.9237 15.12519469 33948
1 47687U 21006EN  21241.46300056  .00007883  00000-0  45579-3 0  9994
2 47687  97.4855 301.1679 0006448 200.0555 160.0424 15.12528286 34046
1 47687U 21006EN  21241.72762688  .00008022  00000-0  46369-3 0  9990
2 47687  97.4855 301.4274 0006472 199.1411 160.9577 15.12531414 34085
1 47687U 21006EN  21241.92609728  .00007454  00000-0  43114-3 0  9990
2 47687  97.4855 301.6221 0006499 198.4617 161.6379 15.12531377 34118
1 47687U 21006EN  21242.45534979  .00007480  00000-0  43261-3 0  9996
2 47687  97.4856 302.1411 0006554 196.5781 163.5236 15.12535899 34193
1 47687U 21006EN  21242.85228948  .00004807  00000-0  27942-3 0  9994
2 47687  97.4856 302.5304 0006591 195.1176 164.9859 15.12532166 34259
1 47687U 21006EN  21243.11691471  .00004529  00000-0  26346-3 0  9997
2 47687  97.4857 302.7899 0006618 194.1651 165.9395 15.12533702 34295
1 47687U 21006EN  21243.84463437  .00003559  00000-0  20785-3 0  9999
2 47687  97.4858 303.5037 0006694 191.2811 168.8271 15.12535609 34405
1 47687U 21006EN  21244.17541477  .00003537  00000-0  20657-3 0  9991
2 47687  97.4858 303.8282 0006721 190.0166 170.0932 15.12538020 34455
1 47687U 21006EN  21244.83697380  .00003834  00000-0  22358-3 0  9999
2 47687  97.4858 304.4771 0006785 187.6538 172.4591 15.12543545 34556
1 47687U 21006EN  21245.43237579  .00003057  00000-0  17903-3 0  9993
2 47687  97.4858 305.0610 0006861 185.5603 174.5553 15.12545101 34641
1 47687U 21006EN  21245.82930934  .00003084  00000-0  18055-3 0  9990
2 47687  97.4858 305.4503 0006899 184.2859 175.8313 15.12547883 34700
1 47687U 21006EN  21246.16008737  .00002428  00000-0  14294-3 0  9997
2 47687  97.4858 305.7748 0006932 183.0964 177.0225 15.12547861 34753
1 47687U 21006EN  21246.62317577  .00002442  00000-0  14371-3 0  9995
2 47687  97.4858 306.2291 0006974 181.6224 178.4985 15.12550594 34824
1 47687U 21006EN  21247.15241903  .00002312  00000-0  13628-3 0  9993
2 47687  97.4857 306.7482 0007023 179.8854 180.2380 15.12552936 34905
1 47687U 21006EN  21247.48319566  .00002319  00000-0  13663-3 0  9996
2 47687  97.4857 307.0727 0007058 178.7026 181.4225 15.12554555 34953
1 47687U 21006EN  21247.94628233  .00002392  00000-0  14080-3 0  9996
2 47687  97.4856 307.5270 0007097 177.1479 182.9794 15.12556951 35026
1 47687U 21006EN  21248.47552335  .00002589  00000-0  15208-3 0  9995
2 47687  97.4855 308.0461 0007150 175.3604 184.7694 15.12560092 35102
1 47687U 21006EN  21248.60783346  .00002648  00000-0  15550-3 0  9994
2 47687  97.4854 308.1759 0007165 174.9244 185.2060 15.12560917 35124
1 47687U 21006EN  21249.40169314  .00002778  00000-0  16290-3 0  9992
2 47687  97.4852 308.9546 0007238 172.3389 187.7953 15.12564932 35249
1 47687U 21006EN  21249.86477679  .00002814  00000-0  16495-3 0  9996
2 47687  97.4850 309.4089 0007288 170.9948 189.1415 15.12567339 35316
1 47687U 21006EN  21250.46016904  .00003027  00000-0  17716-3 0  9998
2 47687  97.4849 309.9929 0007352 169.2448 190.8941 15.12570960 35407
1 47687U 21006EN  21250.85709649  .00002998  00000-0  17549-3 0  9996
2 47687  97.4847 310.3822 0007384 167.9507 192.1902 15.12572962 35461
1 47687U 21006EN  21251.58479477  .00003337  00000-0  19487-3 0  9991
2 47687  97.4845 311.0960 0007461 165.6380 194.5064 15.12578215 35574
1 47687U 21006EN  21251.78325738  .00003402  00000-0  19856-3 0  9996
2 47687  97.4845 311.2907 0007479 164.9959 195.1495 15.12579679 35604
1 47687U 21006EN  21252.11402813  .00003412  00000-0  19914-3 0  9990
2 47687  97.4843 311.6151 0007511 163.9296 196.2174 15.12581861 35654
1 47687U 21006EN  21252.77556837  .00003155  00000-0  18442-3 0  9997
2 47687  97.4842 312.2639 0007580 161.8229 198.3274 15.12585426 35756
1 47687U 21006EN  21253.10633756  .00003130  00000-0  18298-3 0  9993
2 47687  97.4841 312.5883 0007613 160.7935 199.3584 15.12587695 35809
1 47687U 21006EN  21253.83402795  .00003459  00000-0  20176-3 0  9992
2 47687  97.4839 313.3019 0007665 158.5006 201.6548 15.12593944 35910
1 47687U 21006EN  21254.42940826  .00004133  00000-0  24031-3 0  9994
2 47687  97.4838 313.8859 0007749 156.5904 203.5681 15.12600638 36003
1 47687U 21006EN  21254.69402190  .00003452  00000-0  20132-3 0  9991
2 47687  97.4838 314.1454 0007765 155.6162 204.5438 15.12600805 36043
1 47687U 21006EN  21255.35555361  .00003030  00000-0  17712-3 0  9996
2 47687  97.4837 314.7941 0007836 153.4825 206.6808 15.12604468 36144
1 47687U 21006EN  21255.75247191  .00002832  00000-0  16578-3 0  9997
2 47687  97.4835 315.1833 0007860 152.2401 207.9251 15.12606650 36209
1 47687U 21006EN  21255.88477759  .00003028  00000-0  17699-3 0  9999
2 47687  97.4835 315.3131 0007864 151.8675 208.2982 15.12608059 36226
1 47687U 21006EN  21256.14938922  .00002893  00000-0  16929-3 0  9997
2 47687  97.4835 315.5725 0007876 151.0966 209.0702 15.12609547 36261
1 47687U 21006EN  21256.87706973  .00002795  00000-0  16367-3 0  9993
2 47687  97.4835 316.2861 0007927 149.0102 211.1598 15.12613815 36378
1 47687U 21006EN  21257.40629082  .00002791  00000-0  16341-3 0  9996
2 47687  97.4835 316.8051 0007952 147.5098 212.6624 15.12616854 36451
1 47687U 21006EN  21257.86935860  .00002675  00000-0  15675-3 0  9990
2 47687  97.4835 317.2591 0007973 146.3443 213.8296 15.12618955 36529
1 47687U 21006EN  21257.93551124  .00002788  00000-0  16323-3 0  9991
2 47687  97.4836 317.3240 0007968 146.0486 214.1256 15.12619505 36533
1 47687U 21006EN  21258.13396861  .00002732  00000-0  16003-3 0  9993
2 47687  97.4836 317.5186 0007974 145.4499 214.7251 15.12620455 36568
1 47687U 21006EN  21258.92779669  .00002779  00000-0  16265-3 0  9992
2 47687  97.4837 318.2971 0008047 143.1819 216.9966 15.12624676 36681
1 47687U 21006EN  21259.12625339  .00002775  00000-0  16246-3 0  9994
2 47687  97.4837 318.4917 0008069 142.5772 217.6022 15.12625735 36710
1 47687U 21006EN  21259.39086217  .00002839  00000-0  16609-3 0  9993
2 47687  97.4837 318.7512 0008089 141.8211 218.3594 15.12627205 36756
1 47687U 21006EN  21259.58931857  .00002808  00000-0  16434-3 0  9995
2 47687  97.4837 318.9458 0008114 141.3129 218.8684 15.12628125 36789
1 47687U 21006EN  21260.38314297  .00002682  00000-0  15711-3 0  9995
2 47687  97.4838 319.7244 0008175 139.0097 221.1749 15.12631580 36909
1 47687U 21006EN  21260.58159844  .00002897  00000-0  16940-3 0  9995
2 47687  97.4838 319.9190 0008195 138.4660 221.7194 15.12633415 36934
1 47687U 21006EN  21260.91235754  .00002798  00000-0  16369-3 0  9992
2 47687  97.4837 320.2434 0008226 137.4767 222.7103 15.12634825 36983
1 47687U 21006EN  21261.44157068  .00002912  00000-0  17020-3 0  9995
2 47687  97.4837 320.7624 0008258 135.8626 224.3265 15.12638436 37069
1 47687U 21006EN  21261.57387411  .00002616  00000-0  15329-3 0  9997
2 47687  97.4837 320.8921 0008273 135.5527 224.6369 15.12638212 37086
1 47687U 21006EN  21262.10308615  .00002452  00000-0  14392-3 0  9993
2 47687  97.4836 321.4112 0008312 134.0596 226.1320 15.12640869 37162
1 47687U 21006EN  21262.16923776  .00002117  00000-0  12477-3 0  9990
2 47687  97.4836 321.4761 0008319 133.8603 226.3317 15.12640173 37172
1 47687U 21006EN  21262.89690271  .00002211  00000-0  13011-3 0  9991
2 47687  97.4834 322.1897 0008362 131.6965 228.4983 15.12644611 37288
1 47687U 21006EN  21263.16150789  .00002129  00000-0  12539-3 0  9999
2 47687  97.4834 322.4492 0008375 130.9345 229.2612 15.12645789 37320
1 47687U 21006EN  21263.88917085  .00002004  00000-0  11827-3 0  9999
2 47687  97.4831 323.1629 0008415 128.7485 231.4500 15.12649130 37439
1 47687U 21006EN  21264.41837946  .00001991  00000-0  11750-3 0  9995
2 47687  97.4830 323.6819 0008443 127.2549 232.9453 15.12651545 37515
1 47687U 21006EN  21265.47679436  .00002593  00000-0  15186-3 0  9996
2 47687  97.4826 324.7199 0008483 124.2271 235.9764 15.12657775 37672
1 47687U 21006EN  21266.40290410  .00003154  00000-0  18390-3 0  9995
2 47687  97.4822 325.6280 0008513 121.6088 238.5975 15.12663607 37810
1 47687U 21006EN  21266.60135527  .00003615  00000-0  21022-3 0  9992
2 47687  97.4822 325.8226 0008534 121.0369 239.1700 15.12666289 37846
1 47687U 21006EN  21266.73365679  .00003209  00000-0  18703-3 0  9990
2 47687  97.4821 325.9523 0008536 120.7116 239.4957 15.12665406 37863
1 47687U 21006EN  21267.39516029  .00003291  00000-0  19173-3 0  9993
2 47687  97.4819 326.6010 0008549 118.8608 241.3482 15.12669428 37961
1 47687U 21006EN  21267.59361117  .00003900  00000-0  22645-3 0  9996
2 47687  97.4818 326.7956 0008557 118.3201 241.8894 15.12672376 37994
1 47687U 21006EN  21268.12281207  .00003983  00000-0  23119-3 0  9995
2 47687  97.4817 327.3145 0008570 116.8102 243.4006 15.12676012 38072
1 47687U 21006EN  21269.44580698  .00004604  00000-0  26655-3 0  9996
2 47687  97.4814 328.6116 0008604 113.2679 246.9458 15.12687242 38277
1 47687U 21006EN  21269.64425536  .00004654  00000-0  26936-3 0  9994
2 47687  97.4814 328.8062 0008622 112.6691 247.5453 15.12689128 38307
1 47687U 21006EN  21270.43804640  .00004393  00000-0  25445-3 0  9994
2 47687  97.4815 329.5844 0008668 110.3280 249.8883 15.12695468 38422
1 47687U 21006EN  21270.63649356  .00003185  00000-0  18551-3 0  9995
2 47687  97.4814 329.7790 0008678 109.8250 250.3917 15.12694631 38453
1 47687U 21006EN  21271.43028078  .00004213  00000-0  24415-3 0  9995
2 47687  97.4814 330.5572 0008711 107.5336 252.6847 15.12703191 38571
1 47687U 21006EN  21272.09176726  .00004335  00000-0  25105-3 0  9994
2 47687  97.4815 331.2059 0008731 105.7093 254.5101 15.12708889 38676
1 47687U 21006EN  21272.42250988  .00003833  00000-0  22239-3 0  9991
2 47687  97.4815 331.5301 0008739 104.7826 255.4374 15.12710240 38722
1 47687U 21006EN  21273.41473438  .00003930  00000-0  22789-3 0  9996
2 47687  97.4815 332.5030 0008737 102.0255 258.1955 15.12717876 38870
1 47687U 21006EN  21274.40695320  .00004662  00000-0  26956-3 0  9995
2 47687  97.4814 333.4758 0008733  99.2512 260.9707 15.12727367 39025
1 47687U 21006EN  21274.73769179  .00004627  00000-0  26754-3 0  9992
2 47687  97.4814 333.8001 0008706  98.3687 261.8532 15.12729842 39074
1 47687U 21006EN  21275.13457678  .00004895  00000-0  28281-3 0  9999
2 47687  97.4814 334.1893 0008686  97.2134 263.0085 15.12733909 39132
1 47687U 21006EN  21275.72990291  .00004760  00000-0  27504-3 0  9995
2 47687  97.4814 334.7730 0008678  95.6031 264.6190 15.12738707 39222
1 47687U 21006EN  21276.12678499  .00005174  00000-0  29862-3 0  9992
2 47687  97.4814 335.1622 0008659  94.4309 265.7911 15.12743745 39288
1 47687U 21006EN  21276.72210737  .00004596  00000-0  26563-3 0  9997
2 47687  97.4813 335.7459 0008644  92.8177 267.4044 15.12747906 39379
1 47687U 21006EN  21277.44971981  .00004910  00000-0  28345-3 0  9992
2 47687  97.4813 336.4594 0008647  90.7787 269.4435 15.12755899 39482
1 47687U 21006EN  21277.58201276  .00004806  00000-0  27755-3 0  9998
2 47687  97.4812 336.5891 0008658  90.4581 269.7642 15.12756964 39503
1 47687U 21006EN  21278.11118296  .00004676  00000-0  27009-3 0  9994
2 47687  97.4810 337.1080 0008670  88.9379 271.2845 15.12761844 39583
1 47687U 21006EN  21278.97108146  .00004084  00000-0  23632-3 0  9992
2 47687  97.4808 337.9512 0008694  86.6247 273.5978 15.12768263 39712
1 47687U 21006EN  21279.16951891  .00003730  00000-0  21617-3 0  9995
2 47687  97.4808 338.1458 0008685  86.0979 274.1245 15.12769345 39749
1 47687U 21006EN  21279.69868473  .00003702  00000-0  21454-3 0  9994
2 47687  97.4806 338.6647 0008695  84.6422 275.5801 15.12773704 39826
1 47687U 21006EN  21280.16170284  .00004012  00000-0  23215-3 0  9996
2 47687  97.4805 339.1187 0008663  83.2874 276.9343 15.12778644 39892
1 47687U 21006EN  21280.42628458  .00003896  00000-0  22554-3 0  9990
2 47687  97.4804 339.3781 0008663  82.5175 277.7040 15.12780361 39936
1 47687U 21006EN  21280.69086560  .00003919  00000-0  22686-3 0  9993
2 47687  97.4802 339.6375 0008661  81.7828 278.4384 15.12782779 39978
1 47687U 21006EN  21281.41846180  .00003651  00000-0  21154-3 0  9998
2 47687  97.4799 340.3509 0008649  79.8093 280.4113 15.12788098 40086
1 47687U 21006EN  21281.74918644  .00003601  00000-0  20868-3 0  9995
2 47687  97.4797 340.6751 0008641  78.9028 281.3174 15.12790733 40138
1 47687U 21006EN  21282.14605536  .00003371  00000-0  19562-3 0  9996
2 47687  97.4795 341.0642 0008614  77.7004 282.5191 15.12793288 40197
1 47687U 21006EN  21282.74135739  .00003609  00000-0  20914-3 0  9992
2 47687  97.4793 341.6477 0008562  75.9703 284.2479 15.12798167 40284
1 47687U 21006EN  21283.40280242  .00005690  00000-0  32744-3 0  9992
2 47687  97.4791 342.2961 0008513  73.9985 286.2183 15.12807193 40388
1 47687U 21006EN  21283.73352428  .00004404  00000-0  25430-3 0  9990
2 47687  97.4791 342.6203 0008471  73.0820 287.1339 15.12806381 40430
1 47687U 21006EN  21284.13038950  .00004906  00000-0  28281-3 0  9990
2 47687  97.4789 343.0094 0008471  71.9157 288.2996 15.12810367 40496
1 47687U 21006EN  21284.72568593  .00004991  00000-0  28762-3 0  9994
2 47687  97.4789 343.5929 0008433  70.2660 289.9480 15.12814875 40581
1 47687U 21006EN  21285.38712265  .00006163  00000-0  35416-3 0  9991
2 47687  97.4789 344.2412 0008396  68.3620 291.8504 15.12823724 40681
1 47687U 21006EN  21285.58555264  .00006779  00000-0  38913-3 0  9995
2 47687  97.4789 344.4358 0008382  67.8573 292.3547 15.12827523 40716
1 47687U 21006EN  21286.44541202  .00006700  00000-0  38455-3 0  9993
2 47687  97.4790 345.2786 0008359  65.3228 294.8872 15.12838504 40849
1 47687U 21006EN  21286.57769770  .00006033  00000-0  34664-3 0  9996
2 47687  97.4790 345.4083 0008348  65.0300 295.1798 15.12839098 40869
1 47687U 21006EN  21287.43755034  .00004472  00000-0  25786-3 0  9990
2 47687  97.4793 346.2511 0008349  62.6427 297.5653 15.12847558 40991
1 47687U 21006EN  21288.09897207  .00004347  00000-0  25071-3 0  9990
2 47687  97.4795 346.8997 0008339  60.9241 299.2824 15.12854860 41096
1 47687U 21006EN  21288.69424972  .00004259  00000-0  24568-3 0  9993
2 47687  97.4796 347.4833 0008322  59.2829 300.9221 15.12860072 41181
1 47687U 21006EN  21288.95881726  .00003820  00000-0  22073-3 0  9998
2 47687  97.4796 347.7427 0008311  58.5571 301.6471 15.12861162 41228
1 47687U 21006EN  21289.15724239  .00003745  00000-0  21650-3 0  9992
2 47687  97.4796 347.9373 0008304  57.9669 302.2368 15.12862878 41253
1 47687U 21006EN  21289.42180929  .00003511  00000-0  20318-3 0  9995
2 47687  97.4795 348.1967 0008287  57.2004 303.0025 15.12864139 41295
1 47687U 21006EN  21290.14936685  .00002833  00000-0  16465-3 0  9998
2 47687  97.4793 348.9100 0008196  54.8464 305.3534 15.12867484 41401
1 47687U 21006EN  21291.07534569  .00003558  00000-0  20581-3 0  9995
2 47687  97.4790 349.8180 0008104  51.9749 308.2213 15.12875087 41548
1 47687U 21006EN  21291.40605058  .00004567  00000-0  26304-3 0  9994
2 47687  97.4790 350.1422 0008077  50.9935 309.2014 15.12880195 41598
1 47687U 21006EN  21291.60447373  .00004390  00000-0  25302-3 0  9991
2 47687  97.4789 350.3368 0008049  50.3482 309.8458 15.12881210 41628
1 47687U 21006EN  21292.39816356  .00004400  00000-0  25355-3 0  9999
2 47687  97.4787 351.1149 0007963  47.7525 312.4380 15.12887312 41740
1 47687U 21006EN  21292.72886642  .00003807  00000-0  21988-3 0  9999
2 47687  97.4785 351.4391 0007933  46.8217 313.3676 15.12888934 41799
1 47687U 21006EN  21293.12570910  .00004642  00000-0  26719-3 0  9997
2 47687  97.4784 351.8281 0007906  45.7010 314.4868 15.12894270 41851
1 47687U 21006EN  21293.72097207  .00004157  00000-0  23968-3 0  9990
2 47687  97.4782 352.4117 0007853  43.9431 316.2423 15.12897958 41945
1 47687U 21006EN  21294.11781277  .00004090  00000-0  23587-3 0  9994
2 47687  97.4780 352.8007 0007818  42.6367 317.5469 15.12901055 42006
1 47687U 21006EN  21294.44851300  .00003726  00000-0  21517-3 0  9991
2 47687  97.4780 353.1250 0007806  41.5971 318.5853 15.12902706 42053
1 47687U 21006EN  21294.58079290  .00003834  00000-0  22128-3 0  9995
2 47687  97.4779 353.2547 0007800  41.2490 318.9329 15.12904050 42076
1 47687U 21006EN  21295.44061008  .00003473  00000-0  20079-3 0  9991
2 47687  97.4778 354.0976 0007745  38.8381 321.3406 15.12909767 42208
1 47687U 21006EN  21295.70516894  .00003221  00000-0  18649-3 0  9999
2 47687  97.4777 354.3569 0007725  38.1029 322.0747 15.12910913 42243
1 47687U 21006EN  21296.16814568  .00003199  00000-0  18525-3 0  9996
2 47687  97.4775 354.8107 0007688  36.5599 323.6155 15.12913812 42315
1 47687U 21006EN  21296.76340062  .00002930  00000-0  16993-3 0  9994
2 47687  97.4772 355.3941 0007640  34.7832 325.3897 15.12916812 42407
1 47687U 21006EN  21297.42479310  .00002743  00000-0  15930-3 0  9999
2 47687  97.4771 356.0425 0007584  32.7886 327.3814 15.12920435 42503
1 47687U 21006EN  21297.75548889  .00002753  00000-0  15986-3 0  9995
2 47687  97.4770 356.3666 0007558  31.7505 328.4181 15.12922403 42551
1 47687U 21006EN  21298.15232283  .00002826  00000-0  16400-3 0  9991
2 47687  97.4769 356.7555 0007520  30.3249 329.8415 15.12925143 42615
1 47687U 21006EN  21299.47509782  .00003940  00000-0  22712-3 0  9999
2 47687  97.4766 358.0521 0007391  26.2778 333.8826 15.12936311 42819
1 47687U 21006EN  21300.20261986  .00004380  00000-0  25202-3 0  9990
2 47687  97.4765 358.7651 0007314  23.8960 336.2609 15.12942965 42920
1 47687U 21006EN  21300.73172520  .00004997  00000-0  28696-3 0  9997
2 47687  97.4765 359.2837 0007254  22.0894 338.0649 15.12948449 43009
1 47687U 21006EN  21301.12855270  .00005476  00000-0  31409-3 0  9990
2 47687  97.4765 359.6726 0007215  20.6115 339.5405 15.12953024 43064
1 47687U 21006EN  21301.72379251  .00005631  00000-0  32278-3 0  9994
2 47687  97.4766   0.2560 0007152  18.5496 341.5994 15.12958552 43155
1 47687U 21006EN  21302.12061741  .00006036  00000-0  34569-3 0  9996
2 47687  97.4766   0.6450 0007121  17.1192 343.0278 15.12963356 43218
1 47687U 21006EN  21302.38516739  .00006653  00000-0  38061-3 0  9992
2 47687  97.4767   0.9043 0007097  16.2184 343.9273 15.12966826 43256
1 47687U 21006EN  21302.91426412  .00008378  00000-0  47810-3 0  9997
2 47687  97.4767   1.4229 0007062  14.8185 345.3252 15.12976674 43339
1 47687U 21006EN  21303.44335859  .00007812  00000-0  44600-3 0  9996
2 47687  97.4768   1.9416 0007015  13.0720 347.0691 15.12980857 43410
1 47687U 21006EN  21304.43540383  .00008041  00000-0  45883-3 0  9995
2 47687  97.4771   2.9141 0006917  10.1937 349.9433 15.12994501 43560
1 47687U 21006EN  21304.76608319  .00008320  00000-0  47451-3 0  9998
2 47687  97.4771   3.2383 0006890   9.1801 350.9555 15.13000062 43614
1 47687U 21006EN  21304.89835457  .00008472  00000-0  48306-3 0  9995
2 47687  97.4771   3.3680 0006875   8.7861 351.3489 15.13002337 43639
1 47687U 21006EN  21305.42743901  .00007309  00000-0  41725-3 0  9993
2 47687  97.4771   3.8867 0006835   7.0308 353.1018 15.13007831 43716
1 47687U 21006EN  21305.89038565  .00006308  00000-0  36059-3 0  9999
2 47687  97.4771   4.3406 0006787   5.7858 354.3450 15.13013416 43788
1 47687U 21006EN  21305.95652071  .00006351  00000-0  36303-3 0  9990
2 47687  97.4771   4.4054 0006779   5.6401 354.4905 15.13014478 43798
1 47687U 21006EN  21306.41946461  .00007643  00000-0  43595-3 0  9997
2 47687  97.4770   4.8594 0006721   4.0888 356.0397 15.13023578 43861
1 47687U 21006EN  21307.41148277  .00008776  00000-0  49977-3 0  9995
2 47687  97.4765   5.8319 0006612   0.2888 359.8346 15.13037029 44017
1 47687U 21006EN  21307.74215376  .00010187  00000-0  57936-3 0  9999
2 47687  97.4763   6.1560 0006577 358.9296   1.1919 15.13042936 44064
1 47687U 21006EN  21308.13895681  .00010787  00000-0  61310-3 0  9993
2 47687  97.4761   6.5450 0006553 357.3922   2.7274 15.13051537 44122
1 47687U 21006EN  21309.13096505  .00005695  00000-0  32562-3 0  9991
2 47687  97.4755   7.5173 0006435 353.4817   6.6329 15.13050268 44277
1 47687U 21006EN  21309.72616857  .00004159  00000-0  23884-3 0  9995
2 47687  97.4751   8.1008 0006404 351.2229   8.8889 15.13050934 44361
1 47687U 21006EN  21310.12296877  .00004321  00000-0  24794-3 0  9999
2 47687  97.4751   8.4898 0006379 349.8506  10.2595 15.13054987 44423
1 47687U 21006EN  21311.44562947  .00003507  00000-0  20190-3 0  9990
2 47687  97.4748   9.7861 0006241 344.8580  15.2464 15.13065180 44627
1 47687U 21006EN  21311.71016087  .00003018  00000-0  17424-3 0  9992
2 47687  97.4748  10.0453 0006201 343.6776  16.4255 15.13066204 44662
1 47687U 21006EN  21312.43762031  .00002522  00000-0  14618-3 0  9990
2 47687  97.4746  10.7583 0006170 340.9194  19.1805 15.13070483 44777
1 47687U 21006EN  21312.90054640  .00003049  00000-0  17596-3 0  9995
2 47687  97.4747  11.2120 0006109 338.9415  21.1564 15.13075801 44848
1 47687U 21006EN  21313.09894354  .00003040  00000-0  17544-3 0  9994
2 47687  97.4746  11.4064 0006095 338.3319  21.7653 15.13077234 44877
1 47687U 21006EN  21313.42960475  .00003079  00000-0  17764-3 0  9995
2 47687  97.4747  11.7305 0006056 337.1087  22.9873 15.13079723 44923
1 47687U 21006EN  21313.76026542  .00003097  00000-0  17863-3 0  9990
2 47687  97.4747  12.0545 0006006 336.4029  23.6925 15.13082359 44976
1 47687U 21006EN  21313.95866160  .00003052  00000-0  17607-3 0  9996
2 47687  97.4747  12.2489 0005988 335.7152  24.3797 15.13083651 45008
1 47687U 21006EN  21314.22318905  .00003381  00000-0  19465-3 0  9995
2 47687  97.4746  12.5082 0006022 334.1649  25.9280 15.13086458 45049
1 47687U 21006EN  21314.75224404  .00003119  00000-0  17987-3 0  9999
2 47687  97.4746  13.0267 0005954 332.3217  27.7696 15.13089888 45124
1 47687U 21006EN  21315.41356121  .00002858  00000-0  16507-3 0  9991
2 47687  97.4744  13.6747 0005862 330.1301  29.9595 15.13093735 45228
1 47687U 21006EN  21315.94261552  .00002345  00000-0  13612-3 0  9997
2 47687  97.4746  14.1934 0005886 327.4192  32.6675 15.13094013 45306
1 47687U 21006EN  21316.40553767  .00001958  00000-0  11424-3 0  9999
2 47687  97.4744  14.6470 0005797 325.8953  34.1905 15.13094677 45378
1 47687U 21006EN  21316.73619578  .00001877  00000-0  10969-3 0  9991
2 47687  97.4746  14.9711 0005820 324.1895  35.8945 15.13095673 45420
1 47687U 21006EN  21316.93459091  .00001272  00000-0  75492-4 0  9997
2 47687  97.4747  15.1654 0005787 323.2864  36.7970 15.13094354 45454
1 47687U 21006EN  21317.39751252  .00001179  00000-0  70236-4 0  9999
2 47687  97.4747  15.6192 0005758 321.3977  38.6842 15.13095137 45525
1 47687U 21006EN  21317.92656560  .00001745  00000-0  10220-3 0  9999
2 47687  97.4745  16.1381 0005764 319.4043  40.6758 15.13097739 45606
1 47687U 21006EN  21318.12495984  .00001090  00000-0  65235-4 0  9993
2 47687  97.4748  16.3324 0005716 318.4949  41.5847 15.13096381 45633
1 47687U 21006EN  21318.58788057  .00001290  00000-0  76516-4 0  9995
2 47687  97.4748  16.7861 0005670 316.5060  43.5723 15.13097820 45707
1 47687U 21006EN  21318.91853536  .00001735  00000-0  10164-3 0  9997
2 47687  97.4744  17.1104 0005721 315.3052  44.7717 15.13101923 45754
1 47687U 21006EN  21319.44758575  .00001699  00000-0  99607-4 0  9992
2 47687  97.4744  17.6288 0005663 312.9578  47.1178 15.13103684 45836
1 47687U 21006EN  21319.91050370  .00001576  00000-0  92636-4 0  9991
2 47687  97.4743  18.0826 0005663 311.0301  49.0440 15.13104811 45906
1 47687U 21006EN  21320.43955246  .00001683  00000-0  98684-4 0  9994
2 47687  97.4742  18.6011 0005616 308.8942  51.1788 15.13107176 45984
1 47687U 21006EN  21320.70407727  .00001567  00000-0  92113-4 0  9992
2 47687  97.4742  18.8603 0005615 307.6314  52.4407 15.13107221 46021
1 47687U 21006EN  21321.16699446  .00001549  00000-0  91092-4 0  9999
2 47687  97.4741  19.3140 0005588 305.5244  54.5466 15.13108578 46091
1 47687U 21006EN  21321.89443456  .00001666  00000-0  97741-4 0  9994
2 47687  97.4739  20.0270 0005553 302.3625  57.7068 15.13111637 46207
1 47687U 21006EN  21322.42348154  .00001564  00000-0  91968-4 0  9995
2 47687  97.4738  20.5455 0005536 300.1146  59.9536 15.13112853 46284
1 47687U 21006EN  21323.15092049  .00001585  00000-0  93155-4 0  9998
2 47687  97.4737  21.2585 0005504 296.9159  63.1509 15.13115338 46396
1 47687U 21006EN  21323.41544291  .00001624  00000-0  95361-4 0  9993
2 47687  97.4738  21.5177 0005514 295.7273  64.3389 15.13116579 46434
1 47687U 21006EN  21324.14287987  .00001430  00000-0  84349-4 0  9999
2 47687  97.4736  22.2306 0005464 292.5852  67.4801 15.13118083 46543
1 47687U 21006EN  21325.13483643  .00001592  00000-0  93527-4 0  9993
2 47687  97.4733  23.2028 0005443 288.2642  71.7997 15.13122583 46698
1 47687U 21006EN  21325.59774922  .00001612  00000-0  94612-4 0  9995
2 47687  97.4733  23.6565 0005447 286.2101  73.8530 15.13124190 46760
1 47687U 21006EN  21326.39131258  .00001662  00000-0  97448-4 0  9998
2 47687  97.4732  24.4342 0005432 282.7549  77.3075 15.13127110 46883
1 47687U 21006EN  21326.58970351  .00001600  00000-0  93928-4 0  9995
2 47687  97.4732  24.6286 0005408 281.8744  78.1880 15.13127367 46913
1 47687U 21006EN  21327.44939504  .00001667  00000-0  97737-4 0  9991
2 47687  97.4730  25.4711 0005369 278.0251  82.0371 15.13130660 47044
1 47687U 21006EN  21328.11069160  .00002083  00000-0  12119-3 0  9991
2 47687  97.4728  26.1191 0005364 275.1433  84.9186 15.13136239 47140
1 47687U 21006EN  21328.97037887  .00002208  00000-0  12821-3 0  9995
2 47687  97.4725  26.9615 0005380 270.8497  89.2117 15.13140497 47273
1 47687U 21006EN  21329.43328592  .00002086  00000-0  12133-3 0  9993
2 47687  97.4725  27.4151 0005353 268.7339  91.3278 15.13142612 47346
1 47687U 21006EN  21329.63167417  .00002144  00000-0  12457-3 0  9996
2 47687  97.4725  27.6095 0005349 267.9434  92.1184 15.13144049 47371
1 47687U 21006EN  21330.16070907  .00001956  00000-0  11398-3 0  9996
2 47687  97.4724  28.1279 0005339 265.3671  94.6950 15.13146442 47450
1 47687U 21006EN  21330.42522651  .00002256  00000-0  13089-3 0  9996
2 47687  97.4725  28.3871 0005335 264.2068  95.8555 15.13148534 47497
1 47687U 21006EN  21330.88813080  .00001909  00000-0  11132-3 0  9996
2 47687  97.4725  28.8407 0005357 262.3166  97.7457 15.13149961 47564
1 47687U 21006EN  21331.41716467  .00002092  00000-0  12165-3 0  9998
2 47687  97.4725  29.3591 0005349 260.0980  99.9648 15.13152614 47648
1 47687U 21006EN  21331.61555193  .00002363  00000-0  13691-3 0  9993
2 47687  97.4727  29.5534 0005376 259.3690 100.6935 15.13154355 47674
1 47687U 21006EN  21332.54135985  .00002093  00000-0  12168-3 0  9997
2 47687  97.4729  30.4609 0005456 255.4352 104.6274 15.13156329 47810
1 47687U 21006EN  21332.60748899  .00001995  00000-0  11614-3 0  9993
2 47687  97.4727  30.5258 0005475 255.1435 104.9190 15.13156172 47826
1 47687U 21006EN  21333.40103727  .00002295  00000-0  13308-3 0  9993
2 47687  97.4726  31.3033 0005454 251.4789 108.5850 15.13159287 47949
1 47687U 21006EN  21333.59942462  .00001956  00000-0  11393-3 0  9995
2 47687  97.4727  31.4978 0005486 250.6925 109.3713 15.13158523 47979
1 47687U 21006EN  21334.12845608  .00001843  00000-0  10754-3 0  9994
2 47687  97.4723  32.0163 0005512 248.8262 111.2381 15.13160527 48051
1 47687U 21006EN  21334.92200120  .00001771  00000-0  10351-3 0  9999
2 47687  97.4721  32.7938 0005498 245.0365 115.0295 15.13162955 48178
1 47687U 21006EN  21335.51715820  .00002003  00000-0  11659-3 0  9994
2 47687  97.4721  33.3770 0005541 242.3394 117.7275 15.13166532 48262
1 47687U 21006EN  21336.11231510  .00001957  00000-0  11398-3 0  9997
2 47687  97.4719  33.9602 0005568 239.9664 120.1015 15.13168393 48357
1 47687U 21006EN  21336.44295693  .00002121  00000-0  12319-3 0  9993
2 47687  97.4719  34.2842 0005585 238.5364 121.5322 15.13170597 48409
1 47687U 21006EN  21336.90585445  .00001971  00000-0  11475-3 0  9995
2 47687  97.4718  34.7377 0005637 236.4241 123.6452 15.13171864 48477
1 47687U 21006EN  21337.17036690  .00002001  00000-0  11642-3 0  9999
2 47687  97.4718  34.9969 0005683 235.9060 124.1632 15.13173271 48515
1 47687U 21006EN  21337.43487994  .00002046  00000-0  11896-3 0  9995
2 47687  97.4718  35.2561 0005705 234.9034 125.1663 15.13174512 48550
1 47687U 21006EN  21338.16228636  .00002827  00000-0  16293-3 0  9995
2 47687  97.4719  35.9693 0005695 231.0990 128.9734 15.13183012 48668
1 47687U 21006EN  21338.42679732  .00002692  00000-0  15531-3 0  9995
2 47687  97.4718  36.2284 0005733 229.6425 130.4306 15.13184313 48709
1 47687U 21006EN  21338.88969071  .00002169  00000-0  12588-3 0  9991
2 47687  97.4716  36.6820 0005731 228.0715 132.0028 15.13185930 48772
1 47687U 21006EN  21339.61709233  .00002554  00000-0  14751-3 0  9997
2 47687  97.4713  37.3947 0005815 224.5611 135.5153 15.13192171 48880
1 47687U 21006EN  21339.74934677  .00002532  00000-0  14627-3 0  9991
2 47687  97.4712  37.5244 0005781 223.9851 136.0921 15.13193639 48904
1 47687U 21006EN  21339.88160124  .00002732  00000-0  15751-3 0  9995
2 47687  97.4711  37.6540 0005790 223.5504 136.5270 15.13194913 48924
1 47687U 21006EN  21340.41061871  .00002833  00000-0  16319-3 0  9998
2 47687  97.4710  38.1723 0005848 221.8364 138.2421 15.13198333 49008
1 47687U 21006EN  21340.74125416  .00002503  00000-0  14460-3 0  9999
2 47687  97.4707  38.4962 0005871 220.1570 139.9228 15.13199886 49051
1 47687U 21006EN  21341.13801613  .00003029  00000-0  17423-3 0  9999
2 47687  97.4708  38.8848 0005905 218.9108 141.1699 15.13203402 49113
1 47687U 21006EN  21341.40252354  .00002894  00000-0  16660-3 0  9992
2 47687  97.4705  39.1440 0005940 217.7939 142.2876 15.13204824 49152
1 47687U 21006EN  21341.73315793  .00002782  00000-0  16030-3 0  9992
2 47687  97.4704  39.4679 0005974 216.6271 143.4552 15.13206385 49206
1 47687U 21006EN  21342.12991863  .00002654  00000-0  15309-3 0  9990
2 47687  97.4703  39.8565 0006014 215.1965 144.8869 15.13208177 49266
1 47687U 21006EN  21342.72505882  .00002847  00000-0  16395-3 0  9998
2 47687  97.4705  40.4396 0006044 212.7371 147.3486 15.13211901 49357
1 47687U 21006EN  21343.65083016  .00002691  00000-0  15514-3 0  9990
2 47687  97.4705  41.3466 0006152 209.5234 150.5651 15.13216067 49490
1 47687U 21006EN  21344.44434751  .00002216  00000-0  12840-3 0  9996
2 47687  97.4705  42.1241 0006202 206.0804 154.0116 15.13217880 49614
1 47687U 21006EN  21344.90723156  .00001745  00000-0  10186-3 0  9994
2 47687  97.4705  42.5776 0006257 204.4077 155.6859 15.13218412 49685
1 47687U 21006EN  21345.17173684  .00001627  00000-0  95244-4 0  9997
2 47687  97.4705  42.8367 0006283 203.0051 157.0900 15.13219071 49720
1 47687U 21006EN  21345.89912559  .00001471  00000-0  86447-4 0  9990
2 47687  97.4705  43.5496 0006317 200.7804 159.3172 15.13219828 49837
1 47687U 21006EN  21346.42813409  .00001696  00000-0  99065-4 0  9993
2 47687  97.4705  44.0679 0006368 198.7872 161.3125 15.13223224 49918
1 47687U 21006EN  21346.89101630  .00001480  00000-0  86907-4 0  9992
2 47687  97.4704  44.5215 0006418 197.2137 162.8878 15.13223857 49982
1 47687U 21006EN  21347.15552056  .00001416  00000-0  83303-4 0  9990
2 47687  97.4704  44.7807 0006436 196.1814 163.9212 15.13224406 50023
1 47687U 21006EN  21347.61840148  .00001694  00000-0  98976-4 0  9993
2 47687  97.4705  45.2342 0006482 194.6015 165.5030 15.13227763 50093
1 47687U 21006EN  21347.88290571  .00001493  00000-0  87656-4 0  9991
2 47687  97.4705  45.4934 0006507 193.6637 166.4420 15.13227376 50137
1 47687U 21006EN  21348.47803820  .00001632  00000-0  95485-4 0  9998
2 47687  97.4704  46.0765 0006563 191.5055 168.6027 15.13230160 50220
1 47687U 21006EN  21348.61028948  .00001728  00000-0  10084-3 0  9991
2 47687  97.4704  46.2061 0006572 191.0258 169.0830 15.13231221 50249
1 47687U 21006EN  21349.13929591  .00001493  00000-0  87631-4 0  9995
2 47687  97.4704  46.7245 0006625 189.1725 170.9387 15.13231568 50325
1 47687U 21006EN  21349.40379860  .00001645  00000-0  96194-4 0  9996
2 47687  97.4704  46.9836 0006648 188.1845 171.9279 15.13233244 50368
1 47687U 21006EN  21349.73442596  .00001919  00000-0  11160-3 0  9992
2 47687  97.4703  47.3076 0006668 186.9616 173.1524 15.13236044 50416
1 47687U 21006EN  21350.13117823  .00002168  00000-0  12561-3 0  9993
2 47687  97.4703  47.6964 0006703 185.5937 174.5221 15.13239080 50474
1 47687U 21006EN  21350.72630651  .00003306  00000-0  18956-3 0  9996
2 47687  97.4705  48.2799 0006785 183.2708 176.8480 15.13244002 50562
1 47687U 21006EN  21350.92468213  .00003347  00000-0  19189-3 0  9995
2 47687  97.4704  48.4741 0006803 182.6190 177.5007 15.13245109 50594
1 47687U 21006EN  21351.71818144  .00004487  00000-0  25587-3 0  9990
2 47687  97.4703  49.2517 0006900 180.4075 179.7152 15.13253307 50717
1 47687U 21006EN  21352.11492904  .00004872  00000-0  27747-3 0  9995
2 47687  97.4701  49.6404 0006892 179.2469 180.8774 15.13258219 50773
1 47687U 21006EN  21352.44555162  .00005290  00000-0  30095-3 0  9992
2 47687  97.4701  49.9643 0006938 178.0226 182.1034 15.13262297 50821
1 47687U 21006EN  21352.90842098  .00005894  00000-0  33480-3 0  9991
2 47687  97.4699  50.4179 0006981 176.2021 183.9265 15.13268997 50894
1 47687U 21006EN  21353.17291713  .00005911  00000-0  33574-3 0  9997
2 47687  97.4698  50.6770 0007000 175.2210 184.9089 15.13272198 50932
1 47687U 21006EN  21353.43741300  .00006080  00000-0  34518-3 0  9995
2 47687  97.4698  50.9361 0007025 174.2279 185.9035 15.13275375 50978
1 47687U 21006EN  21353.70190820  .00006117  00000-0  34719-3 0  9994
2 47687  97.4697  51.1953 0007059 173.1923 186.9405 15.13278358 51010
1 47687U 21006EN  21354.23089461  .00009842  00000-0  55593-3 0  9992
2 47687  97.4695  51.7135 0007098 171.2750 188.8606 15.13293609 51094
1 47687U 21006EN  21354.69375639  .00008926  00000-0  50452-3 0  9998
2 47687  97.4695  52.1671 0007141 169.5962 190.5419 15.13298144 51167
1 47687U 21006EN  21355.22273752  .00008787  00000-0  49659-3 0  9993
2 47687  97.4693  52.6854 0007210 167.5620 192.5790 15.13307229 51247
1 47687U 21006EN  21355.75171535  .00007664  00000-0  43358-3 0  9990
2 47687  97.4691  53.2036 0007269 165.8472 194.2964 15.13315045 51320
1 47687U 21006EN  21356.41293359  .00007496  00000-0  42404-3 0  9997
2 47687  97.4688  53.8514 0007325 163.8202 196.3265 15.13325579 51426
1 47687U 21006EN  21356.74354082  .00007963  00000-0  45013-3 0  9992
2 47687  97.4686  54.1753 0007352 162.9523 197.1957 15.13331830 51478
1 47687U 21006EN  21357.14026800  .00007570  00000-0  42805-3 0  9991
2 47687  97.4684  54.5640 0007365 161.8670 198.2826 15.13337633 51531
1 47687U 21006EN  21357.40475184  .00008294  00000-0  46851-3 0  9992
2 47687  97.4684  54.8230 0007389 161.0724 199.0783 15.13342915 51571
1 47687U 21006EN  21357.73535569  .00008147  00000-0  46019-3 0  9995
2 47687  97.4682  55.1468 0007416 160.2561 199.8959 15.13348048 51629
1 47687U 21006EN  21358.39655953  .00008388  00000-0  47354-3 0  9998
2 47687  97.4681  55.7946 0007442 158.4386 201.7160 15.13359178 51722
1 47687U 21006EN  21358.72715986  .00008451  00000-0  47698-3 0  9990
2 47687  97.4681  56.1184 0007452 157.5235 202.6324 15.13364644 51776
1 47687U 21006EN  21359.38835719  .00008491  00000-0  47909-3 0  9999
2 47687  97.4682  56.7662 0007498 155.4722 204.6867 15.13374881 51871
1 47687U 21006EN  21359.71895407  .00008984  00000-0  50658-3 0  9998
2 47687  97.4683  57.0900 0007472 154.2962 205.8642 15.13381161 51925
1 47687U 21006EN  21360.11566866  .00008482  00000-0  47842-3 0  9992
2 47687  97.4683  57.4787 0007499 152.9362 207.2262 15.13387012 51981
1 47687U 21006EN  21360.71073753  .00007580  00000-0  42788-3 0  9998
2 47687  97.4686  58.0619 0007560 150.9053 209.2601 15.13395493 52071
1 47687U 21006EN  21361.43803892  .00007445  00000-0  42020-3 0  9992
2 47687  97.4689  58.7746 0007647 148.3303 211.8390 15.13406802 52180
1 47687U 21006EN  21361.70251078  .00007565  00000-0  42686-3 0  9996
2 47687  97.4690  59.0338 0007706 147.3984 212.7725 15.13411309 52228
1 47687U 21006EN  21362.16533468  .00008694  00000-0  48982-3 0  9992
2 47687  97.4691  59.4874 0007778 145.8506 214.3227 15.13420292 52293
1 47687U 21006EN  21362.69427353  .00008234  00000-0  46400-3 0  9998
2 47687  97.4692  60.0056 0007858 144.2077 215.9683 15.13428074 52377
1 47687U 21006EN  21363.15709257  .00007334  00000-0  41366-3 0  9992
2 47687  97.4691  60.4593 0007897 142.7096 217.4685 15.13434182 52447
1 47687U 21006EN  21363.75214256  .00007229  00000-0  40768-3 0  9996
2 47687  97.4690  61.0424 0007905 140.8290 219.3515 15.13443305 52531
1 47687U 21006EN  21364.41330520  .00007039  00000-0  39697-3 0  9991
2 47687  97.4688  61.6904 0007908 138.9160 221.2668 15.13452640 52638
1 47687U 21006EN  21364.74388532  .00005925  00000-0  33473-3 0  9991
2 47687  97.4687  62.0143 0007950 138.0421 222.1421 15.13455435 52682
1 47687U 21006EN  21365.14058071  .00005179  00000-0  29302-3 0  9995
2 47687  97.4686  62.4030 0007960 136.9887 223.1968 15.13458748 52748
1 47687U 21006EN  21365.60339053  .00004480  00000-0  25396-3 0  9991
2 47687  97.4684  62.8565 0007948 135.5854 224.6016 15.13462867 52813
1 47687U 21006EN  21365.66950621  .00004333  00000-0  24573-3 0  9990
2 47687  97.4684  62.9213 0007920 135.3715 224.8155 15.13463209 52826
1 47687U 21006EN  22001.39677615  .00004830  00000-0  27348-3 0  9992
2 47687  97.4681  63.6339 0007916 133.4222 226.7670 15.13470455 52933

