1 47540U 21006EA  21032.80336799  .00000678  00000-0  42572-4 0  9997
2 47540  97.5143  96.3550 0010888 198.9715 161.1111 15.12527878   619
1 47540U 21006EA  21033.92802785  .00000416  00000-0  27569-4 0  9993
2 47540  97.5141  97.4622 0011005 194.7268 165.3644 15.12528614   782
1 47540U 21006EA  21034.12649714  .00000421  00000-0  27851-4 0  9997
2 47540  97.5141  97.6576 0011029 194.0057 166.0869 15.12528794   817
1 47540U 21006EA  21034.39112290  .00000386  00000-0  25835-4 0  9990
2 47540  97.5141  97.9181 0011048 193.1001 166.9945 15.12528711   859
1 47540U 21006EA  21034.92037385  .00000448  00000-0  29391-4 0  9990
2 47540  97.5139  98.4392 0011098 191.2349 168.8636 15.12529519   939
1 47540U 21006EA  21035.64809385  .00000488  00000-0  31699-4 0  9995
2 47540  97.5138  99.1556 0011168 188.7513 171.3525 15.12530379  1045
1 47540U 21006EA  21036.44196945  .00000493  00000-0  31986-4 0  9990
2 47540  97.5137  99.9372 0011244 186.1388 173.9706 15.12531248  1163
1 47540U 21006EA  21036.70659453  .00000504  00000-0  32587-4 0  9998
2 47540  97.5136 100.1977 0011272 185.2797 174.8317 15.12531635  1206
1 47540U 21006EA  21036.90506345  .00000430  00000-0  28379-4 0  9993
2 47540  97.5136 100.3931 0011291 184.5862 175.5268 15.12531441  1235
1 47540U 21006EA  21037.43431356  .00000419  00000-0  27747-4 0  9996
2 47540  97.5135 100.9141 0011341 182.8406 177.2762 15.12531997  1317
1 47540U 21006EA  21037.89740714  .00000426  00000-0  28121-4 0  9992
2 47540  97.5134 101.3700 0011380 181.3452 178.7750 15.12532638  1383
1 47540U 21006EA  21038.16203198  .00000422  00000-0  27899-4 0  9990
2 47540  97.5134 101.6305 0011402 180.4749 179.6473 15.12532982  1420
1 47540U 21006EA  21038.75743714  .00000695  00000-0  43562-4 0  9995
2 47540  97.5133 102.2167 0011454 178.4307 181.6962 15.12535431  1514
1 47540U 21006EA  21039.41899912  .00000438  00000-0  28831-4 0  9998
2 47540  97.5132 102.8679 0011526 176.2028 183.9292 15.12534828  1614
1 47540U 21006EA  21039.74977981  .00000433  00000-0  28522-4 0  9999
2 47540  97.5131 103.1935 0011560 175.0574 185.0773 15.12535254  1669
1 47540U 21006EA  21040.41134098  .00000406  00000-0  26965-4 0  9998
2 47540  97.5130 103.8448 0011628 172.7754 187.3646 15.12535904  1760
1 47540U 21006EA  21040.60980928  .00000452  00000-0  29618-4 0  9999
2 47540  97.5130 104.0402 0011649 172.0989 188.0427 15.12536394  1791
1 47540U 21006EA  21041.13905799  .00000416  00000-0  27531-4 0  9993
2 47540  97.5129 104.5612 0011699 170.3171 189.8287 15.12536741  1874
1 47540U 21006EA  21041.60215061  .00000399  00000-0  26585-4 0  9999
2 47540  97.5128 105.0170 0011746 168.7572 191.3924 15.12537050  1945
1 47540U 21006EA  21042.13139904  .00000413  00000-0  27378-4 0  9997
2 47540  97.5126 105.5380 0011792 167.0071 193.1465 15.12537570  2025
1 47540U 21006EA  21042.59449130  .00000427  00000-0  28186-4 0  9995
2 47540  97.5126 105.9939 0011837 165.4622 194.6951 15.12538027  2094
1 47540U 21006EA  21043.45451932  .00000433  00000-0  28535-4 0  9999
2 47540  97.5123 106.8404 0011911 162.6439 197.5201 15.12538777  2223
1 47540U 21006EA  21043.91761113  .00000419  00000-0  27712-4 0  9995
2 47540  97.5122 107.2963 0011953 161.1615 199.0061 15.12539097  2297
1 47540U 21006EA  21044.11607888  .00000513  00000-0  33117-4 0  9997
2 47540  97.5121 107.4916 0011965 160.5322 199.6368 15.12539827  2328
1 47540U 21006EA  21044.71148206  .00000570  00000-0  36391-4 0  9997
2 47540  97.5120 108.0777 0012015 158.6159 201.5576 15.12540783  2419
1 47540U 21006EA  21044.90994976  .00000518  00000-0  33383-4 0  9991
2 47540  97.5119 108.2730 0012034 157.9555 202.2196 15.12540703  2442
1 47540U 21006EA  21045.43919695  .00000447  00000-0  29304-4 0  9994
2 47540  97.5118 108.7939 0012074 156.3022 203.8767 15.12540863  2520
1 47540U 21006EA  21045.76997628  .00000441  00000-0  28975-4 0  9999
2 47540  97.5118 109.1195 0012100 155.2553 204.9261 15.12541209  2577
1 47540U 21006EA  21046.43153477  .00000382  00000-0  25575-4 0  9997
2 47540  97.5117 109.7707 0012147 153.1682 207.0179 15.12541624  2676
1 47540U 21006EA  21046.89462549  .00000365  00000-0  24613-4 0  9993
2 47540  97.5116 110.2265 0012183 151.7066 208.4829 15.12542096  2740
1 47540U 21006EA  21047.09309293  .00000357  00000-0  24190-4 0  9993
2 47540  97.5116 110.4219 0012197 151.0775 209.1134 15.12542291  2773
1 47540U 21006EA  21047.42387182  .00000423  00000-0  27943-4 0  9996
2 47540  97.5116 110.7474 0012222 150.0076 210.1857 15.12543049  2823
1 47540U 21006EA  21048.41620806  .00000387  00000-0  25892-4 0  9999
2 47540  97.5115 111.7241 0012299 146.8260 213.3744 15.12544105  2977
1 47540U 21006EA  21048.74698656  .00000447  00000-0  29320-4 0  9990
2 47540  97.5114 112.0497 0012327 145.7363 214.4665 15.12544863  3029
1 47540U 21006EA  21049.40854352  .00000429  00000-0  28292-4 0  9998
2 47540  97.5114 112.7008 0012385 143.5936 216.6139 15.12545502  3122
1 47540U 21006EA  21049.80547757  .00000430  00000-0  28349-4 0  9995
2 47540  97.5113 113.0915 0012411 142.3338 217.8764 15.12545912  3183
1 47540U 21006EA  21050.13625583  .00000442  00000-0  29019-4 0  9995
2 47540  97.5112 113.4170 0012437 141.2919 218.9206 15.12546315  3237
1 47540U 21006EA  21051.12859010  .00000481  00000-0  31292-4 0  9998
2 47540  97.5111 114.3937 0012503 138.1743 222.0445 15.12547469  3389
1 47540U 21006EA  21051.39321215  .00000521  00000-0  33550-4 0  9992
2 47540  97.5111 114.6542 0012526 137.3273 222.8933 15.12548021  3428
1 47540U 21006EA  21051.79014537  .00000548  00000-0  35089-4 0  9990
2 47540  97.5110 115.0449 0012550 136.0852 224.1379 15.12548601  3483
1 47540U 21006EA  21052.45169948  .00000723  00000-0  45104-4 0  9995
2 47540  97.5109 115.6959 0012588 134.0257 226.2013 15.12550595  3585
1 47540U 21006EA  21052.78247649  .00000757  00000-0  47087-4 0  9995
2 47540  97.5108 116.0215 0012598 133.0178 227.2110 15.12551293  3637
1 47540U 21006EA  21052.98094260  .00000808  00000-0  49992-4 0  9990
2 47540  97.5107 116.2168 0012608 132.4052 227.8248 15.12551879  3662
1 47540U 21006EA  21053.77480662  .00000841  00000-0  51889-4 0  9998
2 47540  97.5105 116.9981 0012641 129.9819 230.2524 15.12553436  3788
1 47540U 21006EA  21054.10558305  .00000864  00000-0  53183-4 0  9990
2 47540  97.5105 117.3236 0012649 128.9813 231.2546 15.12554157  3839
1 47540U 21006EA  21054.76713547  .00000831  00000-0  51282-4 0  9995
2 47540  97.5103 117.9747 0012675 126.9741 233.2652 15.12555261  3935
1 47540U 21006EA  21054.96560093  .00000897  00000-0  55061-4 0  9994
2 47540  97.5103 118.1700 0012680 126.3836 233.8567 15.12556038  3969
1 47540U 21006EA  21055.42868721  .00000845  00000-0  52118-4 0  9998
2 47540  97.5102 118.6257 0012701 124.9697 235.2729 15.12556693  4035
1 47540U 21006EA  21056.42101317  .00000946  00000-0  57884-4 0  9997
2 47540  97.5101 119.6023 0012740 121.9086 238.3385 15.12559545  4185
1 47540U 21006EA  21056.61947833  .00000882  00000-0  54209-4 0  9996
2 47540  97.5100 119.7976 0012749 121.3267 238.9213 15.12559652  4215
1 47540U 21006EA  21057.41333802  .00000867  00000-0  53368-4 0  9998
2 47540  97.5099 120.5788 0012780 118.8795 241.3720 15.12561334  4339
1 47540U 21006EA  21057.61180288  .00000865  00000-0  53243-4 0  9998
2 47540  97.5099 120.7741 0012793 118.2800 241.9723 15.12561757  4366
1 47540U 21006EA  21058.40566197  .00000793  00000-0  49107-4 0  9997
2 47540  97.5097 121.5554 0012842 115.8197 244.4360 15.12562861  4487
1 47540U 21006EA  21058.60412673  .00000737  00000-0  45889-4 0  9999
2 47540  97.5097 121.7507 0012852 115.2302 245.0262 15.12562901  4517
1 47540U 21006EA  21059.06721088  .00000681  00000-0  42711-4 0  9992
2 47540  97.5095 122.2064 0012871 113.7998 246.4584 15.12563344  4585
1 47540U 21006EA  21059.13336559  .00000732  00000-0  45609-4 0  9991
2 47540  97.5095 122.2715 0012872 113.5939 246.6644 15.12563771  4596
1 47540U 21006EA  21059.59644942  .00000702  00000-0  43889-4 0  9994
2 47540  97.5095 122.7272 0012901 112.1895 248.0706 15.12564353  4668
1 47540U 21006EA  21060.12568774  .00000700  00000-0  43757-4 0  9995
2 47540  97.5093 123.2480 0012911 110.5681 249.6936 15.12565154  4740
1 47540U 21006EA  21060.58877073  .00000797  00000-0  49332-4 0  9991
2 47540  97.5093 123.7037 0012926 109.1681 251.0950 15.12566483  4810
1 47540U 21006EA  21060.91954421  .00000800  00000-0  49521-4 0  9996
2 47540  97.5092 124.0292 0012929 108.1605 252.1034 15.12567025  4867
1 47540U 21006EA  21061.58109076  .00000804  00000-0  49737-4 0  9991
2 47540  97.5090 124.6802 0012945 106.1750 254.0907 15.12568188  4967
1 47540U 21006EA  21062.44109976  .00000927  00000-0  56759-4 0  9994
2 47540  97.5088 125.5264 0012936 103.5724 256.6948 15.12570522  5091
1 47540U 21006EA  21062.57340870  .00000979  00000-0  59750-4 0  9999
2 47540  97.5088 125.6566 0012931 103.1957 257.0717 15.12571094  5113
1 47540U 21006EA  21063.10264453  .00000949  00000-0  58033-4 0  9991
2 47540  97.5087 126.1773 0012928 101.5954 258.6728 15.12571979  5192
1 47540U 21006EA  21063.16879899  .00000959  00000-0  58573-4 0  9993
2 47540  97.5087 126.2424 0012928 101.3967 258.8717 15.12572165  5208
1 47540U 21006EA  21063.63188017  .00000870  00000-0  53526-4 0  9995
2 47540  97.5086 126.6980 0012928 100.0275 260.2415 15.12572598  5275
1 47540U 21006EA  21064.42573248  .00000888  00000-0  54552-4 0  9996
2 47540  97.5085 127.4791 0012901  97.6742 262.5955 15.12574380  5392
1 47540U 21006EA  21064.69034956  .00000899  00000-0  55164-4 0  9995
2 47540  97.5083 127.7394 0012942  96.8643 263.4061 15.12575128  5432
1 47540U 21006EA  21065.41804451  .00000877  00000-0  53886-4 0  9996
2 47540  97.5072 128.4548 0013251  95.1208 265.1536 15.12580881  5542
1 47540U 21006EA  21065.94727675  .00000862  00000-0  53050-4 0  9993
2 47540  97.5073 128.9756 0013140  93.4260 266.8474 15.12581991  5626
1 47540U 21006EA  21066.41035329  .00000869  00000-0  53420-4 0  9992
2 47540  97.5084 129.4337 0012797  90.7391 269.5306 15.12585370  5697
1 47540U 21006EA  21066.93958356  .00001002  00000-0  61051-4 0  9992
2 47540  97.5073 129.9523 0013049  90.1628 270.1098 15.12587398  5772
1 47540U 21006EA  21067.13804439  .00001003  00000-0  61064-4 0  9992
2 47540  97.5078 130.1477 0012954  89.5299 270.7416 15.12588791  5801
1 47540U 21006EA  21067.60112042  .00000994  00000-0  60591-4 0  9998
2 47540  97.5079 130.6034 0012954  88.0899 272.1815 15.12589732  5878
1 47540U 21006EA  21068.46111758  .00001182  00000-0  71341-4 0  9991
2 47540  97.5076 131.4495 0012972  85.4323 274.8389 15.12591999  6007
1 47540U 21006EA  21068.79188530  .00001170  00000-0  70613-4 0  9997
2 47540  97.5076 131.7748 0012970  84.5196 275.7514 15.12592746  6053
1 47540U 21006EA  21069.38726527  .00001122  00000-0  67890-4 0  9997
2 47540  97.5074 132.3608 0012921  82.7289 277.5410 15.12597049  6148
1 47540U 21006EA  21069.78418521  .00002392  00000-0  14048-3 0  9999
2 47540  97.5074 132.7514 0012907  81.2593 279.0099 15.12599651  6202
1 47540U 21006EA  21069.91649259  .00002519  00000-0  14777-3 0  9998
2 47540  97.5075 132.8819 0012894  81.0927 279.1763 15.12599667  6224
1 47540U 21006EA  21070.44571790  .00002544  00000-0  14916-3 0  9995
2 47540  97.5074 133.4025 0012880  79.4716 280.7965 15.12602246  6300
1 47540U 21006EA  21070.71033015  .00002485  00000-0  14582-3 0  9991
2 47540  97.5073 133.6628 0012859  78.6633 281.6042 15.12603532  6344
1 47540U 21006EA  21071.17340128  .00002208  00000-0  12999-3 0  9991
2 47540  97.5072 134.1184 0012839  77.2519 283.0146 15.12604987  6416
1 47540U 21006EA  21071.76877698  .00002337  00000-0  13735-3 0  9995
2 47540  97.5070 134.7040 0012844  75.4611 284.8044 15.12608556  6502
1 47540U 21006EA  21072.43030356  .00002527  00000-0  14820-3 0  9999
2 47540  97.5068 135.3548 0012822  73.4821 286.7817 15.12612893  6605
1 47540U 21006EA  21072.82721833  .00002790  00000-0  16318-3 0  9995
2 47540  97.5066 135.7453 0012802  72.2090 288.0537 15.12616151  6666
1 47540U 21006EA  21073.48874135  .00003280  00000-0  19117-3 0  9997
2 47540  97.5063 136.3960 0012765  70.1869 290.0737 15.12621976  6769
1 47540U 21006EA  21074.41487076  .00003229  00000-0  18822-3 0  9990
2 47540  97.5059 137.3071 0012754  67.5150 292.7429 15.12628163  6907
1 47540U 21006EA  21074.74563036  .00002976  00000-0  17374-3 0  9996
2 47540  97.5057 137.6325 0012731  66.4822 293.7745 15.12629839  6957
1 47540U 21006EA  21075.40714840  .00002571  00000-0  15061-3 0  9993
2 47540  97.5055 138.2833 0012666  64.4466 295.8073 15.12632856  7057
1 47540U 21006EA  21075.93636248  .00002617  00000-0  15325-3 0  9990
2 47540  97.5055 138.8039 0012638  62.7396 297.5120 15.12635147  7130
1 47540U 21006EA  21076.39942357  .00002637  00000-0  15437-3 0  9998
2 47540  97.5055 139.2594 0012608  61.3150 298.9346 15.12637760  7207
1 47540U 21006EA  21076.86248424  .00002464  00000-0  14445-3 0  9990
2 47540  97.5054 139.7150 0012571  59.8833 300.3643 15.12639423  7271
1 47540U 21006EA  21077.12708996  .00002489  00000-0  14591-3 0  9994
2 47540  97.5053 139.9753 0012547  59.0596 301.1866 15.12640798  7310
1 47540U 21006EA  21077.39169530  .00002805  00000-0  16393-3 0  9992
2 47540  97.5053 140.2356 0012524  58.2619 301.9831 15.12643045  7358
1 47540U 21006EA  21077.92090619  .00002278  00000-0  13384-3 0  9993
2 47540  97.5053 140.7562 0012484  56.6246 303.6178 15.12643566  7435
1 47540U 21006EA  21078.45011567  .00002587  00000-0  15150-3 0  9993
2 47540  97.5052 141.2768 0012452  55.0195 305.2203 15.12646953  7518
1 47540U 21006EA  21078.91317319  .00002451  00000-0  14371-3 0  9992
2 47540  97.5052 141.7323 0012419  53.5939 306.6435 15.12648748  7585
1 47540U 21006EA  21079.44238061  .00002648  00000-0  15493-3 0  9991
2 47540  97.5052 142.2530 0012377  51.9472 308.2874 15.12652170  7666
1 47540U 21006EA  21079.77313384  .00003291  00000-0  19165-3 0  9994
2 47540  97.5052 142.5783 0012369  50.9382 309.2947 15.12656459  7711
1 47540U 21006EA  21080.23618788  .00003344  00000-0  19465-3 0  9995
2 47540  97.5052 143.0338 0012340  49.4946 310.7358 15.12659801  7785
1 47540U 21006EA  21080.76539103  .00003538  00000-0  20571-3 0  9991
2 47540  97.5051 143.5544 0012308  47.8614 312.3661 15.12664271  7867
1 47540U 21006EA  21081.16229244  .00004095  00000-0  23746-3 0  9994
2 47540  97.5051 143.9449 0012305  46.7463 313.4792 15.12668916  7926
1 47540U 21006EA  21081.36074277  .00003953  00000-0  22934-3 0  9990
2 47540  97.5052 144.1401 0012280  46.1114 314.1129 15.12670203  7954
1 47540U 21006EA  21081.75764304  .00003467  00000-0  20158-3 0  9996
2 47540  97.5051 144.5306 0012253  44.8702 315.3517 15.12672290  8019
1 47540U 21006EA  21082.41914202  .00002829  00000-0  16517-3 0  9999
2 47540  97.5050 145.1813 0012178  42.7850 317.4327 15.12675632  8111
1 47540U 21006EA  21082.55144148  .00003035  00000-0  17694-3 0  9995
2 47540  97.5050 145.3114 0012167  42.3612 317.8556 15.12677168  8133
1 47540U 21006EA  21082.74989067  .00002973  00000-0  17337-3 0  9997
2 47540  97.5050 145.5066 0012143  41.7204 318.4950 15.12678337  8162
1 47540U 21006EA  21083.21293848  .00002785  00000-0  16267-3 0  9997
2 47540  97.5049 145.9621 0012094  40.2198 319.9925 15.12680663  8233
1 47540U 21006EA  21083.74213493  .00002949  00000-0  17202-3 0  9995
2 47540  97.5048 146.4827 0012031  38.4668 321.7419 15.12684005  8310
1 47540U 21006EA  21084.20518137  .00003122  00000-0  18187-3 0  9997
2 47540  97.5047 146.9381 0012005  36.9021 323.3034 15.12687004  8386
1 47540U 21006EA  21084.93282359  .00003286  00000-0  19121-3 0  9991
2 47540  97.5045 147.6538 0011922  34.5447 325.6556 15.12691489  8497
1 47540U 21006EA  21085.92506143  .00002964  00000-0  17279-3 0  9995
2 47540  97.5043 148.6298 0011823  31.3455 328.8478 15.12695114  8647
1 47540U 21006EA  21086.12350838  .00002996  00000-0  17460-3 0  9993
2 47540  97.5042 148.8250 0011807  30.6842 329.5077 15.12696311  8676
1 47540U 21006EA  21086.45425308  .00002960  00000-0  17258-3 0  9990
2 47540  97.5041 149.1503 0011776  29.6188 330.5708 15.12697895  8723
1 47540U 21006EA  21086.91729487  .00002994  00000-0  17452-3 0  9999
2 47540  97.5039 149.6057 0011729  28.1051 332.0811 15.12700469  8791
1 47540U 21006EA  21087.44648427  .00003063  00000-0  17843-3 0  9994
2 47540  97.5038 150.1262 0011679  26.4023 333.7801 15.12703766  8878
1 47540U 21006EA  21087.71107832  .00003112  00000-0  18121-3 0  9999
2 47540  97.5037 150.3865 0011657  25.5317 334.6487 15.12705668  8918
1 47540U 21006EA  21088.24026625  .00003001  00000-0  17485-3 0  9997
2 47540  97.5035 150.9070 0011605  23.7441 336.4323 15.12708281  8992
1 47540U 21006EA  21088.76945271  .00003072  00000-0  17888-3 0  9996
2 47540  97.5034 151.4275 0011563  22.0265 338.1460 15.12711872  9074
1 47540U 21006EA  21088.90174943  .00002725  00000-0  15911-3 0  9991
2 47540  97.5033 151.5576 0011550  21.5863 338.5853 15.12711499  9099
1 47540U 21006EA  21089.43093483  .00002583  00000-0  15103-3 0  9994
2 47540  97.5032 152.0781 0011500  19.8539 340.3137 15.12714343  9173
1 47540U 21006EA  21089.89397157  .00002245  00000-0  13173-3 0  9999
2 47540  97.5030 152.5335 0011460  18.3093 341.8548 15.12715790  9242
1 47540U 21006EA  21090.15856392  .00002088  00000-0  12279-3 0  9992
2 47540  97.5029 152.7938 0011438  17.4956 342.6666 15.12716605  9284
1 47540U 21006EA  21090.22471200  .00002016  00000-0  11867-3 0  9994
2 47540  97.5029 152.8588 0011431  17.2975 342.8643 15.12716682  9291
1 47540U 21006EA  21091.21693373  .00002002  00000-0  11786-3 0  9996
2 47540  97.5033 153.8347 0011355  13.6092 346.5443 15.12719143  9446
1 47540U 21006EA  21091.74611749  .00001781  00000-0  10527-3 0  9996
2 47540  97.5033 154.3552 0011295  11.7353 348.4139 15.12720169  9524
1 47540U 21006EA  21092.40759665  .00001620  00000-0  96104-4 0  9998
2 47540  97.5031 155.0058 0011228   9.6297 350.5147 15.12721655  9625
1 47540U 21006EA  21092.73833566  .00001553  00000-0  92236-4 0  9994
2 47540  97.5030 155.3311 0011193   8.5290 351.6129 15.12722488  9673
1 47540U 21006EA  21093.39981228  .00001692  00000-0  10021-3 0  9991
2 47540  97.5031 155.9817 0011124   6.2180 353.9187 15.12725678  9772
1 47540U 21006EA  21093.73055050  .00001629  00000-0  96609-4 0  9991
2 47540  97.5029 156.3070 0011088   5.1072 355.0270 15.12726503  9822
1 47540U 21006EA  21094.12743588  .00001656  00000-0  98145-4 0  9992
2 47540  97.5028 156.6973 0011054   3.7904 356.3408 15.12727947  9883
1 47540U 21006EA  21094.65661596  .00001708  00000-0  10110-3 0  9991
2 47540  97.5027 157.2178 0011009   2.0308 358.0965 15.12729858  9965
1 47540U 21006EA  21095.71497382  .00001855  00000-0  10943-3 0  9996
2 47540  97.5026 158.2587 0010907 358.2807   1.8384 15.12733987 10121
1 47540U 21006EA  21095.91341543  .00001960  00000-0  11545-3 0  9991
2 47540  97.5024 158.4538 0010876 357.6556   2.4622 15.12735186 10154
1 47540U 21006EA  21096.11185738  .00002249  00000-0  13190-3 0  9995
2 47540  97.5023 158.6492 0010801 356.7447   3.3712 15.12736861 10185
1 47540U 21006EA  21096.77332804  .00002097  00000-0  12325-3 0  9995
2 47540  97.5023 159.2997 0010742 354.5061   5.6050 15.12739691 10289
1 47540U 21006EA  21096.97176906  .00002022  00000-0  11898-3 0  9998
2 47540  97.5023 159.4949 0010720 353.7876   6.3220 15.12740364 10319
1 47540U 21006EA  21097.69938627  .00001712  00000-0  10128-3 0  9994
2 47540  97.5022 160.2103 0010701 351.0170   9.0868 15.12741117 10424
1 47540U 21006EA  21098.09626741  .00001837  00000-0  10843-3 0  9992
2 47540  97.5021 160.6006 0010667 349.5444  10.5564 15.12743432 10484
1 47540U 21006EA  21098.22856067  .00002019  00000-0  11875-3 0  9992
2 47540  97.5020 160.7307 0010653 349.0844  11.0154 15.12745075 10501
1 47540U 21006EA  21098.75773528  .00001817  00000-0  10725-3 0  9998
2 47540  97.5019 161.2511 0010591 347.2187  12.8774 15.12746066 10589
1 47540U 21006EA  21099.15461577  .00001737  00000-0  10270-3 0  9997
2 47540  97.5018 161.6413 0010556 345.7713  14.3219 15.12747166 10642
1 47540U 21006EA  21099.22076263  .00001705  00000-0  10088-3 0  9991
2 47540  97.5018 161.7064 0010544 345.5508  14.5420 15.12747205 10653
1 47540U 21006EA  21099.88222997  .00001524  00000-0  90564-4 0  9997
2 47540  97.5017 162.3569 0010484 343.0526  17.0353 15.12748467 10750
1 47540U 21006EA  21100.41140346  .00001365  00000-0  81507-4 0  9996
2 47540  97.5017 162.8773 0010419 341.1423  18.9421 15.12749270 10833
1 47540U 21006EA  21100.74213642  .00001405  00000-0  83800-4 0  9995
2 47540  97.5016 163.2025 0010389 340.0175  20.0647 15.12750546 10882
1 47540U 21006EA  21101.60204024  .00001608  00000-0  95335-4 0  9996
2 47540  97.5015 164.0481 0010312 336.8128  23.2637 15.12754503 11010
1 47540U 21006EA  21101.73433304  .00001631  00000-0  96636-4 0  9996
2 47540  97.5014 164.1782 0010298 336.3469  23.7287 15.12755020 11033
1 47540U 21006EA  21101.93277255  .00001468  00000-0  87350-4 0  9990
2 47540  97.5014 164.3733 0010272 335.6679  24.4065 15.12754632 11061
1 47540U 21006EA  21102.06506520  .00001500  00000-0  89182-4 0  9997
2 47540  97.5013 164.5034 0010262 335.1261  24.9474 15.12755225 11087
1 47540U 21006EA  21103.12340449  .00001847  00000-0  10892-3 0  9996
2 47540  97.5012 165.5441 0010173 331.1754  28.8913 15.12760677 11249
1 47540U 21006EA  21104.24788928  .00001640  00000-0  97140-4 0  9991
2 47540  97.5009 166.6499 0010078 326.9203  33.1396 15.12762947 11410
1 47540U 21006EA  21105.43851431  .00002083  00000-0  12235-3 0  9996
2 47540  97.5008 167.8207 0009996 322.3248  37.7282 15.12769881 11592
1 47540U 21006EA  21105.76924433  .00001692  00000-0  10011-3 0  9990
2 47540  97.5007 168.1459 0009965 321.0190  39.0322 15.12768702 11649
1 47540U 21006EA  21106.43070056  .00001773  00000-0  10468-3 0  9994
2 47540  97.5006 168.7963 0009932 318.3736  41.6738 15.12771896 11742
1 47540U 21006EA  21106.69528261  .00001788  00000-0  10555-3 0  9991
2 47540  97.5005 169.0564 0009902 317.3860  42.6602 15.12773193 11783
1 47540U 21006EA  21107.42288082  .00002002  00000-0  11772-3 0  9999
2 47540  97.5000 169.7720 0009810 314.4391  45.6036 15.12779071 11891
1 47540U 21006EA  21107.75360574  .00002509  00000-0  14656-3 0  9998
2 47540  97.4999 170.0971 0009801 313.2573  46.7839 15.12783136 11945
1 47540U 21006EA  21107.88589527  .00002833  00000-0  16499-3 0  9990
2 47540  97.4999 170.2272 0009797 312.7572  47.2833 15.12785258 11967
1 47540U 21006EA  21108.48120114  .00002656  00000-0  15493-3 0  9996
2 47540  97.4998 170.8127 0009761 310.3819  49.6559 15.12787885 12050
1 47540U 21006EA  21108.74578098  .00002434  00000-0  14229-3 0  9993
2 47540  97.4998 171.0729 0009773 309.2386  50.7977 15.12788682 12097
1 47540U 21006EA  21109.14265065  .00002287  00000-0  13389-3 0  9997
2 47540  97.4998 171.4631 0009733 307.7214  52.3135 15.12790215 12158
1 47540U 21006EA  21109.40722976  .00002360  00000-0  13808-3 0  9993
2 47540  97.4998 171.7233 0009739 306.5764  53.4570 15.12791903 12196
1 47540U 21006EA  21109.87024238  .00002605  00000-0  15197-3 0  9995
2 47540  97.4998 172.1785 0009688 304.9393  55.0927 15.12795409 12263
1 47540U 21006EA  21110.20096568  .00002355  00000-0  13777-3 0  9993
2 47540  97.4998 172.5037 0009663 303.5383  56.4925 15.12796384 12316
1 47540U 21006EA  21110.79626713  .00002138  00000-0  12539-3 0  9992
2 47540  97.4997 173.0890 0009648 301.0784  58.9499 15.12798263 12400
1 47540U 21006EA  21111.32542257  .00002363  00000-0  13822-3 0  9998
2 47540  97.4997 173.6092 0009633 298.8098  61.2165 15.12801310 12488
1 47540U 21006EA  21111.85457663  .00002472  00000-0  14441-3 0  9991
2 47540  97.4997 174.1296 0009619 296.6453  63.3792 15.12804653 12566
1 47540U 21006EA  21112.25144209  .00002233  00000-0  13081-3 0  9999
2 47540  97.4997 174.5199 0009584 295.1598  64.8639 15.12805896 12620
1 47540U 21006EA  21112.71445125  .00002059  00000-0  12089-3 0  9994
2 47540  97.4998 174.9751 0009587 293.1003  66.9217 15.12807421 12699
1 47540U 21006EA  21112.84673955  .00002046  00000-0  12012-3 0  9994
2 47540  97.4997 175.1052 0009569 292.6273  67.3945 15.12807926 12714
1 47540U 21006EA  21113.17746020  .00001671  00000-0  98814-4 0  9993
2 47540  97.4996 175.4302 0009560 291.6987  68.3225 15.12807222 12762
1 47540U 21006EA  21113.70661291  .00001508  00000-0  89541-4 0  9994
2 47540  97.4995 175.9505 0009572 289.4403  70.5793 15.12808463 12844
1 47540U 21006EA  21114.10347699  .00001443  00000-0  85820-4 0  9996
2 47540  97.4995 176.3407 0009573 287.8422  72.1765 15.12809602 12904
1 47540U 21006EA  21114.43419650  .00001489  00000-0  88434-4 0  9993
2 47540  97.4994 176.6659 0009576 286.4611  73.5568 15.12811133 12956
1 47540U 21006EA  21114.89720236  .00001783  00000-0  10515-3 0  9999
2 47540  97.4993 177.1211 0009538 284.7322  75.2851 15.12814825 13027
1 47540U 21006EA  21115.16177725  .00001789  00000-0  10549-3 0  9992
2 47540  97.4993 177.3813 0009548 283.6735  76.3433 15.12815996 13066
1 47540U 21006EA  21115.42635237  .00001662  00000-0  98282-4 0  9999
2 47540  97.4993 177.6414 0009539 282.5850  77.4314 15.12816457 13100
1 47540U 21006EA  21115.75707076  .00001691  00000-0  99935-4 0  9994
2 47540  97.4993 177.9666 0009545 281.2108  78.8050 15.12817955 13152
1 47540U 21006EA  21116.22007549  .00001770  00000-0  10438-3 0  9993
2 47540  97.4992 178.4219 0009548 279.3464  80.6688 15.12820441 13227
1 47540U 21006EA  21117.21222512  .00002216  00000-0  12975-3 0  9996
2 47540  97.4991 179.3973 0009536 275.3342  84.6801 15.12827269 13373
1 47540U 21006EA  21117.74137030  .00002534  00000-0  14780-3 0  9993
2 47540  97.4986 179.9177 0009477 272.9685  87.0461 15.12831214 13459
1 47540U 21006EA  21118.13822847  .00002658  00000-0  15483-3 0  9992
2 47540  97.4985 180.3079 0009527 271.3145  88.6995 15.12833756 13514
1 47540U 21006EA  21119.13037208  .00002707  00000-0  15759-3 0  9993
2 47540  97.4984 181.2835 0009511 267.3836  92.6306 15.12839276 13668
1 47540U 21006EA  21119.26265781  .00002591  00000-0  15099-3 0  9994
2 47540  97.4984 181.4135 0009513 266.8010  93.2132 15.12839538 13680
1 47540U 21006EA  21119.85794296  .00002369  00000-0  13836-3 0  9997
2 47540  97.4982 181.9987 0009547 264.2908  95.7234 15.12841468 13778
1 47540U 21006EA  21120.38708539  .00001965  00000-0  11541-3 0  9994
2 47540  97.4981 182.5190 0009517 262.2174  97.7976 15.12842031 13851
1 47540U 21006EA  21120.85008418  .00001842  00000-0  10842-3 0  9992
2 47540  97.4981 182.9743 0009555 260.2855  99.7296 15.12843188 13924
1 47540U 21006EA  21121.24693976  .00001845  00000-0  10860-3 0  9998
2 47540  97.4980 183.3644 0009566 258.6395 101.3761 15.12844635 13981
1 47540U 21006EA  21121.70993757  .00001800  00000-0  10602-3 0  9994
2 47540  97.4980 183.8197 0009565 256.7844 103.2320 15.12846102 14058
1 47540U 21006EA  21122.43750436  .00001744  00000-0  10282-3 0  9991
2 47540  97.4985 184.5349 0009595 254.2385 105.7788 15.12848558 14160
1 47540U 21006EA  21122.76821647  .00001509  00000-0  89484-4 0  9990
2 47540  97.4984 184.8601 0009631 252.8718 107.1459 15.12848603 14216
1 47540U 21006EA  21123.42964053  .00001442  00000-0  85649-4 0  9998
2 47540  97.4983 185.5102 0009649 250.2110 109.8080 15.12850113 14315
1 47540U 21006EA  21124.15720673  .00001220  00000-0  73016-4 0  9996
2 47540  97.4982 186.2255 0009702 247.2737 112.7469 15.12850842 14427
1 47540U 21006EA  21124.22334952  .00000953  00000-0  57864-4 0  9990
2 47540  97.4982 186.2906 0009722 246.9779 113.0427 15.12849484 14433
1 47540U 21006EA  21124.75248826  .00000921  00000-0  56057-4 0  9990
2 47540  97.4982 186.8109 0009740 244.8943 115.1278 15.12850496 14515
1 47540U 21006EA  21125.41391167  .00000781  00000-0  48101-4 0  9996
2 47540  97.4981 187.4610 0009781 242.2277 117.7963 15.12851032 14612
1 47540U 21006EA  21125.74462323  .00000724  00000-0  44858-4 0  9997
2 47540  97.4981 187.7862 0009807 240.9127 119.1122 15.12851343 14665
1 47540U 21006EA  21126.40604631  .00000644  00000-0  40291-4 0  9999
2 47540  97.4980 188.4364 0009821 238.1795 121.8480 15.12851954 14761
1 47540U 21006EA  21126.73675761  .00000628  00000-0  39375-4 0  9990
2 47540  97.4980 188.7616 0009842 236.9055 123.1231 15.12852381 14812
1 47540U 21006EA  21127.19975342  .00000632  00000-0  39605-4 0  9990
2 47540  97.4979 189.2167 0009864 235.0753 124.9552 15.12853016 14884
1 47540U 21006EA  21127.72889138  .00000604  00000-0  37997-4 0  9997
2 47540  97.4978 189.7370 0009886 232.9892 127.0435 15.12853476 14961
1 47540U 21006EA  21128.12574470  .00000586  00000-0  36993-4 0  9996
2 47540  97.4978 190.1271 0009903 231.4466 128.5878 15.12853815 15020
1 47540U 21006EA  21128.91945110  .00000518  00000-0  33141-4 0  9993
2 47540  97.4976 190.9073 0009965 228.3564 131.6815 15.12854234 15143
1 47540U 21006EA  21129.11787762  .00000516  00000-0  33037-4 0  9995
2 47540  97.4976 191.1024 0009980 227.6110 132.4277 15.12854443 15174
1 47540U 21006EA  21129.71315701  .00000498  00000-0  31985-4 0  9990
2 47540  97.4975 191.6875 0010031 225.3331 134.7083 15.12854967 15262
1 47540U 21006EA  21130.44072023  .00000512  00000-0  32777-4 0  9996
2 47540  97.4974 192.4027 0010099 222.5884 137.4564 15.12855852 15375
1 47540U 21006EA  21130.90371476  .00000525  00000-0  33537-4 0  9990
2 47540  97.4973 192.8579 0010143 220.8512 139.1960 15.12856490 15445
1 47540U 21006EA  21131.10214098  .00000523  00000-0  33433-4 0  9992
2 47540  97.4973 193.0529 0010161 220.1287 139.9194 15.12856728 15479
1 47540U 21006EA  21131.16828295  .00000584  00000-0  36875-4 0  9998
2 47540  97.4973 193.1179 0010166 219.8976 140.1509 15.12857162 15484
1 47540U 21006EA  21131.76356141  .00000529  00000-0  33770-4 0  9990
2 47540  97.4972 193.7031 0010223 217.6643 142.3873 15.12857617 15570
1 47540U 21006EA  21132.16041351  .00000492  00000-0  31632-4 0  9993
2 47540  97.4972 194.0932 0010262 216.1910 143.8627 15.12857954 15632
1 47540U 21006EA  21132.42498156  .00000497  00000-0  31933-4 0  9990
2 47540  97.4972 194.3533 0010283 215.1887 144.8666 15.12858315 15677
1 47540U 21006EA  21132.68954918  .00000704  00000-0  43667-4 0  9999
2 47540  97.4972 194.6133 0010304 214.2215 145.8353 15.12859904 15719
1 47540U 21006EA  21133.61553582  .00000685  00000-0  42623-4 0  9994
2 47540  97.4971 195.5236 0010388 210.7124 149.3501 15.12861348 15858
1 47540U 21006EA  21134.27695438  .00000665  00000-0  41465-4 0  9995
2 47540  97.4970 196.1737 0010451 208.2586 151.8079 15.12862304 15957
1 47540U 21006EA  21134.93837268  .00000646  00000-0  40400-4 0  9994
2 47540  97.4970 196.8239 0010508 205.7426 154.3283 15.12863183 16052
1 47540U 21006EA  21135.13679805  .00000649  00000-0  40544-4 0  9990
2 47540  97.4970 197.0190 0010528 205.0252 155.0470 15.12863516 16082
1 47540U 21006EA  21135.40136520  .00001696  00000-0  10000-3 0  9998
2 47540  97.4967 197.2739 0010805 203.7773 156.3047 15.12866616 16123
1 47540U 21006EA  21135.93049905  .00000672  00000-0  41870-4 0  9999
2 47540  97.4969 197.7991 0010601 202.0667 158.0109 15.12864839 16200
1 47540U 21006EA  21136.12892420  .00000676  00000-0  42070-4 0  9996
2 47540  97.4969 197.9942 0010622 201.3558 158.7231 15.12865175 16232
1 47540U 21006EA  21136.72419941  .00000698  00000-0  43324-4 0  9992
2 47540  97.4968 198.5793 0010678 199.1890 160.8940 15.12866205 16322
1 47540U 21006EA  21137.91474855  .00000674  00000-0  41986-4 0  9995
2 47540  97.4967 199.7496 0010806 195.0191 165.0721 15.12867970 16500
1 47540U 21006EA  21138.11317325  .00000666  00000-0  41510-4 0  9990
2 47540  97.4966 199.9446 0010829 194.3344 165.7582 15.12868273 16535
1 47540U 21006EA  21138.51002214  .00000763  00000-0  47030-4 0  9993
2 47540  97.4967 200.3347 0010864 192.9277 167.1678 15.12869591 16593
1 47540U 21006EA  21138.90687107  .00000782  00000-0  48099-4 0  9993
2 47540  97.4966 200.7248 0010901 191.5812 168.5170 15.12870409 16657
1 47540U 21006EA  21139.43600280  .00000775  00000-0  47672-4 0  9997
2 47540  97.4966 201.2449 0010937 189.7334 170.3687 15.12871350 16732
1 47540U 21006EA  21139.76670989  .00000797  00000-0  48953-4 0  9993
2 47540  97.4965 201.5700 0010972 188.6368 171.4676 15.12872113 16781
1 47540U 21006EA  21140.42812401  .00000736  00000-0  45484-4 0  9994
2 47540  97.4965 202.2201 0011039 186.3704 173.7388 15.12872963 16888
1 47540U 21006EA  21140.75883067  .00000766  00000-0  47156-4 0  9997
2 47540  97.4965 202.5452 0011072 185.2486 174.8631 15.12873804 16935
1 47540U 21006EA  21141.42024335  .00000892  00000-0  54337-4 0  9996
2 47540  97.4965 203.1953 0011139 182.9833 177.1334 15.12875907 17036
1 47540U 21006EA  21141.68480856  .00000697  00000-0  43281-4 0  9997
2 47540  97.4964 203.4554 0011173 182.0523 178.0664 15.12875387 17072
1 47540U 21006EA  21142.21393801  .00000750  00000-0  46241-4 0  9999
2 47540  97.4964 203.9755 0011223 180.3228 179.7998 15.12876833 17153
1 47540U 21006EA  21142.74306679  .00000866  00000-0  52831-4 0  9994
2 47540  97.4964 204.4956 0011266 178.1818 181.9456 15.12878753 17235
1 47540U 21006EA  21143.20605384  .00000889  00000-0  54168-4 0  9991
2 47540  97.4965 204.9507 0011331 177.0723 183.0576 15.12880012 17304
1 47540U 21006EA  21143.66904086  .00000953  00000-0  57789-4 0  9996
2 47540  97.4965 205.4058 0011375 175.5738 184.5596 15.12881431 17379
1 47540U 21006EA  21143.93360456  .00001148  00000-0  68832-4 0  9991
2 47540  97.4963 205.6659 0011369 174.1876 185.9489 15.12883165 17414
1 47540U 21006EA  21144.13202733  .00001155  00000-0  69253-4 0  9993
2 47540  97.4963 205.8609 0011397 173.6305 186.5073 15.12883682 17446
1 47540U 21006EA  21145.12414112  .00001104  00000-0  66356-4 0  9994
2 47540  97.4962 206.8361 0011482 170.0965 190.0494 15.12885560 17599
1 47540U 21006EA  21145.58712736  .00000947  00000-0  57437-4 0  9991
2 47540  97.4962 207.2912 0011538 168.6385 191.5109 15.12885616 17666
1 47540U 21006EA  21146.44695737  .00000960  00000-0  58149-4 0  9994
2 47540  97.4961 208.1364 0011619 165.8410 194.3149 15.12887586 17791
1 47540U 21006EA  21147.10836550  .00000800  00000-0  49072-4 0  9996
2 47540  97.4960 208.7865 0011691 163.8071 196.3536 15.12887852 17892
1 47540U 21006EA  21147.43906926  .00000833  00000-0  50965-4 0  9996
2 47540  97.4961 209.1116 0011712 162.7201 197.4431 15.12888602 17940
1 47540U 21006EA  21147.63749092  .00000828  00000-0  50677-4 0  9991
2 47540  97.4960 209.3066 0011739 162.0101 198.1548 15.12889143 17977
1 47540U 21006EA  21148.43117850  .00001112  00000-0  66764-4 0  9992
2 47540  97.4960 210.0866 0011800 159.4723 200.6984 15.12892209 18097
1 47540U 21006EA  21148.76188118  .00000842  00000-0  51448-4 0  9995
2 47540  97.4960 210.4118 0011831 158.4933 201.6797 15.12891538 18140
1 47540U 21006EA  21149.42328730  .00000650  00000-0  40569-4 0  9994
2 47540  97.4959 211.0618 0011909 156.3257 203.8524 15.12891613 18249
1 47540U 21006EA  21149.75398993  .00000664  00000-0  41355-4 0  9997
2 47540  97.4959 211.3868 0011941 155.2429 204.9377 15.12892330 18294
1 47540U 21006EA  21149.88627088  .00000702  00000-0  43536-4 0  9997
2 47540  97.4959 211.5168 0011952 154.8203 205.3613 15.12892793 18310
1 47540U 21006EA  21150.15083308  .00000638  00000-0  39885-4 0  9990
2 47540  97.4958 211.7769 0011975 153.9581 206.2254 15.12892887 18351
1 47540U 21006EA  21150.74609735  .00000634  00000-0  39631-4 0  9998
2 47540  97.4959 212.3619 0012029 152.0617 208.1262 15.12893932 18446
1 47540U 21006EA  21151.14294019  .00000589  00000-0  37109-4 0  9995
2 47540  97.4958 212.7520 0012065 150.7912 209.3996 15.12894319 18507
1 47540U 21006EA  21151.73820405  .00000598  00000-0  37598-4 0  9996
2 47540  97.4958 213.3371 0012119 148.8725 211.3226 15.12895286 18590
1 47540U 21006EA  21152.13504641  .00000597  00000-0  37561-4 0  9991
2 47540  97.4958 213.7271 0012150 147.6359 212.5619 15.12895864 18656
1 47540U 21006EA  21153.12715188  .00000712  00000-0  44042-4 0  9992
2 47540  97.4956 214.7023 0012228 144.4315 215.7733 15.12897772 18802
1 47540U 21006EA  21153.39171314  .00000692  00000-0  42919-4 0  9996
2 47540  97.4956 214.9623 0012253 143.5945 216.6122 15.12898008 18846
1 47540U 21006EA  21154.44995778  .00000656  00000-0  40875-4 0  9990
2 47540  97.4955 216.0024 0012330 140.3031 219.9105 15.12899088 19005
1 47540U 21006EA  21155.11135997  .00000654  00000-0  40747-4 0  9990
2 47540  97.4954 216.6525 0012369 138.2775 221.9401 15.12899935 19103
1 47540U 21006EA  21155.90504198  .00000660  00000-0  41122-4 0  9995
2 47540  97.4953 217.4325 0012418 135.8334 224.3891 15.12901051 19224
1 47540U 21006EA  21156.10346244  .00000658  00000-0  40975-4 0  9996
2 47540  97.4953 217.6275 0012429 135.2138 225.0099 15.12901316 19253
1 47540U 21006EA  21156.43416320  .00000633  00000-0  39566-4 0  9992
2 47540  97.4953 217.9525 0012451 134.1776 226.0480 15.12901604 19306
1 47540U 21006EA  21156.76486374  .00000630  00000-0  39437-4 0  9998
2 47540  97.4953 218.2775 0012468 133.1728 227.0547 15.12902080 19350
1 47540U 21006EA  21157.42626470  .00000616  00000-0  38609-4 0  9999
2 47540  97.4953 218.9275 0012512 131.1281 229.1032 15.12902906 19454
1 47540U 21006EA  21157.88924512  .00000415  00000-0  27209-4 0  9998
2 47540  97.4952 219.3825 0012546 129.7074 230.5265 15.12902520 19523
1 47540U 21006EA  21158.41836522  .00000463  00000-0  29952-4 0  9991
2 47540  97.4952 219.9026 0012589 128.0678 232.1691 15.12903572 19609
1 47540U 21006EA  21158.74906500  .00000484  00000-0  31122-4 0  9996
2 47540  97.4952 220.2276 0012612 127.0312 233.2075 15.12904247 19655
1 47540U 21006EA  21158.88134494  .00000492  00000-0  31587-4 0  9990
2 47540  97.4952 220.3576 0012622 126.6199 233.6194 15.12904478 19672
1 47540U 21006EA  21159.14590384  .00000671  00000-0  41738-4 0  9992
2 47540  97.4952 220.6176 0012611 125.8446 234.3958 15.12906124 19716
1 47540U 21006EA  21159.80730311  .00000631  00000-0  39448-4 0  9992
2 47540  97.4953 221.2676 0012654 123.7988 236.4450 15.12906835 19814
1 47540U 21006EA  21160.13799935  .00001509  00000-0  89232-4 0  9998
2 47540  97.4951 221.5926 0012646 122.9631 237.2818 15.12911522 19861
1 47540U 21006EA  21160.66711661  .00001210  00000-0  72260-4 0  9998
2 47540  97.4951 222.1127 0012694 121.2094 239.0383 15.12912383 19941
1 47540U 21006EA  21161.13009395  .00001325  00000-0  78784-4 0  9999
2 47540  97.4951 222.5676 0012703 119.8526 240.3969 15.12914082 20011
1 47540U 21006EA  21161.72534946  .00001260  00000-0  75106-4 0  9992
2 47540  97.4951 223.1526 0012747 118.0057 242.2465 15.12915372 20105
1 47540U 21006EA  21162.45288243  .00001366  00000-0  81093-4 0  9998
2 47540  97.4951 223.8677 0012760 115.8441 244.4108 15.12918140 20212
1 47540U 21006EA  21162.71743946  .00001429  00000-0  84666-4 0  9992
2 47540  97.4950 224.1277 0012779 114.9674 245.2886 15.12919375 20256
1 47540U 21006EA  21163.11427416  .00001628  00000-0  95960-4 0  9998
2 47540  97.4950 224.5177 0012789 113.7009 246.5565 15.12921920 20313
1 47540U 21006EA  21163.44497004  .00001609  00000-0  94886-4 0  9999
2 47540  97.4950 224.8428 0012801 112.7070 247.5515 15.12922915 20363
1 47540U 21006EA  21163.70952679  .00001560  00000-0  92070-4 0  9991
2 47540  97.4950 225.1028 0012806 111.9943 248.2650 15.12923458 20404
1 47540U 21006EA  21164.43705741  .00001356  00000-0  80509-4 0  9995
2 47540  97.4949 225.8177 0012835 109.7588 250.5029 15.12924633 20510
1 47540U 21006EA  21164.63547439  .00001356  00000-0  80520-4 0  9998
2 47540  97.4948 226.0127 0012841 109.2200 251.0422 15.12925374 20549
1 47540U 21006EA  21165.42914274  .00001142  00000-0  68388-4 0  9992
2 47540  97.4948 226.7927 0012863 106.7933 253.4710 15.12926570 20661
1 47540U 21006EA  21165.75983752  .00001080  00000-0  64902-4 0  9994
2 47540  97.4948 227.1177 0012856 105.8529 254.4120 15.12927217 20717
1 47540U 21006EA  21165.89211543  .00001057  00000-0  63558-4 0  9991
2 47540  97.4947 227.2477 0012854 105.4803 254.7848 15.12927440 20739
1 47540U 21006EA  21166.42122698  .00000954  00000-0  57747-4 0  9991
2 47540  97.4948 227.7677 0012877 103.8538 256.4127 15.12928256 20813
1 47540U 21006EA  21166.88419891  .00000941  00000-0  56978-4 0  9996
2 47540  97.4947 228.2228 0012863 102.5044 257.7627 15.12929437 20881
1 47540U 21006EA  21167.14875442  .00000887  00000-0  53953-4 0  9993
2 47540  97.4946 228.4827 0012877 101.6865 258.5812 15.12929770 20923
1 47540U 21006EA  21167.47944816  .00000955  00000-0  57799-4 0  9999
2 47540  97.4947 228.8077 0012889 100.7083 259.5600 15.12931017 20978
1 47540U 21006EA  21167.61172595  .00000861  00000-0  52489-4 0  9999
2 47540  97.4947 228.9377 0012881 100.3349 259.9335 15.12930805 20990
1 47540U 21006EA  21168.14083615  .00000883  00000-0  53705-4 0  9998
2 47540  97.4947 229.4576 0012901  98.6535 261.6158 15.12931983 21077
1 47540U 21006EA  21168.60380743  .00000856  00000-0  52186-4 0  9993
2 47540  97.4947 229.9127 0012904  97.3041 262.9657 15.12932728 21149
1 47540U 21006EA  21169.39747166  .00000788  00000-0  48350-4 0  9998
2 47540  97.4947 230.6926 0012873  95.1814 265.0886 15.12933748 21268
1 47540U 21006EA  21169.59588754  .00000804  00000-0  49232-4 0  9995
2 47540  97.4947 230.8876 0012906  94.4452 265.8254 15.12934221 21298
1 47540U 21006EA  21170.12499642  .00000817  00000-0  49943-4 0  9996
2 47540  97.4947 231.4077 0012926  92.7239 267.5472 15.12935187 21376
1 47540U 21006EA  21170.65410520  .00000820  00000-0  50122-4 0  9997
2 47540  97.4947 231.9277 0012937  91.1272 269.1441 15.12936026 21451
1 47540U 21006EA  21171.05093626  .00000794  00000-0  48652-4 0  9991
2 47540  97.4946 232.3177 0012946  89.8904 270.3810 15.12936592 21519
1 47540U 21006EA  21171.44776285  .00001010  00000-0  60923-4 0  9990
2 47540  97.4947 232.7077 0012791  89.1955 271.0742 15.12939662 21579
1 47540U 21006EA  21172.43983627  .00001218  00000-0  72650-4 0  9990
2 47540  97.4945 233.6827 0012876  85.7759 274.4944 15.12943582 21722
1 47540U 21006EA  21173.43190932  .00001117  00000-0  66938-4 0  9990
2 47540  97.4945 234.6576 0012847  82.7960 277.4731 15.12945434 21874
1 47540U 21006EA  21174.42397978  .00001138  00000-0  68118-4 0  9994
2 47540  97.4945 235.6326 0012827  79.8771 280.3907 15.12948311 22026
1 47540U 21006EA  21174.62239347  .00001164  00000-0  69617-4 0  9995
2 47540  97.4944 235.8276 0012826  79.2885 280.9789 15.12949087 22058
1 47540U 21006EA  21175.41604755  .00001287  00000-0  76545-4 0  9996
2 47540  97.4945 236.6076 0012785  76.8387 283.4270 15.12952094 22178
1 47540U 21006EA  21175.74673624  .00001303  00000-0  77487-4 0  9998
2 47540  97.4945 236.9326 0012781  75.8463 284.4187 15.12953238 22224
1 47540U 21006EA  21176.14356178  .00001492  00000-0  88153-4 0  9996
2 47540  97.4945 237.3226 0012777  74.6110 285.6531 15.12955662 22284
1 47540U 21006EA  21176.73880111  .00001403  00000-0  83130-4 0  9992
2 47540  97.4946 237.9075 0012740  72.8453 287.4172 15.12956738 22379
1 47540U 21006EA  21177.06948927  .00001399  00000-0  82913-4 0  9991
2 47540  97.4945 238.2325 0012739  71.8453 288.4164 15.12957590 22422
1 47540U 21006EA  21177.13562751  .00001357  00000-0  80499-4 0  9997
2 47540  97.4945 238.2975 0012778  71.6543 288.6077 15.12957356 22430
1 47540U 21006EA  21177.73086599  .00001308  00000-0  77729-4 0  9992
2 47540  97.4945 238.8825 0012723  69.8459 290.4139 15.12958517 22525
1 47540U 21006EA  21178.12769120  .00001320  00000-0  78441-4 0  9990
2 47540  97.4945 239.2724 0012706  68.6854 291.5732 15.12959571 22583
1 47540U 21006EA  21178.19382915  .00001294  00000-0  76957-4 0  9990
2 47540  97.4945 239.3374 0012706  68.4882 291.7702 15.12959453 22593
1 47540U 21006EA  21178.78906660  .00001260  00000-0  75026-4 0  9993
2 47540  97.4944 239.9224 0012668  66.6720 293.5843 15.12960696 22687
1 47540U 21006EA  21179.18589165  .00001234  00000-0  73540-4 0  9995
2 47540  97.4943 240.3123 0012664  65.4599 294.7951 15.12961391 22740
1 47540U 21006EA  21179.71499101  .00001203  00000-0  71778-4 0  9991
2 47540  97.4942 240.8324 0012633  63.8295 296.4233 15.12962429 22822
1 47540U 21006EA  21180.04567767  .00001181  00000-0  70550-4 0  9995
2 47540  97.4942 241.1573 0012593  62.8310 297.4203 15.12963101 22875
1 47540U 21006EA  21180.44250229  .00001240  00000-0  73908-4 0  9997
2 47540  97.4941 241.5472 0012613  61.5015 298.7484 15.12964125 22936
1 47540U 21006EA  21180.83932609  .00001160  00000-0  69364-4 0  9991
2 47540  97.4944 241.9372 0012558  60.2635 299.9843 15.12964480 22996
1 47540U 21006EA  21181.43456225  .00000882  00000-0  53621-4 0  9992
2 47540  97.4941 242.5221 0012528  58.4791 301.7662 15.12964043 23089
1 47540U 21006EA  21181.69911103  .00000987  00000-0  59546-4 0  9999
2 47540  97.4941 242.7821 0012505  57.6393 302.6047 15.12965208 23127
1 47540U 21006EA  21182.42662009  .00000960  00000-0  58030-4 0  9997
2 47540  97.4940 243.4971 0012440  55.4764 304.7640 15.12966554 23235
1 47540U 21006EA  21182.69116916  .00000871  00000-0  52962-4 0  9996
2 47540  97.4940 243.7571 0012431  54.6960 305.5432 15.12966496 23270
1 47540U 21006EA  21182.95571783  .00000847  00000-0  51632-4 0  9998
2 47540  97.4940 244.0171 0012415  53.8870 306.3508 15.12966847 23311
1 47540U 21006EA  21183.41867780  .00000842  00000-0  51321-4 0  9995
2 47540  97.4940 244.4721 0012387  52.4692 307.7663 15.12967685 23386
1 47540U 21006EA  21183.74936321  .00000831  00000-0  50711-4 0  9999
2 47540  97.4939 244.7971 0012368  51.4633 308.7704 15.12968303 23438
1 47540U 21006EA  21184.08004821  .00000878  00000-0  53382-4 0  9996
2 47540  97.4939 245.1221 0012340  50.4198 309.8121 15.12969284 23485
1 47540U 21006EA  21184.41073342  .00000866  00000-0  52723-4 0  9992
2 47540  97.4940 245.4471 0012303  49.3798 310.8501 15.12969819 23533
1 47540U 21006EA  21184.74141789  .00000907  00000-0  55014-4 0  9991
2 47540  97.4939 245.7720 0012302  48.4398 311.7886 15.12970858 23582
1 47540U 21006EA  21185.13823948  .00000935  00000-0  56619-4 0  9992
2 47540  97.4939 246.1619 0012287  47.2378 312.9885 15.12971821 23641
1 47540U 21006EA  21185.73346992  .00001136  00000-0  68011-4 0  9990
2 47540  97.4940 246.7469 0012245  45.3129 314.9097 15.12974568 23737
1 47540U 21006EA  21186.13029072  .00001178  00000-0  70337-4 0  9992
2 47540  97.4939 247.1369 0012215  44.0806 316.1397 15.12975636 23794
1 47540U 21006EA  21186.72552149  .00001168  00000-0  69773-4 0  9994
2 47540  97.4939 247.7218 0012171  42.2149 318.0017 15.12976869 23883
1 47540U 21006EA  21187.45302490  .00001098  00000-0  65810-4 0  9997
2 47540  97.4938 248.4368 0012126  39.9443 320.2678 15.12978129 23997
1 47540U 21006EA  21187.91598123  .00001092  00000-0  65484-4 0  9999
2 47540  97.4939 248.8917 0012062  38.4318 321.7769 15.12979108 24060
1 47540U 21006EA  21188.11439119  .00000995  00000-0  59988-4 0  9994
2 47540  97.4938 249.0867 0012039  37.7878 322.4196 15.12978986 24091
1 47540U 21006EA  21188.70962015  .00000964  00000-0  58227-4 0  9996
2 47540  97.4938 249.6716 0011983  35.8742 324.3292 15.12980168 24189
1 47540U 21006EA  21189.10643919  .00000965  00000-0  58320-4 0  9995
2 47540  97.4938 250.0615 0011940  34.5588 325.6417 15.12981038 24247
1 47540U 21006EA  21189.43712164  .00000949  00000-0  57367-4 0  9992
2 47540  97.4938 250.3865 0011922  33.5180 326.6803 15.12981658 24297
1 47540U 21006EA  21189.70166754  .00000903  00000-0  54789-4 0  9995
2 47540  97.4938 250.6464 0011886  32.6464 327.5500 15.12981977 24332
1 47540U 21006EA  21190.42916855  .00000768  00000-0  47119-4 0  9999
2 47540  97.4937 251.3613 0011818  30.2968 329.8944 15.12982641 24441
1 47540U 21006EA  21190.69371419  .00000697  00000-0  43111-4 0  9998
2 47540  97.4937 251.6213 0011778  29.3775 330.8116 15.12982798 24480
1 47540U 21006EA  21190.75985064  .00000683  00000-0  42340-4 0  9990
2 47540  97.4937 251.6863 0011771  29.1589 331.0297 15.12982825 24490
1 47540U 21006EA  21191.42121448  .00000651  00000-0  40535-4 0  9992
2 47540  97.4937 252.3363 0011713  27.0653 333.1187 15.12983846 24594
1 47540U 21006EA  21191.75189623  .00000618  00000-0  38668-4 0  9994
2 47540  97.4936 252.6612 0011680  26.0131 334.1684 15.12984275 24642
1 47540U 21006EA  21191.88416892  .00000607  00000-0  38041-4 0  9992
2 47540  97.4936 252.7912 0011666  25.5697 334.6109 15.12984429 24661
1 47540U 21006EA  21192.47939568  .00000534  00000-0  33874-4 0  9996
2 47540  97.4937 253.3761 0011604  23.6030 336.5731 15.12985064 24751
1 47540U 21006EA  21192.74394090  .00000606  00000-0  37967-4 0  9998
2 47540  97.4937 253.6360 0011583  22.7602 337.4141 15.12985860 24793
1 47540U 21006EA  21193.14075841  .00000605  00000-0  37895-4 0  9992
2 47540  97.4936 254.0260 0011547  21.4788 338.6925 15.12986502 24851
1 47540U 21006EA  21193.60371243  .00000600  00000-0  37648-4 0  9999
2 47540  97.4936 254.4809 0011503  19.9922 340.1757 15.12987054 24920
1 47540U 21006EA  21194.39734714  .00000581  00000-0  36582-4 0  9996
2 47540  97.4936 255.2608 0011427  17.4079 342.7541 15.12987927 25049
1 47540U 21006EA  21194.72802825  .00000567  00000-0  35783-4 0  9998
2 47540  97.4935 255.5858 0011395  16.3221 343.8375 15.12988201 25097
1 47540U 21006EA  21195.19098158  .00000538  00000-0  34116-4 0  9993
2 47540  97.4935 256.0407 0011349  14.7771 345.3789 15.12988533 25166
1 47540U 21006EA  21195.72007040  .00000573  00000-0  36124-4 0  9992
2 47540  97.4933 256.5606 0011313  13.1223 347.0300 15.12989453 25245
1 47540U 21006EA  21196.11688651  .00000669  00000-0  41550-4 0  9994
2 47540  97.4933 256.9505 0011282  11.7496 348.3996 15.12990606 25302
1 47540U 21006EA  21197.10892616  .00000747  00000-0  45965-4 0  9993
2 47540  97.4932 257.9254 0011156   8.2174 351.9238 15.12992663 25457
1 47540U 21006EA  21198.16710116  .00000742  00000-0  45656-4 0  9996
2 47540  97.4931 258.9652 0011049   4.5531 355.5799 15.12994372 25615
1 47540U 21006EA  21198.69618804  .00000740  00000-0  45546-4 0  9991
2 47540  97.4931 259.4850 0010983   2.7039 357.4250 15.12995339 25695
1 47540U 21006EA  21199.15913852  .00000796  00000-0  48699-4 0  9997
2 47540  97.4931 259.9400 0010926   0.9174 359.2076 15.12996573 25763
1 47540U 21006EA  21199.68822460  .00000821  00000-0  50131-4 0  9992
2 47540  97.4931 260.4598 0010862 359.1061   1.0149 15.12997813 25841
1 47540U 21006EA  21200.74639546  .00000908  00000-0  55066-4 0  9991
2 47540  97.4930 261.4998 0010764 355.3800   4.7330 15.13000563 26004
1 47540U 21006EA  21201.54002265  .00001029  00000-0  61917-4 0  9999
2 47540  97.4930 262.2796 0010708 352.7756   7.3319 15.13002900 26124
1 47540U 21006EA  21201.73842896  .00001084  00000-0  65017-4 0  9998
2 47540  97.4930 262.4746 0010698 352.1732   7.9330 15.13003725 26155
1 47540U 21006EA  21202.13524166  .00001128  00000-0  67485-4 0  9990
2 47540  97.4930 262.8646 0010661 350.6538   9.4493 15.13004903 26218
1 47540U 21006EA  21202.73046010  .00001274  00000-0  75785-4 0  9997
2 47540  97.4930 263.4495 0010608 348.5153  11.5835 15.13007159 26307
1 47540U 21006EA  21203.12727227  .00001328  00000-0  78823-4 0  9993
2 47540  97.4929 263.8395 0010565 347.2058  12.8903 15.13008372 26364
1 47540U 21006EA  21203.72248998  .00001694  00000-0  99510-4 0  9994
2 47540  97.4929 264.4243 0010503 344.8950  15.1966 15.13011711 26455
1 47540U 21006EA  21204.11930174  .00001637  00000-0  96321-4 0  9996
2 47540  97.4928 264.8142 0010455 343.5196  16.5694 15.13012308 26513
1 47540U 21006EA  21204.71451950  .00001540  00000-0  90790-4 0  9999
2 47540  97.4929 265.3991 0010393 341.3230  18.7618 15.13012933 26602
1 47540U 21006EA  21205.11133030  .00001546  00000-0  91144-4 0  9990
2 47540  97.4927 265.7890 0010373 339.9959  20.0864 15.13014029 26664
1 47540U 21006EA  21205.44200657  .00001352  00000-0  80171-4 0  9999
2 47540  97.4928 266.1139 0010342 338.7637  21.3163 15.13013602 26710
1 47540U 21006EA  21206.16949257  .00001259  00000-0  74905-4 0  9999
2 47540  97.4927 266.8287 0010259 335.8352  24.2397 15.13014872 26822
1 47540U 21006EA  21206.43403332  .00001173  00000-0  70024-4 0  9991
2 47540  97.4927 267.0887 0010246 334.9234  25.1499 15.13014882 26864
1 47540U 21006EA  21206.56630335  .00001162  00000-0  69413-4 0  9998
2 47540  97.4927 267.2186 0010222 334.3531  25.7192 15.13015155 26888
1 47540U 21006EA  21207.42605865  .00001003  00000-0  60433-4 0  9991
2 47540  97.4927 268.0634 0010159 331.0578  29.0088 15.13016240 27012
1 47540U 21006EA  21208.41808317  .00000838  00000-0  51084-4 0  9995
2 47540  97.4926 269.0381 0010070 327.3736  32.6872 15.13017460 27169
1 47540U 21006EA  21208.74875778  .00000777  00000-0  47606-4 0  9993
2 47540  97.4926 269.3630 0010041 326.1333  33.9255 15.13017812 27213
1 47540U 21006EA  21209.14556703  .00000758  00000-0  46581-4 0  9992
2 47540  97.4925 269.7529 0010013 324.5369  35.5195 15.13018514 27270
1 47540U 21006EA  21209.74078052  .00000767  00000-0  47058-4 0  9994
2 47540  97.4925 270.3378 0009967 322.2481  37.8050 15.13019738 27360
1 47540U 21006EA  21210.07145468  .00000749  00000-0  46066-4 0  9996
2 47540  97.4925 270.6627 0009933 321.0382  39.0132 15.13020217 27415
1 47540U 21006EA  21210.13758958  .00000781  00000-0  47858-4 0  9993
2 47540  97.4925 270.7277 0009929 320.8018  39.2493 15.13020472 27421
1 47540U 21006EA  21210.60053306  .00000785  00000-0  48104-4 0  9999
2 47540  97.4925 271.1825 0009887 319.0380  41.0108 15.13021307 27499
1 47540U 21006EA  21211.12961098  .00000814  00000-0  49712-4 0  9992
2 47540  97.4924 271.7024 0009854 316.9929  43.0531 15.13022347 27570
1 47540U 21006EA  21211.92322759  .00000819  00000-0  50006-4 0  9998
2 47540  97.4923 272.4822 0009796 313.9009  46.1413 15.13023580 27690
1 47540U 21006EA  21212.05549693  .00000819  00000-0  49998-4 0  9999
2 47540  97.4923 272.6121 0009790 313.3946  46.6469 15.13023802 27718
1 47540U 21006EA  21212.58457414  .00000798  00000-0  48801-4 0  9994
2 47540  97.4922 273.1320 0009752 311.3179  48.7212 15.13024554 27790
1 47540U 21006EA  21213.44432432  .00000635  00000-0  39579-4 0  9995
2 47540  97.4922 273.9767 0009708 307.9681  52.0672 15.13024971 27929
1 47540U 21006EA  21213.64272810  .00000673  00000-0  41760-4 0  9996
2 47540  97.4922 274.1717 0009697 307.1034  52.9310 15.13025492 27958
1 47540U 21006EA  21213.90726637  .00000676  00000-0  41905-4 0  9990
2 47540  97.4921 274.4316 0009688 306.0344  53.9989 15.13025904 27992
1 47540U 21006EA  21214.43634287  .00000601  00000-0  37673-4 0  9993
2 47540  97.4921 274.9514 0009668 303.8961  56.1350 15.13026313 28077
1 47540U 21006EA  21214.63474643  .00000598  00000-0  37492-4 0  9997
2 47540  97.4921 275.1464 0009659 303.0680  56.9623 15.13026648 28100
1 47540U 21006EA  21215.03155332  .00000624  00000-0  38984-4 0  9990
2 47540  97.4921 275.5362 0009649 301.4828  58.5459 15.13027459 28168
1 47540U 21006EA  21215.16382189  .00000727  00000-0  44800-4 0  9994
2 47540  97.4921 275.6662 0009646 300.9561  59.0722 15.13028372 28183
1 47540U 21006EA  21215.62676349  .00000614  00000-0  38376-4 0  9995
2 47540  97.4921 276.1210 0009619 299.0932  60.9336 15.13028461 28257
1 47540U 21006EA  21216.42037582  .00000712  00000-0  43971-4 0  9990
2 47540  97.4922 276.9007 0009628 295.8484  64.1753 15.13030550 28370
1 47540U 21006EA  21216.75104736  .00000770  00000-0  47224-4 0  9991
2 47540  97.4921 277.2255 0009586 294.6163  65.4069 15.13031580 28426
1 47540U 21006EA  21217.47852385  .00000833  00000-0  50775-4 0  9996
2 47540  97.4922 277.9404 0009581 291.5928  68.4281 15.13033536 28534
1 47540U 21006EA  21218.00759768  .00000856  00000-0  52061-4 0  9992
2 47540  97.4921 278.4602 0009565 289.4502  70.5696 15.13034701 28613
1 47540U 21006EA  21218.40440295  .00000824  00000-0  50247-4 0  9997
2 47540  97.4921 278.8501 0009537 287.8784  72.1407 15.13035274 28678
1 47540U 21006EA  21219.39641472  .00000823  00000-0  50241-4 0  9999
2 47540  97.4920 279.8247 0009485 283.9134  76.1042 15.13037286 28824
1 47540U 21006EA  21219.59481653  .00001009  00000-0  60728-4 0  9992
2 47540  97.4919 280.0197 0009475 283.1592  76.8581 15.13038811 28852
1 47540U 21006EA  21220.38842369  .00001193  00000-0  71109-4 0  9995
2 47540  97.4917 280.7994 0009447 279.9527  80.0637 15.13041747 28976
1 47540U 21006EA  21220.65295943  .00001146  00000-0  68500-4 0  9994
2 47540  97.4917 281.0593 0009467 278.7461  81.2698 15.13042093 29012
1 47540U 21006EA  21220.91749486  .00001182  00000-0  70497-4 0  9997
2 47540  97.4917 281.3192 0009486 277.7655  82.2499 15.13042909 29055
1 47540U 21006EA  21221.90950318  .00001039  00000-0  62426-4 0  9999
2 47540  97.4915 282.2938 0009480 273.6233  86.3913 15.13044240 29205
1 47540U 21006EA  21222.43857398  .00000943  00000-0  56994-4 0  9998
2 47540  97.4914 282.8136 0009431 271.7311  88.2840 15.13044822 29286
1 47540U 21006EA  21223.09991188  .00000800  00000-0  48895-4 0  9990
2 47540  97.4912 283.4632 0009451 268.9750  91.0398 15.13045382 29382
1 47540U 21006EA  21223.43058034  .00000903  00000-0  54728-4 0  9998
2 47540  97.4912 283.7881 0009457 267.5986  92.4162 15.13046673 29437
1 47540U 21006EA  21223.89351624  .00000837  00000-0  50991-4 0  9993
2 47540  97.4911 284.2429 0009454 265.7365  94.2786 15.13047315 29502
1 47540U 21006EA  21224.15805068  .00000862  00000-0  52416-4 0  9991
2 47540  97.4911 284.5027 0009464 264.6898  95.3254 15.13048095 29541
1 47540U 21006EA  21224.42258515  .00000852  00000-0  51853-4 0  9993
2 47540  97.4911 284.7626 0009471 263.5509  96.4644 15.13048635 29582
1 47540U 21006EA  21225.48072289  .00000811  00000-0  49516-4 0  9990
2 47540  97.4912 285.8022 0009509 259.3021 100.7139 15.13050567 29742
1 47540U 21006EA  21225.61299003  .00000812  00000-0  49557-4 0  9996
2 47540  97.4912 285.9323 0009538 258.8512 101.1647 15.13050829 29760
1 47540U 21006EA  21226.40659309  .00000719  00000-0  44342-4 0  9996
2 47540  97.4911 286.7119 0009538 255.5775 104.4398 15.13051566 29887
1 47540U 21006EA  21227.06792849  .00000709  00000-0  43757-4 0  9994
2 47540  97.4911 287.3616 0009562 252.9059 107.1125 15.13052458 29989
1 47540U 21006EA  21227.13406208  .00000702  00000-0  43350-4 0  9995
2 47540  97.4911 287.4266 0009556 252.6667 107.3519 15.13052492 29994
1 47540U 21006EA  21227.72926365  .00000681  00000-0  42180-4 0  9997
2 47540  97.4911 288.0114 0009589 250.2840 109.7357 15.13053152 30088
1 47540U 21006EA  21228.39059836  .00000730  00000-0  44947-4 0  9999
2 47540  97.4911 288.6611 0009599 247.6385 112.3829 15.13054251 30187
1 47540U 21006EA  21228.72126558  .00000732  00000-0  45035-4 0  9993
2 47540  97.4910 288.9859 0009631 246.3069 113.7152 15.13054670 30230
1 47540U 21006EA  21229.11806604  .00000726  00000-0  44711-4 0  9997
2 47540  97.4909 289.3757 0009665 244.7041 115.3189 15.13055143 30299
1 47540U 21006EA  21229.64713259  .00000800  00000-0  48912-4 0  9998
2 47540  97.4909 289.8955 0009680 242.5917 117.4330 15.13056429 30377
1 47540U 21006EA  21230.44073176  .00000860  00000-0  52259-4 0  9990
2 47540  97.4909 290.6751 0009765 239.4667 120.5601 15.13058095 30492
1 47540U 21006EA  21230.70526459  .00000867  00000-0  52661-4 0  9990
2 47540  97.4908 290.9349 0009770 238.3687 121.6592 15.13058667 30534
1 47540U 21006EA  21231.43273023  .00000814  00000-0  49650-4 0  9993
2 47540  97.4907 291.6496 0009812 235.5976 124.4328 15.13059576 30641
1 47540U 21006EA  21231.63112975  .00000830  00000-0  50564-4 0  9997
2 47540  97.4907 291.8445 0009833 234.8364 125.1946 15.13060056 30675
1 47540U 21006EA  21232.16019490  .00000823  00000-0  50186-4 0  9996
2 47540  97.4906 292.3642 0009877 232.7893 127.2437 15.13061046 30758
1 47540U 21006EA  21232.62312684  .00000745  00000-0  45760-4 0  9993
2 47540  97.4906 292.8189 0009909 230.9190 129.1160 15.13061524 30828
1 47540U 21006EA  21233.41672389  .00000815  00000-0  49703-4 0  9991
2 47540  97.4905 293.5985 0009955 227.8224 132.2163 15.13063407 30946
1 47540U 21006EA  21233.87965472  .00000902  00000-0  54647-4 0  9999
2 47540  97.4905 294.0532 0009983 226.0130 134.0279 15.13064907 31011
1 47540U 21006EA  21234.40871893  .00000875  00000-0  53129-4 0  9995
2 47540  97.4904 294.5729 0010026 223.9864 136.0570 15.13065677 31092
1 47540U 21006EA  21235.40071401  .00000819  00000-0  49955-4 0  9993
2 47540  97.4903 295.5473 0010080 220.1088 139.9399 15.13066822 31246
1 47540U 21006EA  21235.73137856  .00000819  00000-0  49930-4 0  9999
2 47540  97.4903 295.8721 0010106 218.8654 141.1852 15.13067345 31292
1 47540U 21006EA  21236.39270733  .00000949  00000-0  57306-4 0  9994
2 47540  97.4902 296.5218 0010153 216.3591 143.6951 15.13069030 31396
1 47540U 21006EA  21236.72337154  .00000916  00000-0  55433-4 0  9995
2 47540  97.4901 296.8465 0010168 215.0647 144.9916 15.13069380 31445
1 47540U 21006EA  21237.38469859  .00001131  00000-0  67538-4 0  9995
2 47540  97.4900 297.4961 0010263 212.7419 147.3177 15.13071831 31540
1 47540U 21006EA  21237.91375982  .00001195  00000-0  71161-4 0  9994
2 47540  97.4898 298.0158 0010295 210.7279 149.3350 15.13073302 31627
1 47540U 21006EA  21238.44282149  .00001222  00000-0  72696-4 0  9990
2 47540  97.4897 298.5355 0010332 208.7784 151.2879 15.13074367 31709
1 47540U 21006EA  21238.70735191  .00001186  00000-0  70668-4 0  9995
2 47540  97.4896 298.7953 0010374 207.8866 152.1811 15.13074738 31743
1 47540U 21006EA  21239.17028027  .00001199  00000-0  71389-4 0  9995
2 47540  97.4895 299.2500 0010418 206.2258 153.8447 15.13075686 31817
1 47540U 21006EA  21239.76547322  .00001161  00000-0  69261-4 0  9999
2 47540  97.4894 299.8345 0010478 204.0487 156.0256 15.13076759 31900
1 47540U 21006EA  21240.42679578  .00001991  00000-0  11611-3 0  9999
2 47540  97.4893 300.4841 0010520 201.6593 158.4195 15.13083414 32004
1 47540U 21006EA  21240.88972227  .00002172  00000-0  12629-3 0  9998
2 47540  97.4893 300.9388 0010577 200.1170 159.9645 15.13085585 32076
1 47540U 21006EA  21241.41877972  .00002246  00000-0  13044-3 0  9993
2 47540  97.4892 301.4584 0010625 198.1777 161.9076 15.13087785 32156
1 47540U 21006EA  21241.74944041  .00002210  00000-0  12843-3 0  9998
2 47540  97.4892 301.7832 0010657 196.9947 163.0929 15.13088711 32201
1 47540U 21006EA  21241.88170575  .00002019  00000-0  11763-3 0  9993
2 47540  97.4892 301.9131 0010676 196.5236 163.5649 15.13087756 32227
1 47540U 21006EA  21242.41076313  .00001942  00000-0  11328-3 0  9999
2 47540  97.4892 302.4327 0010728 194.5967 165.4956 15.13088880 32307
1 47540U 21006EA  21242.74142451  .00001716  00000-0  10056-3 0  9998
2 47540  97.4892 302.7574 0010767 193.4459 166.6487 15.13088410 32357
1 47540U 21006EA  21243.13821925  .00001354  00000-0  80122-4 0  9992
2 47540  97.4892 303.1472 0010811 192.0792 168.0182 15.13086851 32416
1 47540U 21006EA  21243.40274848  .00001309  00000-0  77563-4 0  9993
2 47540  97.4892 303.4070 0010838 191.1399 168.9594 15.13086984 32452
1 47540U 21006EA  21243.73340781  .00001468  00000-0  86544-4 0  9994
2 47540  97.4891 303.7317 0010853 189.6990 170.4034 15.13089023 32504
1 47540U 21006EA  21244.13020079  .00001334  00000-0  78974-4 0  9994
2 47540  97.4891 304.1214 0010892 188.3129 171.7923 15.13089020 32562
1 47540U 21006EA  21244.72538562  .00001765  00000-0  10328-3 0  9996
2 47540  97.4891 304.7061 0010941 186.1910 173.9188 15.13093712 32657
1 47540U 21006EA  21245.58509751  .00001808  00000-0  10572-3 0  9998
2 47540  97.4889 305.5504 0011045 183.4720 176.6436 15.13096863 32780
1 47540U 21006EA  21245.71736075  .00001833  00000-0  10713-3 0  9999
2 47540  97.4889 305.6803 0011052 182.9694 177.1473 15.13097436 32802
1 47540U 21006EA  21246.04801882  .00001840  00000-0  10752-3 0  9996
2 47540  97.4888 306.0050 0011093 181.7816 178.3378 15.13098548 32855
1 47540U 21006EA  21246.11415127  .00001644  00000-0  96426-4 0  9992
2 47540  97.4888 306.0700 0011100 181.5404 178.5794 15.13097442 32864
1 47540U 21006EA  21246.57707220  .00001650  00000-0  96770-4 0  9999
2 47540  97.4889 306.5247 0011132 180.0260 180.0972 15.13099048 32933
1 47540U 21006EA  21247.03999325  .00001569  00000-0  92226-4 0  9991
2 47540  97.4888 306.9793 0011197 178.4777 181.6490 15.13099988 33001
1 47540U 21006EA  21247.63517656  .00001489  00000-0  87701-4 0  9993
2 47540  97.4887 307.5639 0011253 176.5467 183.5844 15.13101460 33096
1 47540U 21006EA  21248.56101636  .00001348  00000-0  79698-4 0  9993
2 47540  97.4886 308.4731 0011347 173.4596 186.6785 15.13103506 33238
1 47540U 21006EA  21249.15619881  .00001180  00000-0  70256-4 0  9990
2 47540  97.4885 309.0576 0011393 171.5714 188.5711 15.13104176 33327
1 47540U 21006EA  21249.55298640  .00001117  00000-0  66688-4 0  9994
2 47540  97.4885 309.4473 0011445 170.1823 189.9634 15.13105013 33387
1 47540U 21006EA  21250.41269312  .00000988  00000-0  59384-4 0  9995
2 47540  97.4883 310.2916 0011531 167.3192 192.8331 15.13106246 33511
1 47540U 21006EA  21250.67721808  .00000933  00000-0  56272-4 0  9999
2 47540  97.4883 310.5513 0011559 166.5170 193.6372 15.13106514 33550
1 47540U 21006EA  21251.40466092  .00001024  00000-0  61406-4 0  9999
2 47540  97.4881 311.2658 0011629 164.0209 196.1391 15.13108530 33661
1 47540U 21006EA  21251.66918552  .00000987  00000-0  59353-4 0  9995
2 47540  97.4881 311.5255 0011653 163.1531 197.0090 15.13108855 33703
1 47540U 21006EA  21252.59502092  .00001005  00000-0  60331-4 0  9996
2 47540  97.4880 312.4347 0011740 160.1188 200.0503 15.13110640 33840
1 47540U 21006EA  21253.12406899  .00000962  00000-0  57919-4 0  9993
2 47540  97.4878 312.9542 0011781 158.4279 201.7451 15.13111428 33929
1 47540U 21006EA  21253.71924747  .00001093  00000-0  65322-4 0  9998
2 47540  97.4877 313.5387 0011833 156.5102 203.6672 15.13113335 34010
1 47540U 21006EA  21254.11603299  .00001091  00000-0  65175-4 0  9993
2 47540  97.4876 313.9283 0011863 155.2306 204.9497 15.13114091 34078
1 47540U 21006EA  21254.71121022  .00001135  00000-0  67691-4 0  9992
2 47540  97.4875 314.5127 0011913 153.2911 206.8936 15.13115734 34161
1 47540U 21006EA  21255.17412578  .00001100  00000-0  65672-4 0  9991
2 47540  97.4874 314.9673 0011947 151.8442 208.3437 15.13116544 34231
1 47540U 21006EA  21255.70317159  .00001060  00000-0  63429-4 0  9992
2 47540  97.4873 315.4868 0011988 150.1927 209.9989 15.13117571 34316
1 47540U 21006EA  21256.09995548  .00001073  00000-0  64171-4 0  9998
2 47540  97.4872 315.8764 0012015 148.9739 211.2204 15.13118628 34378
1 47540U 21006EA  21256.62900054  .00001038  00000-0  62184-4 0  9998
2 47540  97.4872 316.3959 0012065 147.3579 212.8400 15.13119734 34453
1 47540U 21006EA  21257.15804502  .00001027  00000-0  61557-4 0  9999
2 47540  97.4872 316.9154 0012102 145.7182 214.4833 15.13121007 34533
1 47540U 21006EA  21257.88548081  .00000955  00000-0  57520-4 0  9990
2 47540  97.4871 317.6297 0012161 143.3490 216.8575 15.13122400 34648
1 47540U 21006EA  21258.41452460  .00000920  00000-0  55543-4 0  9990
2 47540  97.4871 318.1492 0012200 141.6348 218.5753 15.13123453 34723
1 47540U 21006EA  21258.74517674  .00000897  00000-0  54212-4 0  9990
2 47540  97.4870 318.4738 0012229 140.5813 219.6310 15.13124112 34773
1 47540U 21006EA  21259.14195909  .00000882  00000-0  53379-4 0  9995
2 47540  97.4870 318.8634 0012254 139.3505 220.8644 15.13124919 34830
1 47540U 21006EA  21259.60487170  .00000886  00000-0  53619-4 0  9991
2 47540  97.4870 319.3180 0012294 137.9079 222.3099 15.13125906 34902
1 47540U 21006EA  21260.13391456  .00000841  00000-0  51072-4 0  9994
2 47540  97.4869 319.8374 0012330 136.2251 223.9959 15.13126628 34987
1 47540U 21006EA  21261.05973816  .00000854  00000-0  51767-4 0  9997
2 47540  97.4868 320.7464 0012397 133.3255 226.9012 15.13128443 35129
1 47540U 21006EA  21261.12586821  .00000890  00000-0  53847-4 0  9992
2 47540  97.4868 320.8113 0012399 133.1110 227.1160 15.13128820 35138
1 47540U 21006EA  21261.58877975  .00000804  00000-0  48990-4 0  9993
2 47540  97.4867 321.2659 0012440 131.7158 228.5139 15.13129149 35204
1 47540U 21006EA  21262.11782089  .00000784  00000-0  47833-4 0  9996
2 47540  97.4866 321.7853 0012459 130.0984 230.1341 15.13129999 35288
1 47540U 21006EA  21262.71299204  .00000749  00000-0  45876-4 0  9990
2 47540  97.4865 322.3697 0012492 128.2544 231.9814 15.13130828 35375
1 47540U 21006EA  21263.17590254  .00000828  00000-0  50311-4 0  9998
2 47540  97.4864 322.8241 0012512 126.8297 233.4084 15.13132049 35447
1 47540U 21006EA  21264.43237273  .00000842  00000-0  51122-4 0  9994
2 47540  97.4862 324.0578 0012558 123.0312 237.2127 15.13134329 35633
1 47540U 21006EA  21264.89528215  .00000835  00000-0  50687-4 0  9990
2 47540  97.4861 324.5122 0012569 121.6386 238.6073 15.13135188 35706
1 47540U 21006EA  21265.42432099  .00000988  00000-0  59325-4 0  9991
2 47540  97.4860 325.0317 0012589 120.0277 240.2204 15.13137099 35787
1 47540U 21006EA  21266.15174869  .00000965  00000-0  58025-4 0  9991
2 47540  97.4859 325.7458 0012611 117.8113 242.4398 15.13138580 35893
1 47540U 21006EA  21266.41626779  .00001056  00000-0  63154-4 0  9993
2 47540  97.4858 326.0055 0012627 116.9999 243.2522 15.13139592 35935
1 47540U 21006EA  21266.68078646  .00001106  00000-0  65965-4 0  9994
2 47540  97.4858 326.2652 0012632 116.1920 244.0612 15.13140527 35975
1 47540U 21006EA  21267.14369457  .00001021  00000-0  61161-4 0  9999
2 47540  97.4857 326.7197 0012650 114.7904 245.4644 15.13140976 36046
1 47540U 21006EA  21267.67273154  .00001208  00000-0  71726-4 0  9990
2 47540  97.4857 327.2391 0012677 113.1597 247.0971 15.13143147 36121
1 47540U 21006EA  21267.73886106  .00001227  00000-0  72796-4 0  9993
2 47540  97.4856 327.3040 0012680 112.9518 247.3052 15.13143411 36134
1 47540U 21006EA  21268.13563866  .00001284  00000-0  75990-4 0  9995
2 47540  97.4855 327.6935 0012687 111.7539 248.5043 15.13144502 36197
1 47540U 21006EA  21269.06145120  .00001406  00000-0  82866-4 0  9993
2 47540  97.4854 328.6024 0012722 108.9268 251.3343 15.13147282 36332
1 47540U 21006EA  21269.39209829  .00001453  00000-0  85500-4 0  9996
2 47540  97.4854 328.9270 0012725 107.9385 252.3235 15.13148258 36380
1 47540U 21006EA  21269.65661571  .00001485  00000-0  87284-4 0  9997
2 47540  97.4853 329.1867 0012734 107.1217 253.1410 15.13149078 36420
1 47540U 21006EA  21270.45016730  .00001452  00000-0  85449-4 0  9993
2 47540  97.4851 329.9657 0012748 104.7151 255.5494 15.13150846 36544
1 47540U 21006EA  21270.58242602  .00001121  00000-0  66779-4 0  9994
2 47540  97.4851 330.0955 0012755 104.3592 255.9056 15.13149368 36568
1 47540U 21006EA  21271.50823389  .00001483  00000-0  87192-4 0  9997
2 47540  97.4850 331.0044 0012765 101.5263 258.7402 15.13153878 36705
1 47540U 21006EA  21271.70662105  .00001477  00000-0  86843-4 0  9991
2 47540  97.4850 331.1991 0012763 100.9213 259.3455 15.13154438 36734
1 47540U 21006EA  21272.43404049  .00001496  00000-0  87908-4 0  9997
2 47540  97.4849 331.9131 0012761  98.7338 261.5339 15.13156516 36843
1 47540U 21006EA  21272.76468541  .00001425  00000-0  83874-4 0  9990
2 47540  97.4849 332.2377 0012759  97.7229 262.5452 15.13157056 36896
1 47540U 21006EA  21273.49210281  .00001535  00000-0  90063-4 0  9997
2 47540  97.4848 332.9517 0012751  95.5624 264.7061 15.13159862 37006
1 47540U 21006EA  21274.15338999  .00001578  00000-0  92511-4 0  9995
2 47540  97.4847 333.6009 0012746  93.5571 266.7118 15.13162320 37101
1 47540U 21006EA  21274.55016192  .00001588  00000-0  93048-4 0  9994
2 47540  97.4847 333.9904 0012752  92.3819 267.8872 15.13163696 37169
1 47540U 21006EA  21274.81467647  .00001534  00000-0  90034-4 0  9991
2 47540  97.4847 334.2500 0012755  91.5792 268.6901 15.13164290 37207
1 47540U 21006EA  21275.21144856  .00001323  00000-0  78138-4 0  9997
2 47540  97.4847 334.6395 0012755  90.4086 269.8607 15.13164254 37269
1 47540U 21006EA  21275.40983426  .00001319  00000-0  77934-4 0  9990
2 47540  97.4847 334.8342 0012759  89.8298 270.4395 15.13164831 37290
1 47540U 21006EA  21275.74047639  .00001432  00000-0  84273-4 0  9994
2 47540  97.4846 335.1588 0012759  88.8223 271.4470 15.13166592 37349
1 47540U 21006EA  21276.40176068  .00001329  00000-0  78485-4 0  9990
2 47540  97.4846 335.8079 0012760  86.8485 273.4206 15.13168141 37443
1 47540U 21006EA  21276.73240263  .00001399  00000-0  82400-4 0  9994
2 47540  97.4845 336.1325 0012756  85.8319 274.4370 15.13169493 37499
1 47540U 21006EA  21276.86465922  .00001448  00000-0  85170-4 0  9991
2 47540  97.4845 336.2623 0012756  85.4202 274.8486 15.13170125 37517
1 47540U 21006EA  21277.59207029  .00001493  00000-0  87671-4 0  9992
2 47540  97.4844 336.9763 0012742  83.2330 277.0351 15.13172565 37629
1 47540U 21006EA  21277.85658328  .00001451  00000-0  85322-4 0  9998
2 47540  97.4843 337.2359 0012738  82.4313 277.8364 15.13173061 37668
1 47540U 21006EA  21278.12109593  .00001436  00000-0  84471-4 0  9991
2 47540  97.4842 337.4955 0012730  81.6175 278.6499 15.13173838 37705
1 47540U 21006EA  21278.45173664  .00001429  00000-0  84069-4 0  9992
2 47540  97.4842 337.8201 0012726  80.6381 279.6288 15.13174796 37752
1 47540U 21006EA  21279.11301728  .00001447  00000-0  85065-4 0  9997
2 47540  97.4840 338.4692 0012699  78.6029 281.6628 15.13176672 37853
1 47540U 21006EA  21279.70816798  .00001708  00000-0  99772-4 0  9990
2 47540  97.4839 339.0533 0012684  76.7883 283.4763 15.13180007 37940
1 47540U 21006EA  21279.90655103  .00001853  00000-0  10792-3 0  9998
2 47540  97.4838 339.2480 0012674  76.1614 284.1027 15.13181441 37974
1 47540U 21006EA  21280.56782857  .00002058  00000-0  11943-3 0  9996
2 47540  97.4837 339.8970 0012643  74.1231 286.1393 15.13184551 38077
1 47540U 21006EA  21280.76621183  .00002175  00000-0  12601-3 0  9994
2 47540  97.4836 340.0921 0012644  73.7769 286.4852 15.13186106 38103
1 47540U 21006EA  21280.89846690  .00002189  00000-0  12680-3 0  9992
2 47540  97.4836 340.2219 0012636  73.3622 286.8996 15.13186806 38122
1 47540U 21006EA  21281.49361557  .00001959  00000-0  11386-3 0  9999
2 47540  97.4835 340.8056 0012601  71.3153 288.9445 15.13187604 38214
1 47540U 21006EA  21281.82425323  .00001771  00000-0  10332-3 0  9990
2 47540  97.4834 341.1302 0012575  70.3161 289.9426 15.13188168 38260
1 47540U 21006EA  21282.08876308  .00001661  00000-0  97117-4 0  9997
2 47540  97.4834 341.3898 0012558  69.4567 290.8010 15.13188892 38301
1 47540U 21006EA  21282.22101820  .00001573  00000-0  92151-4 0  9998
2 47540  97.4834 341.5196 0012552  69.0541 291.2032 15.13189140 38324
1 47540U 21006EA  21282.75003749  .00001388  00000-0  81767-4 0  9992
2 47540  97.4833 342.0388 0012527  67.4934 292.7622 15.13190526 38402
1 47540U 21006EA  21283.14680175  .00001300  00000-0  76799-4 0  9993
2 47540  97.4832 342.4282 0012510  66.2910 293.9633 15.13191516 38462
1 47540U 21006EA  21283.54356588  .00001458  00000-0  85665-4 0  9991
2 47540  97.4832 342.8176 0012497  65.0874 295.1654 15.13193450 38521
1 47540U 21006EA  21283.87420209  .00001478  00000-0  86799-4 0  9990
2 47540  97.4831 343.1421 0012485  64.0694 296.1823 15.13194614 38570
1 47540U 21006EA  21284.40321855  .00001686  00000-0  98500-4 0  9991
2 47540  97.4830 343.6613 0012466  62.4615 297.7882 15.13197700 38651
1 47540U 21006EA  21284.73385579  .00001448  00000-0  85099-4 0  9995
2 47540  97.4830 343.9858 0012451  61.4567 298.7916 15.13196895 38703
1 47540U 21006EA  21285.13061846  .00001468  00000-0  86213-4 0  9999
2 47540  97.4829 344.3752 0012431  60.2278 300.0188 15.13198142 38764
1 47540U 21006EA  21285.59350639  .00001820  00000-0  10604-3 0  9992
2 47540  97.4829 344.8295 0012421  58.8333 301.4114 15.13201762 38830
1 47540U 21006EA  21286.45315696  .00002471  00000-0  14263-3 0  9990
2 47540  97.4826 345.6731 0012359  56.2933 303.9474 15.13205225 38967
1 47540U 21006EA  21286.58541067  .00002335  00000-0  13495-3 0  9992
2 47540  97.4827 345.8028 0012342  55.9024 304.3376 15.13205311 38982
1 47540U 21006EA  21287.11442432  .00002183  00000-0  12642-3 0  9992
2 47540  97.4826 346.3220 0012309  54.2745 305.9629 15.13207239 39065
1 47540U 21006EA  21287.44505750  .00002050  00000-0  11893-3 0  9991
2 47540  97.4827 346.6464 0012292  53.2804 306.9554 15.13208322 39113
1 47540U 21006EA  21287.57731056  .00002082  00000-0  12071-3 0  9999
2 47540  97.4827 346.7762 0012276  52.8466 307.3885 15.13209143 39132
1 47540U 21006EA  21288.17244888  .00001878  00000-0  10924-3 0  9995
2 47540  97.4827 347.3603 0012231  50.9838 309.2480 15.13211492 39228
1 47540U 21006EA  21288.70146019  .00001686  00000-0  98476-4 0  9997
2 47540  97.4824 347.8795 0012200  49.0931 311.1354 15.13211940 39300
1 47540U 21006EA  21289.09821880  .00001572  00000-0  92050-4 0  9992
2 47540  97.4824 348.2689 0012167  47.8414 312.3849 15.13212739 39366
1 47540U 21006EA  21289.16434521  .00001582  00000-0  92632-4 0  9999
2 47540  97.4824 348.3338 0012161  47.6417 312.5842 15.13213025 39378
1 47540U 21006EA  21289.56110337  .00001499  00000-0  87951-4 0  9994
2 47540  97.4824 348.7232 0012125  46.3991 313.8244 15.13214042 39435
1 47540U 21006EA  21290.15624025  .00001322  00000-0  77970-4 0  9990
2 47540  97.4823 349.3072 0012076  44.4408 315.7790 15.13215200 39524
1 47540U 21006EA  21291.08200673  .00001274  00000-0  75284-4 0  9994
2 47540  97.4821 350.2157 0012004  41.5671 318.6470 15.13218218 39662
1 47540U 21006EA  21291.41263675  .00001397  00000-0  82210-4 0  9995
2 47540  97.4821 350.5402 0011983  40.5362 319.6760 15.13220102 39713
1 47540U 21006EA  21291.61101509  .00001343  00000-0  79152-4 0  9996
2 47540  97.4821 350.7349 0011966  39.9344 320.2765 15.13220432 39740
1 47540U 21006EA  21292.14002340  .00001327  00000-0  78272-4 0  9992
2 47540  97.4820 351.2540 0011929  38.2446 321.9629 15.13221912 39822
1 47540U 21006EA  21292.73515733  .00001121  00000-0  66657-4 0  9998
2 47540  97.4819 351.8380 0011879  36.4162 323.7875 15.13222437 39913
1 47540U 21006EA  21293.13191242  .00001325  00000-0  78160-4 0  9996
2 47540  97.4818 352.2273 0011848  35.1218 325.0792 15.13224709 39975
1 47540U 21006EA  21293.72704554  .00001270  00000-0  75040-4 0  9990
2 47540  97.4817 352.8113 0011801  33.2451 326.9520 15.13225849 40067
1 47540U 21006EA  21294.12380046  .00001257  00000-0  74302-4 0  9996
2 47540  97.4816 353.2007 0011768  31.9620 328.2323 15.13226765 40129
1 47540U 21006EA  21294.58668094  .00001233  00000-0  72946-4 0  9994
2 47540  97.4815 353.6549 0011728  30.4890 329.7020 15.13227778 40194
1 47540U 21006EA  21295.44631496  .00001173  00000-0  69582-4 0  9991
2 47540  97.4813 354.4984 0011649  27.6523 332.5325 15.13229605 40323
1 47540U 21006EA  21295.71081764  .00001144  00000-0  67947-4 0  9999
2 47540  97.4812 354.7579 0011623  26.7721 333.4108 15.13230085 40364
1 47540U 21006EA  21296.17369671  .00001147  00000-0  68102-4 0  9993
2 47540  97.4811 355.2121 0011579  25.1959 334.9835 15.13231289 40436
1 47540U 21006EA  21296.70270128  .00001094  00000-0  65148-4 0  9998
2 47540  97.4809 355.7312 0011524  23.4191 336.7562 15.13232283 40510
1 47540U 21006EA  21297.43008162  .00001077  00000-0  64217-4 0  9993
2 47540  97.4808 356.4449 0011454  20.9650 339.2048 15.13233984 40620
1 47540U 21006EA  21297.76070880  .00001056  00000-0  63021-4 0  9994
2 47540  97.4807 356.7693 0011419  19.8448 340.3225 15.13234700 40678
1 47540U 21006EA  21298.15746124  .00001068  00000-0  63676-4 0  9998
2 47540  97.4807 357.1586 0011380  18.4891 341.6751 15.13235709 40733
1 47540U 21006EA  21299.08321529  .00001197  00000-0  70907-4 0  9997
2 47540  97.4806 358.0669 0011292  15.3786 344.7786 15.13238830 40870
1 47540U 21006EA  21299.41384161  .00001328  00000-0  78289-4 0  9992
2 47540  97.4806 358.3913 0011263  14.2880 345.8667 15.13240313 40921
1 47540U 21006EA  21300.14121852  .00001386  00000-0  81576-4 0  9998
2 47540  97.4805 359.1050 0011196  11.8699 348.2794 15.13242504 41032
1 47540U 21006EA  21301.13309409  .00001563  00000-0  91480-4 0  9996
2 47540  97.4804   0.0782 0011106   8.5347 351.6071 15.13246136 41186
1 47540U 21006EA  21301.72821896  .00001677  00000-0  97902-4 0  9991
2 47540  97.4804   0.6621 0011055   6.5240 353.6133 15.13248217 41270
1 47540U 21006EA  21302.12496806  .00001728  00000-0  10078-3 0  9990
2 47540  97.4803   1.0514 0011019   5.1556 354.9787 15.13249640 41337
1 47540U 21006EA  21302.38946761  .00002148  00000-0  12436-3 0  9995
2 47540  97.4803   1.3109 0010998   4.2648 355.8675 15.13252518 41375
1 47540U 21006EA  21302.65396634  .00002309  00000-0  13340-3 0  9997
2 47540  97.4803   1.5704 0010979   3.3354 356.7948 15.13254276 41412
1 47540U 21006EA  21303.44746265  .00002297  00000-0  13271-3 0  9993
2 47540  97.4801   2.3489 0010901   0.5414 359.5828 15.13256654 41533
1 47540U 21006EA  21304.43932969  .00002255  00000-0  13035-3 0  9993
2 47540  97.4800   3.3221 0010803 357.0516   3.0649 15.13260115 41686
1 47540U 21006EA  21304.76995170  .00002171  00000-0  12560-3 0  9991
2 47540  97.4800   3.6464 0010781 355.8563   4.2577 15.13260887 41736
1 47540U 21006EA  21304.90219992  .00002212  00000-0  12794-3 0  9993
2 47540  97.4799   3.7762 0010767 355.3870   4.7260 15.13261739 41758
1 47540U 21006EA  21305.43119444  .00002115  00000-0  12246-3 0  9997
2 47540  97.4799   4.2952 0010719 353.4741   6.6349 15.13263207 41838
1 47540U 21006EA  21305.62956754  .00002255  00000-0  13035-3 0  9993
2 47540  97.4804   4.4899 0010653 352.9108   7.1971 15.13264808 41863
1 47540U 21006EA  21306.02631190  .00002100  00000-0  12162-3 0  9991
2 47540  97.4803   4.8792 0010615 351.5488   8.5563 15.13266358 41923
1 47540U 21006EA  21306.55530378  .00002676  00000-0  15396-3 0  9995
2 47540  97.4802   5.3982 0010569 349.7032  10.3981 15.13270713 42006
1 47540U 21006EA  21307.41491366  .00003169  00000-0  18162-3 0  9996
2 47540  97.4800   6.2416 0010499 346.6320  13.4632 15.13276251 42138
1 47540U 21006EA  21308.40676584  .00004254  00000-0  24243-3 0  9996
2 47540  97.4796   7.2147 0010406 343.1010  16.9873 15.13285554 42287
1 47540U 21006EA  21309.13412510  .00002924  00000-0  16781-3 0  9994
2 47540  97.4793   7.9282 0010367 340.2593  19.8235 15.13284161 42390
1 47540U 21006EA  21309.72923487  .00002660  00000-0  15301-3 0  9993
2 47540  97.4791   8.5121 0010288 338.1671  21.9121 15.13286236 42485
1 47540U 21006EA  21310.19209661  .00002609  00000-0  15014-3 0  9991
2 47540  97.4789   8.9662 0010258 336.3923  23.6836 15.13288695 42554
1 47540U 21006EA  21310.39046574  .00002582  00000-0  14862-3 0  9995
2 47540  97.4789   9.1608 0010238 335.6659  24.4088 15.13289696 42586
1 47540U 21006EA  21311.11781830  .00002261  00000-0  13057-3 0  9996
2 47540  97.4788   9.8744 0010166 332.8263  27.2435 15.13292675 42693
1 47540U 21006EA  21311.64680079  .00002012  00000-0  11662-3 0  9991
2 47540  97.4786  10.3932 0010099 330.8891  29.1776 15.13294964 42778
1 47540U 21006EA  21312.44027317  .00001673  00000-0  97559-4 0  9992
2 47540  97.4784  11.1715 0010030 327.8916  32.1703 15.13297883 42893
1 47540U 21006EA  21312.90313133  .00001502  00000-0  87951-4 0  9993
2 47540  97.4783  11.6255 0009994 326.1163  33.9429 15.13299442 42964
1 47540U 21006EA  21313.10149904  .00001436  00000-0  84275-4 0  9991
2 47540  97.4783  11.8201 0009983 325.3463  34.7116 15.13300085 42990
1 47540U 21006EA  21313.43211172  .00001358  00000-0  79880-4 0  9993
2 47540  97.4783  12.1444 0009956 324.1492  35.9070 15.13301149 43043
1 47540U 21006EA  21313.56435680  .00001235  00000-0  72993-4 0  9991
2 47540  97.4783  12.2741 0009949 323.6289  36.4265 15.13301276 43069
1 47540U 21006EA  21314.75456091  .00000959  00000-0  57499-4 0  9998
2 47540  97.4782  13.4415 0009869 319.1126  40.9364 15.13304224 43246
1 47540U 21006EA  21315.41578607  .00001186  00000-0  70204-4 0  9992
2 47540  97.4783  14.0903 0009875 316.4683  43.5768 15.13305099 43340
1 47540U 21006EA  21315.94476470  .00001094  00000-0  65019-4 0  9991
2 47540  97.4783  14.6092 0009844 314.3650  45.6774 15.13306222 43420
1 47540U 21006EA  21316.14313164  .00001074  00000-0  63914-4 0  9994
2 47540  97.4783  14.8038 0009829 313.6190  46.4225 15.13306684 43451
1 47540U 21006EA  21316.47374327  .00001063  00000-0  63277-4 0  9998
2 47540  97.4783  15.1281 0009803 312.3223  47.7177 15.13307450 43508
1 47540U 21006EA  21316.73823225  .00001039  00000-0  61956-4 0  9998
2 47540  97.4783  15.3875 0009786 311.3075  48.7313 15.13308047 43543
1 47540U 21006EA  21317.13496592  .00001006  00000-0  60094-4 0  9992
2 47540  97.4782  15.7767 0009763 309.7640  50.2730 15.13308762 43602
1 47540U 21006EA  21317.92843213  .00000933  00000-0  56020-4 0  9997
2 47540  97.4781  16.5550 0009698 306.6995  53.3344 15.13310215 43720
1 47540U 21006EA  21318.58965328  .00001042  00000-0  62096-4 0  9994
2 47540  97.4781  17.2037 0009669 304.1116  55.9197 15.13312269 43820
1 47540U 21006EA  21318.92026370  .00000968  00000-0  57984-4 0  9993
2 47540  97.4780  17.5279 0009654 302.8084  57.2217 15.13312553 43872
1 47540U 21006EA  21319.05250783  .00000969  00000-0  57994-4 0  9997
2 47540  97.4780  17.6577 0009649 302.2944  57.7352 15.13312841 43894
1 47540U 21006EA  21319.58148406  .00001093  00000-0  64962-4 0  9995
2 47540  97.4779  18.1766 0009632 300.2149  59.8127 15.13314639 43974
1 47540U 21006EA  21319.71372805  .00001089  00000-0  64730-4 0  9990
2 47540  97.4779  18.3063 0009632 299.6863  60.3409 15.13314895 43996
1 47540U 21006EA  21320.11045968  .00001077  00000-0  64053-4 0  9998
2 47540  97.4778  18.6955 0009624 298.1017  61.9241 15.13315743 44056
1 47540U 21006EA  21320.17658116  .00001230  00000-0  72657-4 0  9999
2 47540  97.4778  18.7603 0009621 297.8511  62.1745 15.13316859 44061
1 47540U 21006EA  21320.70555661  .00001147  00000-0  68018-4 0  9992
2 47540  97.4778  19.2792 0009612 295.7189  64.3050 15.13317552 44147
1 47540U 21006EA  21321.10228814  .00001042  00000-0  62086-4 0  9997
2 47540  97.4777  19.6683 0009602 294.1046  65.9181 15.13317773 44207
1 47540U 21006EA  21321.69738437  .00001056  00000-0  62870-4 0  9994
2 47540  97.4776  20.2521 0009590 291.7340  68.2870 15.13319288 44294
1 47540U 21006EA  21321.89574973  .00001084  00000-0  64484-4 0  9993
2 47540  97.4775  20.4466 0009589 290.9444  69.0761 15.13319878 44324
1 47540U 21006EA  21322.42472370  .00001035  00000-0  61715-4 0  9991
2 47540  97.4775  20.9655 0009577 288.8039  71.2153 15.13320881 44407
1 47540U 21006EA  21323.08594091  .00000950  00000-0  56960-4 0  9990
2 47540  97.4774  21.6141 0009564 286.1407  73.8771 15.13321948 44500
1 47540U 21006EA  21323.41654925  .00001049  00000-0  62483-4 0  9997
2 47540  97.4773  21.9384 0009555 284.8108  75.2064 15.13323230 44556
1 47540U 21006EA  21323.87940063  .00000938  00000-0  56240-4 0  9998
2 47540  97.4772  22.3924 0009543 282.9307  77.0858 15.13323732 44623
1 47540U 21006EA  21324.14388704  .00000926  00000-0  55587-4 0  9997
2 47540  97.4772  22.6518 0009540 281.8814  78.1347 15.13324282 44663
1 47540U 21006EA  21324.40837331  .00001024  00000-0  61107-4 0  9996
2 47540  97.4772  22.9112 0009536 280.8284  79.1874 15.13325397 44700
1 47540U 21006EA  21325.13571007  .00000964  00000-0  57726-4 0  9996
2 47540  97.4770  23.6246 0009516 277.9204  82.0947 15.13326732 44811
1 47540U 21006EA  21325.59856029  .00001002  00000-0  59839-4 0  9997
2 47540  97.4770  24.0785 0009504 276.0357  83.9791 15.13327965 44883
1 47540U 21006EA  21326.59038143  .00000994  00000-0  59383-4 0  9990
2 47540  97.4768  25.0513 0009493 272.0500  87.9644 15.13329983 45034
1 47540U 21006EA  21327.11935217  .00000976  00000-0  58375-4 0  9997
2 47540  97.4766  25.5701 0009500 269.9468  90.0675 15.13330947 45113
1 47540U 21006EA  21327.58220107  .00001022  00000-0  60964-4 0  9993
2 47540  97.4766  26.0241 0009502 268.0761  91.9382 15.13332202 45184
1 47540U 21006EA  21328.11117104  .00001039  00000-0  61913-4 0  9998
2 47540  97.4765  26.5429 0009523 265.9844  94.0299 15.13333380 45265
1 47540U 21006EA  21329.43359422  .00001017  00000-0  60649-4 0  9996
2 47540  97.4764  27.8399 0009562 260.6581  99.3569 15.13336128 45460
1 47540U 21006EA  21329.63195734  .00001065  00000-0  63377-4 0  9996
2 47540  97.4764  28.0344 0009563 259.8579 100.1573 15.13336907 45495
1 47540U 21006EA  21330.42540986  .00001161  00000-0  68734-4 0  9997
2 47540  97.4763  28.8126 0009586 256.6959 103.3204 15.13339220 45613
1 47540U 21006EA  21330.62377272  .00001187  00000-0  70185-4 0  9996
2 47540  97.4763  29.0071 0009595 255.9011 104.1154 15.13339891 45646
1 47540U 21006EA  21330.88825650  .00001021  00000-0  60893-4 0  9994
2 47540  97.4762  29.2665 0009606 254.8357 105.1812 15.13339667 45687
1 47540U 21006EA  21331.41722401  .00001168  00000-0  69119-4 0  9996
2 47540  97.4762  29.7853 0009620 252.7457 107.2722 15.13341699 45765
1 47540U 21006EA  21331.88006984  .00001094  00000-0  64962-4 0  9997
2 47540  97.4762  30.2392 0009634 250.8791 109.1398 15.13342542 45831
1 47540U 21006EA  21332.14455320  .00001087  00000-0  64613-4 0  9994
2 47540  97.4762  30.4986 0009642 249.8338 110.1856 15.13343166 45874
1 47540U 21006EA  21332.54127753  .00001250  00000-0  73730-4 0  9996
2 47540  97.4762  30.8877 0009657 248.2304 111.7900 15.13345149 45936
1 47540U 21006EA  21333.53308784  .00001325  00000-0  77901-4 0  9998
2 47540  97.4761  31.8604 0009690 244.2953 115.7278 15.13348096 46080
1 47540U 21006EA  21333.59920846  .00001327  00000-0  78028-4 0  9996
2 47540  97.4761  31.9253 0009691 244.0381 115.9852 15.13348288 46099
1 47540U 21006EA  21334.12817332  .00001356  00000-0  79642-4 0  9996
2 47540  97.4760  32.4440 0009707 241.9389 118.0861 15.13349750 46172
1 47540U 21006EA  21334.92161955  .00001309  00000-0  77009-4 0  9990
2 47540  97.4759  33.2222 0009749 238.8272 121.2004 15.13351512 46296
1 47540U 21006EA  21334.98774002  .00001308  00000-0  76961-4 0  9994
2 47540  97.4759  33.2870 0009753 238.5739 121.4539 15.13351683 46301
1 47540U 21006EA  21335.51670270  .00001537  00000-0  89772-4 0  9994
2 47540  97.4758  33.8057 0009781 236.5279 123.5018 15.13354545 46384
1 47540U 21006EA  21335.71506361  .00001547  00000-0  90358-4 0  9998
2 47540  97.4757  34.0003 0009790 235.7738 124.2566 15.13355221 46410
1 47540U 21006EA  21336.11178517  .00001590  00000-0  92738-4 0  9993
2 47540  97.4756  34.3893 0009818 234.2828 125.7491 15.13356688 46471
1 47540U 21006EA  21336.44238625  .00001685  00000-0  98078-4 0  9994
2 47540  97.4756  34.7135 0009837 232.9984 127.0347 15.13358240 46520
1 47540U 21006EA  21336.90522753  .00001504  00000-0  87914-4 0  9990
2 47540  97.4755  35.1674 0009875 231.2107 128.8243 15.13358740 46599
1 47540U 21006EA  21337.16970797  .00001489  00000-0  87084-4 0  9994
2 47540  97.4755  35.4268 0009896 230.2506 129.7854 15.13359554 46633
1 47540U 21006EA  21337.56642861  .00001490  00000-0  87131-4 0  9991
2 47540  97.4754  35.8158 0009926 228.7237 131.3140 15.13360820 46692
1 47540U 21006EA  21338.16150822  .00001549  00000-0  90452-4 0  9994
2 47540  97.4753  36.3994 0009970 226.5198 133.5205 15.13363292 46788
1 47540U 21006EA  21338.42598814  .00001515  00000-0  88541-4 0  9999
2 47540  97.4753  36.6587 0009989 225.5123 134.5292 15.13363961 46821
1 47540U 21006EA  21338.88882777  .00001257  00000-0  74070-4 0  9998
2 47540  97.4751  37.1126 0010026 223.6747 136.3692 15.13364094 46898
1 47540U 21006EA  21339.61614574  .00001303  00000-0  76643-4 0  9998
2 47540  97.4751  37.8258 0010078 220.8844 139.1632 15.13366875 47003
1 47540U 21006EA  21339.68226552  .00001298  00000-0  76361-4 0  9990
2 47540  97.4751  37.8906 0010081 220.6341 139.4138 15.13367068 47017
1 47540U 21006EA  21339.88062468  .00001287  00000-0  75742-4 0  9996
2 47540  97.4750  38.0851 0010096 219.8804 140.1686 15.13367699 47048
1 47540U 21006EA  21340.40958250  .00001242  00000-0  73212-4 0  9990
2 47540  97.4750  38.6039 0010133 217.8787 142.1732 15.13369155 47124
1 47540U 21006EA  21341.13689888  .00001176  00000-0  69495-4 0  9993
2 47540  97.4749  39.3171 0010184 215.0985 144.9577 15.13371001 47235
1 47540U 21006EA  21341.40137740  .00001128  00000-0  66847-4 0  9993
2 47540  97.4749  39.5764 0010204 214.0613 145.9965 15.13371481 47273
1 47540U 21006EA  21341.59973638  .00001058  00000-0  62926-4 0  9993
2 47540  97.4749  39.7710 0010223 213.3543 146.7045 15.13371612 47309
1 47540U 21006EA  21342.39317133  .00001009  00000-0  60149-4 0  9995
2 47540  97.4748  40.5490 0010285 210.3957 149.6680 15.13373277 47426
1 47540U 21006EA  21342.52541027  .00000995  00000-0  59352-4 0  9998
2 47540  97.4748  40.6787 0010298 209.8996 150.1648 15.13373565 47449
1 47540U 21006EA  21342.72376882  .00000981  00000-0  58586-4 0  9998
2 47540  97.4747  40.8732 0010314 209.1840 150.8816 15.13373950 47475
1 47540U 21006EA  21343.45108345  .00000945  00000-0  56551-4 0  9996
2 47540  97.4746  41.5864 0010373 206.5227 153.5475 15.13375236 47585
1 47540U 21006EA  21343.64944174  .00000915  00000-0  54889-4 0  9994
2 47540  97.4746  41.7809 0010392 205.7660 154.3055 15.13375542 47616
1 47540U 21006EA  21344.37675561  .00000857  00000-0  51624-4 0  9995
2 47540  97.4745  42.4940 0010462 203.1413 156.9348 15.13376601 47727
1 47540U 21006EA  21344.57511366  .00000858  00000-0  51698-4 0  9991
2 47540  97.4745  42.6885 0010482 202.4236 157.6538 15.13377055 47750
1 47540U 21006EA  21344.90571056  .00000725  00000-0  44208-4 0  9992
2 47540  97.4744  43.0127 0010518 201.2543 158.8253 15.13376950 47807
1 47540U 21006EA  21345.56690382  .00000824  00000-0  49763-4 0  9990
2 47540  97.4744  43.6610 0010579 198.9804 161.1034 15.13378777 47903
1 47540U 21006EA  21345.89750048  .00000659  00000-0  40546-4 0  9998
2 47540  97.4744  43.9852 0010613 197.8290 162.2570 15.13378460 47951
1 47540U 21006EA  21346.16197774  .00000641  00000-0  39544-4 0  9997
2 47540  97.4744  44.2446 0010638 196.8728 163.2151 15.13378826 47992
1 47540U 21006EA  21346.55869319  .00000767  00000-0  46590-4 0  9999
2 47540  97.4744  44.6335 0010679 195.4430 164.6477 15.13380274 48057
1 47540U 21006EA  21346.88928944  .00000680  00000-0  41705-4 0  9992
2 47540  97.4743  44.9577 0010712 194.2746 165.8184 15.13380394 48109
1 47540U 21006EA  21347.41824321  .00000746  00000-0  45414-4 0  9990
2 47540  97.4743  45.4764 0010759 192.4040 167.6928 15.13381677 48180
1 47540U 21006EA  21347.55048118  .00000841  00000-0  50733-4 0  9993
2 47540  97.4743  45.6061 0010772 191.9311 168.1667 15.13382574 48208
1 47540U 21006EA  21347.88107737  .00000730  00000-0  44481-4 0  9992
2 47540  97.4743  45.9302 0010804 190.7581 169.3421 15.13382457 48257
1 47540U 21006EA  21348.14555406  .00000719  00000-0  43913-4 0  9998
2 47540  97.4742  46.1896 0010829 189.8065 170.2957 15.13382863 48290
1 47540U 21006EA  21349.13734051  .00000782  00000-0  47413-4 0  9992
2 47540  97.4742  47.1620 0010921 186.3077 173.8019 15.13384956 48444
1 47540U 21006EA  21349.40181665  .00000877  00000-0  52754-4 0  9998
2 47540  97.4742  47.4214 0010946 185.3580 174.7536 15.13385923 48484
1 47540U 21006EA  21349.73241142  .00000995  00000-0  59359-4 0  9990
2 47540  97.4741  47.7455 0010972 184.2048 175.9093 15.13387235 48534
1 47540U 21006EA  21350.12912484  .00001105  00000-0  65482-4 0  9997
2 47540  97.4741  48.1345 0011006 182.8447 177.2723 15.13388667 48594
1 47540U 21006EA  21350.72419494  .00001212  00000-0  71456-4 0  9993
2 47540  97.4740  48.7180 0011055 180.7807 179.3409 15.13390381 48687
1 47540U 21006EA  21351.71597708  .00001341  00000-0  78705-4 0  9995
2 47540  97.4737  49.6905 0011140 177.3995 182.7296 15.13393136 48833
1 47540U 21006EA  21352.11268910  .00001403  00000-0  82133-4 0  9999
2 47540  97.4736  50.0794 0011171 176.0964 184.0356 15.13394457 48895
1 47540U 21006EA  21352.44328225  .00001559  00000-0  90861-4 0  9990
2 47540  97.4736  50.4036 0011200 174.9694 185.1652 15.13396143 48949
1 47540U 21006EA  21352.70775643  .00001714  00000-0  99545-4 0  9990
2 47540  97.4735  50.6629 0011218 174.1018 186.0347 15.13397736 48983
1 47540U 21006EA  21353.17058581  .00001708  00000-0  99184-4 0  9999
2 47540  97.4734  51.1167 0011260 172.6025 187.5375 15.13399123 49051
1 47540U 21006EA  21353.69953345  .00001923  00000-0  11120-3 0  9990
2 47540  97.4733  51.6353 0011303 170.8607 189.2832 15.13401848 49130
1 47540U 21006EA  21354.09624204  .00002289  00000-0  13169-3 0  9995
2 47540  97.4732  52.0243 0011341 169.5557 190.5912 15.13405612 49196
1 47540U 21006EA  21354.75742352  .00002360  00000-0  13565-3 0  9993
2 47540  97.4731  52.6725 0011403 167.3455 192.8065 15.13408688 49299
1 47540U 21006EA  21355.55083956  .00002462  00000-0  14133-3 0  9995
2 47540  97.4728  53.4506 0011515 164.5545 195.6040 15.13412634 49418
1 47540U 21006EA  21355.61695741  .00002447  00000-0  14047-3 0  9990
2 47540  97.4728  53.5154 0011522 164.3382 195.8208 15.13412939 49420
1 47540U 21006EA  21356.14589949  .00002430  00000-0  13952-3 0  9997
2 47540  97.4726  54.0339 0011571 162.5633 197.5998 15.13415718 49504
1 47540U 21006EA  21356.41037029  .00002684  00000-0  15374-3 0  9995
2 47540  97.4726  54.2932 0011591 161.6881 198.4770 15.13417791 49547
1 47540U 21006EA  21356.74095808  .00002867  00000-0  16394-3 0  9996
2 47540  97.4726  54.6172 0011623 160.6687 199.4987 15.13420235 49599
1 47540U 21006EA  21357.40213269  .00003059  00000-0  17466-3 0  9998
2 47540  97.4725  55.2654 0011659 158.5022 201.6701 15.13424480 49695
1 47540U 21006EA  21357.73271946  .00003104  00000-0  17715-3 0  9998
2 47540  97.4724  55.5896 0011668 157.5088 202.6657 15.13426398 49743
1 47540U 21006EA  21358.12942288  .00002772  00000-0  15856-3 0  9990
2 47540  97.4723  55.9784 0011705 156.1839 203.9937 15.13427647 49803
1 47540U 21006EA  21358.72447709  .00003166  00000-0  18059-3 0  9990
2 47540  97.4723  56.5618 0011766 154.2013 205.9807 15.13432093 49894
1 47540U 21006EA  21359.58399721  .00003217  00000-0  18341-3 0  9996
2 47540  97.4724  57.4045 0011832 151.5121 208.6759 15.13437130 50023
1 47540U 21006EA  21359.71623075  .00003203  00000-0  18259-3 0  9996
2 47540  97.4723  57.5341 0011863 151.0189 209.1704 15.13437942 50044
1 47540U 21006EA  21360.11293089  .00003057  00000-0  17443-3 0  9991
2 47540  97.4723  57.9230 0011886 149.7598 210.4322 15.13439974 50103
1 47540U 21006EA  21360.31128079  .00003069  00000-0  17512-3 0  9999
2 47540  97.4724  58.1175 0011909 149.1117 211.0818 15.13441208 50135
1 47540U 21006EA  21360.70798030  .00002862  00000-0  16354-3 0  9995
2 47540  97.4725  58.5065 0011938 147.8656 212.3305 15.13442963 50193
1 47540U 21006EA  21361.43526071  .00002784  00000-0  15918-3 0  9998
2 47540  97.4726  59.2196 0011991 145.5550 214.6461 15.13447256 50305
1 47540U 21006EA  21361.76584207  .00002676  00000-0  15310-3 0  9995
2 47540  97.4726  59.5437 0012002 144.5196 215.6836 15.13448976 50357
1 47540U 21006EA  21362.55923516  .00002696  00000-0  15420-3 0  9997
2 47540  97.4726  60.3216 0012055 142.0195 218.1889 15.13454105 50472
1 47540U 21006EA  21362.75758321  .00002623  00000-0  15015-3 0  9999
2 47540  97.4726  60.5161 0012060 141.3844 218.8252 15.13454998 50507
1 47540U 21006EA  21363.55097425  .00002356  00000-0  13521-3 0  9992
2 47540  97.4726  61.2940 0012123 138.8556 221.3592 15.13458456 50623
1 47540U 21006EA  21363.74932177  .00002319  00000-0  13312-3 0  9992
2 47540  97.4726  61.4885 0012135 138.2246 221.9914 15.13459289 50658
1 47540U 21006EA  21364.14601621  .00002235  00000-0  12846-3 0  9992
2 47540  97.4725  61.8774 0012158 136.9831 223.2353 15.13461090 50710
1 47540U 21006EA  21364.60882621  .00002035  00000-0  11725-3 0  9997
2 47540  97.4725  62.3312 0012186 135.5406 224.6806 15.13462541 50785
1 47540U 21006EA  21364.74105751  .00002031  00000-0  11706-3 0  9999
2 47540  97.4724  62.4608 0012191 135.1189 225.1030 15.13463088 50808
1 47540U 21006EA  21365.40221369  .00001711  00000-0  99163-4 0  9995
2 47540  97.4723  63.1089 0012245 133.0705 227.1554 15.13464684 50906
1 47540U 21006EA  21365.60056024  .00001758  00000-0  10176-3 0  9998
2 47540  97.4723  63.3034 0012256 132.4738 227.7531 15.13465651 50938
1 47540U 21006EA  22001.59229172  .00002094  00000-0  12055-3 0  9992
2 47540  97.4720  64.2757 0012284 129.3921 230.8400 15.13470288 51086

