1 47500U 21006CR  21024.66290127 -.00000062  00000-0  00000-0 0  9996
2 47500  97.4900  88.3393 0003900 190.8600 152.1800 15.10431288   311
1 47500U 21006CR  21027.11458090  .00000886  00000-0  55181-4 0  9991
2 47500  97.5125  90.7535 0008370 234.9929 125.0516 15.12099153   682
1 47500U 21006CR  21027.57785232 -.00007303  00000-0 -42139-3 0  9993
2 47500  97.5112  91.2075 0008618 227.9805 132.0693 15.12050996   757
1 47500U 21006CR  21029.89268632  .00000526  00000-0  33954-4 0  9994
2 47500  97.5161  93.4894 0010399 210.5221 149.5405 15.12462895  1102
1 47500U 21006CR  21031.87746235  .00000479  00000-0  31258-4 0  9997
2 47500  97.5155  95.4440 0010599 202.8306 157.2455 15.12465606  1401
1 47500U 21006CR  21032.20825799  .00000520  00000-0  33572-4 0  9996
2 47500  97.5155  95.7697 0010624 201.6836 158.3946 15.12466315  1452
1 47500U 21006CR  21032.40673537  .00000526  00000-0  33921-4 0  9993
2 47500  97.5155  95.9652 0010642 200.9292 159.1504 15.12466608  1480
1 47500U 21006CR  21033.46528066  .00000730  00000-0  45637-4 0  9990
2 47500  97.5154  97.0074 0010725 197.0801 163.0070 15.12469020  1645
1 47500U 21006CR  21033.79607529  .00000928  00000-0  57005-4 0  9999
2 47500  97.5153  97.3331 0010749 195.8786 164.2110 15.12470673  1696
1 47500U 21006CR  21034.45766583  .00000693  00000-0  43526-4 0  9991
2 47500  97.5152  97.9845 0010814 193.5044 166.5899 15.12470065  1791
1 47500U 21006CR  21034.78846037  .00000823  00000-0  50979-4 0  9995
2 47500  97.5151  98.3102 0010843 192.3509 167.7458 15.12471273  1848
1 47500U 21006CR  21034.92077822  .00000785  00000-0  48827-4 0  9995
2 47500  97.5151  98.4405 0010858 191.9064 168.1911 15.12471244  1861
1 47500U 21006CR  21035.45004957  .00000875  00000-0  53990-4 0  9990
2 47500  97.5150  98.9616 0010906 189.9907 170.1108 15.12472525  1949
1 47500U 21006CR  21035.91316203  .00000677  00000-0  42605-4 0  9992
2 47500  97.5149  99.4176 0010956 188.4602 171.6446 15.12472101  2015
1 47500U 21006CR  21036.11163868  .00000655  00000-0  41330-4 0  9992
2 47500  97.5148  99.6130 0010974 187.8331 172.2730 15.12472294  2047
1 47500U 21006CR  21036.44243299  .00000686  00000-0  43116-4 0  9993
2 47500  97.5148  99.9386 0011008 186.6686 173.4400 15.12472957  2090
1 47500U 21006CR  21036.90554487  .00000577  00000-0  36852-4 0  9996
2 47500  97.5147 100.3946 0011045 185.1904 174.9214 15.12473085  2166
1 47500U 21006CR  21037.17018026  .00000549  00000-0  35268-4 0  9999
2 47500  97.5147 100.6551 0011070 184.2741 175.8397 15.12473322  2209
1 47500U 21006CR  21037.89792698  .00000517  00000-0  33398-4 0  9999
2 47500  97.5145 101.3716 0011147 181.7955 178.3238 15.12474255  2312
1 47500U 21006CR  21038.16256212  .00000495  00000-0  32166-4 0  9994
2 47500  97.5145 101.6321 0011172 180.8840 179.2373 15.12474533  2351
1 47500U 21006CR  21038.75799030  .00000773  00000-0  48090-4 0  9991
2 47500  97.5144 102.2183 0011224 178.8997 181.2260 15.12477083  2442
1 47500U 21006CR  21039.15494293  .00000560  00000-0  35867-4 0  9991
2 47500  97.5143 102.6091 0011262 177.5769 182.5518 15.12476448  2509
1 47500U 21006CR  21039.88268888  .00000436  00000-0  28773-4 0  9990
2 47500  97.5142 103.3255 0011336 175.0783 185.0561 15.12476707  2615
1 47500U 21006CR  21040.14732357  .00000434  00000-0  28641-4 0  9990
2 47500  97.5141 103.5861 0011356 174.2033 185.9332 15.12477050  2651
1 47500U 21006CR  21040.54427545  .00000477  00000-0  31082-4 0  9994
2 47500  97.5141 103.9769 0011399 172.8424 187.2972 15.12477795  2715
1 47500U 21006CR  21041.40433784  .00000415  00000-0  27519-4 0  9994
2 47500  97.5140 104.8235 0011481 169.9554 190.1908 15.12478347  2845
1 47500U 21006CR  21041.60281365  .00000426  00000-0  28150-4 0  9996
2 47500  97.5139 105.0189 0011506 169.1992 190.9488 15.12478638  2877
1 47500U 21006CR  21042.13208235  .00000445  00000-0  29262-4 0  9996
2 47500  97.5138 105.5400 0011544 167.5001 192.6519 15.12479254  2950
1 47500U 21006CR  21043.12446056  .00000533  00000-0  34296-4 0  9992
2 47500  97.5135 106.5169 0011648 164.1997 195.9599 15.12480626  3109
1 47500U 21006CR  21043.45525325  .00000487  00000-0  31690-4 0  9998
2 47500  97.5135 106.8425 0011669 163.0970 197.0652 15.12480757  3152
1 47500U 21006CR  21043.91836274  .00000480  00000-0  31269-4 0  9992
2 47500  97.5133 107.2984 0011713 161.6350 198.5306 15.12481176  3227
1 47500U 21006CR  21044.31531340  .00000585  00000-0  37326-4 0  9999
2 47500  97.5133 107.6892 0011743 160.3549 199.8137 15.12482225  3286
1 47500U 21006CR  21044.91073919  .00000597  00000-0  38002-4 0  9993
2 47500  97.5131 108.2753 0011788 158.4728 201.7001 15.12483012  3371
1 47500U 21006CR  21045.44000659  .00000515  00000-0  33264-4 0  9998
2 47500  97.5130 108.7963 0011836 156.8075 203.3692 15.12483166  3452
1 47500U 21006CR  21046.43238216  .00000442  00000-0  29076-4 0  9995
2 47500  97.5129 109.7731 0011910 153.7041 206.4797 15.12484005  3606
1 47500U 21006CR  21046.89549040  .00000429  00000-0  28333-4 0  9995
2 47500  97.5128 110.2290 0011942 152.2594 207.9276 15.12484571  3677
1 47500U 21006CR  21047.09396543  .00000416  00000-0  27571-4 0  9995
2 47500  97.5128 110.4243 0011959 151.6291 208.5593 15.12484743  3706
1 47500U 21006CR  21047.42475686  .00000487  00000-0  31687-4 0  9999
2 47500  97.5127 110.7500 0011992 150.5395 209.6514 15.12485580  3754
1 47500U 21006CR  21048.41713078  .00000434  00000-0  28615-4 0  9998
2 47500  97.5126 111.7268 0012070 147.3912 212.8067 15.12486638  3903
1 47500U 21006CR  21048.81407999  .00000503  00000-0  32558-4 0  9992
2 47500  97.5126 112.1175 0012099 146.1181 214.0825 15.12487565  3963
1 47500U 21006CR  21049.34334554  .00000476  00000-0  31040-4 0  9991
2 47500  97.5126 112.6385 0012148 144.4282 215.7760 15.12488100  4041
1 47500U 21006CR  21049.80645281  .00000474  00000-0  30907-4 0  9993
2 47500  97.5125 113.0943 0012179 142.9423 217.2651 15.12488606  4114
1 47500U 21006CR  21050.33571794  .00000496  00000-0  32153-4 0  9999
2 47500  97.5125 113.6153 0012223 141.2600 218.9509 15.12489329  4193
1 47500U 21006CR  21051.12961520  .00000535  00000-0  34424-4 0  9994
2 47500  97.5123 114.3967 0012277 138.7520 221.4640 15.12490400  4314
1 47500U 21006CR  21051.59272128  .00000603  00000-0  38311-4 0  9999
2 47500  97.5123 114.8525 0012313 137.2925 222.9265 15.12491397  4385
1 47500U 21006CR  21052.45277440  .00000780  00000-0  48446-4 0  9993
2 47500  97.5120 115.6990 0012361 134.6234 225.6007 15.12493677  4516
1 47500U 21006CR  21052.78356379  .00000827  00000-0  51137-4 0  9991
2 47500  97.5119 116.0246 0012375 133.6046 226.6214 15.12494493  4561
1 47500U 21006CR  21053.11435299  .00000884  00000-0  54450-4 0  9992
2 47500  97.5118 116.3501 0012387 132.6014 227.6264 15.12495394  4617
1 47500U 21006CR  21053.77593095  .00000937  00000-0  57445-4 0  9999
2 47500  97.5117 117.0013 0012419 130.5865 229.6448 15.12496943  4717
1 47500U 21006CR  21054.43750842  .00000937  00000-0  57438-4 0  9990
2 47500  97.5116 117.6524 0012440 128.6028 231.6318 15.12498233  4816
1 47500U 21006CR  21054.76829687  .00000918  00000-0  56357-4 0  9998
2 47500  97.5115 117.9779 0012452 127.6047 232.6316 15.12498845  4866
1 47500U 21006CR  21054.96676975  .00000982  00000-0  60050-4 0  9996
2 47500  97.5114 118.1733 0012461 127.0204 233.2169 15.12499636  4892
1 47500U 21006CR  21055.42987322  .00000934  00000-0  57291-4 0  9999
2 47500  97.5114 118.6290 0012476 125.6280 234.6114 15.12500390  4962
1 47500U 21006CR  21056.42223606  .00001025  00000-0  62486-4 0  9992
2 47500  97.5112 119.6057 0012511 122.5697 237.6743 15.12503333  5119
1 47500U 21006CR  21056.62070856  .00000959  00000-0  58726-4 0  9998
2 47500  97.5111 119.8010 0012521 121.9873 238.2576 15.12503475  5140
1 47500U 21006CR  21057.41459765  .00000934  00000-0  57296-4 0  9990
2 47500  97.5110 120.5824 0012553 119.5499 240.6984 15.12505241  5269
1 47500U 21006CR  21057.81154207  .00000920  00000-0  56455-4 0  9998
2 47500  97.5109 120.9730 0012577 118.3164 241.9337 15.12506029  5327
1 47500U 21006CR  21058.40695836  .00000843  00000-0  52048-4 0  9990
2 47500  97.5108 121.5590 0012616 116.5012 243.7514 15.12506828  5417
1 47500U 21006CR  21058.80390244  .00000778  00000-0  48336-4 0  9991
2 47500  97.5107 121.9496 0012634 115.2876 244.9665 15.12507193  5471
1 47500U 21006CR  21059.13468911  .00000710  00000-0  44410-4 0  9990
2 47500  97.5107 122.2752 0012645 114.2882 245.9671 15.12507372  5521
1 47500U 21006CR  21059.33316080  .00000766  00000-0  47652-4 0  9993
2 47500  97.5107 122.4705 0012657 113.6827 246.5733 15.12508069  5559
1 47500U 21006CR  21059.79626171  .00000729  00000-0  45545-4 0  9996
2 47500  97.5106 122.9263 0012676 112.2712 247.9865 15.12508613  5625
1 47500U 21006CR  21060.12704789  .00000723  00000-0  45187-4 0  9993
2 47500  97.5105 123.2518 0012685 111.2763 248.9824 15.12509115  5675
1 47500U 21006CR  21060.59014796  .00000831  00000-0  51384-4 0  9992
2 47500  97.5104 123.7076 0012702 109.8689 250.3912 15.12510544  5749
1 47500U 21006CR  21060.92093364  .00000839  00000-0  51810-4 0  9999
2 47500  97.5103 124.0331 0012707 108.8538 251.4072 15.12511136  5795
1 47500U 21006CR  21061.78097571  .00000858  00000-0  52880-4 0  9997
2 47500  97.5101 124.8795 0012725 106.2487 254.0145 15.12512787  5928
1 47500U 21006CR  21062.44254528  .00000983  00000-0  60051-4 0  9996
2 47500  97.5100 125.5305 0012725 104.2787 255.9858 15.12514838  6025
1 47500U 21006CR  21062.77332979  .00001044  00000-0  63570-4 0  9997
2 47500  97.5099 125.8560 0012723 103.2777 256.9873 15.12515897  6073
1 47500U 21006CR  21063.10411430  .00001015  00000-0  61886-4 0  9991
2 47500  97.5098 126.1815 0012717 102.2749 257.9907 15.12516426  6124
1 47500U 21006CR  21063.43489858  .00001025  00000-0  62497-4 0  9996
2 47500  97.5098 126.5070 0012714 101.2950 258.9710 15.12517197  6175
1 47500U 21006CR  21063.83183979  .00000928  00000-0  56916-4 0  9995
2 47500  97.5097 126.8976 0012707 100.0902 260.1763 15.12517474  6236
1 47500U 21006CR  21064.42725093  .00000924  00000-0  56692-4 0  9997
2 47500  97.5096 127.4834 0012707  98.2883 261.9790 15.12518762  6321
1 47500U 21006CR  21064.75803479  .00000881  00000-0  54234-4 0  9990
2 47500  97.5096 127.8089 0012704  97.2898 262.9777 15.12519252  6375
1 47500U 21006CR  21065.41960171  .00000881  00000-0  54225-4 0  9997
2 47500  97.5095 128.4599 0012698  95.2920 264.9760 15.12520756  6479
1 47500U 21006CR  21065.94885486  .00000873  00000-0  53782-4 0  9998
2 47500  97.5094 128.9807 0012702  93.7102 266.5581 15.12521901  6557
1 47500U 21006CR  21066.41194903  .00000874  00000-0  53806-4 0  9996
2 47500  97.5093 129.4364 0012720  92.2552 268.0136 15.12525740  6629
1 47500U 21006CR  21066.80888777  .00000849  00000-0  52344-4 0  9996
2 47500  97.5092 129.8270 0012717  91.0377 269.2311 15.12526517  6683
1 47500U 21006CR  21067.13966965  .00000850  00000-0  52441-4 0  9999
2 47500  97.5091 130.1525 0012719  90.0197 270.2491 15.12527518  6730
1 47500U 21006CR  21067.40429536  .00000814  00000-0  50386-4 0  9993
2 47500  97.5091 130.4129 0012727  89.2600 271.0089 15.12527828  6771
1 47500U 21006CR  21067.80123342  .00000852  00000-0  52553-4 0  9993
2 47500  97.5090 130.8035 0012729  88.0604 272.2084 15.12528757  6830
1 47500U 21006CR  21069.12435635  .00000839  00000-0  51762-4 0  9997
2 47500  97.5087 132.1051 0012710  84.1463 276.1216 15.12533226  7039
1 47500U 21006CR  21069.45513721  .00000723  00000-0  45149-4 0  9990
2 47500  97.5087 132.4307 0012700  83.1511 277.1164 15.12533332  7084
1 47500U 21006CR  21069.91823002  .00000736  00000-0  45869-4 0  9990
2 47500  97.5085 132.8863 0012690  81.7744 278.4925 15.12533889  7157
1 47500U 21006CR  21070.44747861  .00000862  00000-0  53122-4 0  9999
2 47500  97.5084 133.4071 0012667  80.1520 280.1141 15.12534882  7236
1 47500U 21006CR  21070.77825874  .00000838  00000-0  51738-4 0  9990
2 47500  97.5083 133.7325 0012649  79.1584 281.1070 15.12535380  7289
1 47500U 21006CR  21071.17519494  .00000762  00000-0  47369-4 0  9994
2 47500  97.5082 134.1231 0012628  77.9644 282.3001 15.12535613  7342
1 47500U 21006CR  21071.77059859  .00000777  00000-0  48241-4 0  9990
2 47500  97.5080 134.7088 0012608  76.1545 284.1087 15.12536793  7439
1 47500U 21006CR  21072.43215754  .00000781  00000-0  48482-4 0  9994
2 47500  97.5079 135.3597 0012577  74.1544 286.1072 15.12538096  7536
1 47500U 21006CR  21072.82909247  .00000816  00000-0  50463-4 0  9995
2 47500  97.5078 135.7502 0012555  72.9270 287.3335 15.12539097  7596
1 47500U 21006CR  21073.49065008  .00000932  00000-0  57107-4 0  9998
2 47500  97.5077 136.4010 0012521  70.9068 289.3518 15.12541145  7696
1 47500U 21006CR  21074.15220728  .00000946  00000-0  57896-4 0  9994
2 47500  97.5076 137.0519 0012491  68.8625 291.3939 15.12542614  7790
1 47500U 21006CR  21074.41682997  .00000966  00000-0  59047-4 0  9995
2 47500  97.5076 137.3122 0012483  68.0763 292.1793 15.12543274  7834
1 47500U 21006CR  21074.74760822  .00000961  00000-0  58790-4 0  9994
2 47500  97.5075 137.6376 0012472  67.0624 293.1921 15.12543959  7889
1 47500U 21006CR  21075.40916476  .00000884  00000-0  54349-4 0  9996
2 47500  97.5074 138.2885 0012446  65.0789 295.1734 15.12544748  7983
1 47500U 21006CR  21075.87225395  .00000863  00000-0  53152-4 0  9998
2 47500  97.5073 138.7440 0012424  63.6555 296.5950 15.12545461  8052
1 47500U 21006CR  21076.13687612  .00000867  00000-0  53389-4 0  9998
2 47500  97.5072 139.0043 0012410  62.8456 297.4039 15.12545996  8095
1 47500U 21006CR  21077.12920874  .00000842  00000-0  51973-4 0  9998
2 47500  97.5071 139.9806 0012357  59.8161 300.4293 15.12547597  8242
1 47500U 21006CR  21077.72460529  .00001093  00000-0  66331-4 0  9993
2 47500  97.5070 140.5663 0012350  58.0190 302.2239 15.12550736  8335
1 47500U 21006CR  21078.12153722  .00001055  00000-0  64164-4 0  9992
2 47500  97.5069 140.9568 0012327  56.7953 303.4458 15.12551345  8396
1 47500U 21006CR  21078.71693323  .00001313  00000-0  78888-4 0  9998
2 47500  97.5067 141.5424 0012302  54.9280 305.3102 15.12554412  8483
1 47500U 21006CR  21079.44463892  .00001379  00000-0  82690-4 0  9993
2 47500  97.5067 142.2583 0012195  52.6095 307.6244 15.12556737  8592
1 47500U 21006CR  21079.70925774  .00001737  00000-0  10319-3 0  9990
2 47500  97.5065 142.5186 0012230  51.7805 308.4525 15.12559815  8637
1 47500U 21006CR  21080.10618569  .00001960  00000-0  11593-3 0  9990
2 47500  97.5065 142.9090 0012168  50.3570 309.8733 15.12562701  8699
1 47500U 21006CR  21080.17234011  .00002105  00000-0  12426-3 0  9991
2 47500  97.5065 142.9741 0012159  50.0636 310.1661 15.12563757  8701
1 47500U 21006CR  21080.70157772  .00003005  00000-0  17575-3 0  9998
2 47500  97.5062 143.4949 0012129  48.9765 311.2512 15.12568986  8784
1 47500U 21006CR  21081.16465754  .00003508  00000-0  20452-3 0  9997
2 47500  97.5063 143.9506 0012058  47.4393 312.7854 15.12574069  8853
1 47500U 21006CR  21081.36312003  .00003703  00000-0  21562-3 0  9997
2 47500  97.5064 144.1458 0012049  46.8395 313.3841 15.12576222  8887
1 47500U 21006CR  21081.62773671  .00003487  00000-0  20327-3 0  9995
2 47500  97.5064 144.4061 0012033  45.9882 314.2338 15.12577568  8924
1 47500U 21006CR  21082.42158467  .00002848  00000-0  16671-3 0  9991
2 47500  97.5064 145.1871 0011986  43.6198 316.5978 15.12582515  9049
1 47500U 21006CR  21082.55389220  .00003156  00000-0  18433-3 0  9999
2 47500  97.5063 145.3173 0011999  43.2492 316.9679 15.12584403  9064
1 47500U 21006CR  21082.88466113  .00003008  00000-0  17585-3 0  9995
2 47500  97.5062 145.6427 0011962  42.1467 318.0681 15.12586180  9114
1 47500U 21006CR  21083.21542969  .00002835  00000-0  16592-3 0  9991
2 47500  97.5062 145.9680 0011923  41.0859 319.1267 15.12587933  9162
1 47500U 21006CR  21083.74465845  .00002986  00000-0  17457-3 0  9994
2 47500  97.5061 146.4886 0011864  39.3144 320.8946 15.12591421  9245
1 47500U 21006CR  21084.40619451  .00002733  00000-0  16007-3 0  9992
2 47500  97.5059 147.1393 0011814  37.2184 322.9864 15.12593639  9345
1 47500U 21006CR  21085.72926142  .00003013  00000-0  17605-3 0  9993
2 47500  97.5056 148.4406 0011682  32.8689 327.3266 15.12600626  9547
1 47500U 21006CR  21085.92772076  .00003135  00000-0  18306-3 0  9994
2 47500  97.5055 148.6358 0011656  32.1778 328.0162 15.12601949  9572
1 47500U 21006CR  21086.45694495  .00003199  00000-0  18667-3 0  9991
2 47500  97.5053 149.1563 0011595  30.4717 329.7185 15.12604969  9657
1 47500U 21006CR  21086.92001515  .00003302  00000-0  19258-3 0  9991
2 47500  97.5051 149.6118 0011548  28.9247 331.2622 15.12607862  9721
1 47500U 21006CR  21087.11847341  .00003540  00000-0  20614-3 0  9990
2 47500  97.5051 149.8070 0011524  28.2072 331.9781 15.12609769  9757
1 47500U 21006CR  21087.44923684  .00003765  00000-0  21903-3 0  9992
2 47500  97.5050 150.1324 0011505  27.2189 332.9642 15.12612516  9807
1 47500U 21006CR  21087.71384708  .00003796  00000-0  22076-3 0  9996
2 47500  97.5049 150.3926 0011480  26.3513 333.8300 15.12614542  9844
1 47500U 21006CR  21088.24306714  .00003315  00000-0  19327-3 0  9998
2 47500  97.5047 150.9132 0011427  24.6188 335.5586 15.12616643  9925
1 47500U 21006CR  21088.90459046  .00002883  00000-0  16857-3 0  9992
2 47500  97.5045 151.5639 0011362  22.4723 337.7003 15.12619743 10026
1 47500U 21006CR  21089.43380789  .00002782  00000-0  16279-3 0  9994
2 47500  97.5044 152.0844 0011314  20.7352 339.4336 15.12622852 10107
1 47500U 21006CR  21089.89687254  .00002454  00000-0  14401-3 0  9992
2 47500  97.5042 152.5399 0011274  19.1666 340.9986 15.12624532 10172
1 47500U 21006CR  21090.22763256  .00002373  00000-0  13941-3 0  9996
2 47500  97.5042 152.8652 0011242  18.0586 342.1042 15.12626175 10229
1 47500U 21006CR  21090.88915144  .00002351  00000-0  13813-3 0  9997
2 47500  97.5040 153.5159 0011181  15.8686 344.2893 15.12629573 10328
1 47500U 21006CR  21091.21991034  .00002511  00000-0  14725-3 0  9998
2 47500  97.5039 153.8412 0011153  14.7271 345.4282 15.12631811 10376
1 47500U 21006CR  21091.74912399  .00002559  00000-0  15000-3 0  9992
2 47500  97.5038 154.3618 0011095  12.9386 347.2128 15.12634506 10453
1 47500U 21006CR  21092.07988251  .00002351  00000-0  13807-3 0  9992
2 47500  97.5038 154.6871 0011063  11.7925 348.3563 15.12635198 10507
1 47500U 21006CR  21092.41064067  .00002221  00000-0  13066-3 0  9993
2 47500  97.5037 155.0125 0011026  10.6908 349.4555 15.12636152 10550
1 47500U 21006CR  21092.93985281  .00002415  00000-0  14176-3 0  9998
2 47500  97.5037 155.5331 0010973   8.8182 351.3239 15.12638966 10632
1 47500U 21006CR  21093.13830714  .00002431  00000-0  14263-3 0  9996
2 47500  97.5037 155.7282 0010955   8.1174 352.0232 15.12639928 10666
1 47500U 21006CR  21093.20445860  .00002395  00000-0  14062-3 0  9994
2 47500  97.5037 155.7933 0010945   7.8818 352.2583 15.12640086 10678
1 47500U 21006CR  21093.73366948  .00002472  00000-0  14499-3 0  9991
2 47500  97.5036 156.3138 0010881   6.0544 354.0816 15.12642600 10759
1 47500U 21006CR  21094.13057727  .00002389  00000-0  14024-3 0  9999
2 47500  97.5036 156.7042 0010842   4.6354 355.4975 15.12643952 10816
1 47500U 21006CR  21094.59363575  .00002377  00000-0  13958-3 0  9992
2 47500  97.5036 157.1597 0010784   3.0266 357.1028 15.12645842 10881
1 47500U 21006CR  21095.65205272  .00002220  00000-0  13057-3 0  9996
2 47500  97.5036 158.2007 0010662 359.2691   0.8523 15.12649894 11044
1 47500U 21006CR  21095.71820364  .00002282  00000-0  13409-3 0  9997
2 47500  97.5035 158.2657 0010657 359.0267   1.0941 15.12650375 11059
1 47500U 21006CR  21096.11510892  .00002303  00000-0  13528-3 0  9990
2 47500  97.5035 158.6561 0010616 357.5969   2.5209 15.12652286 11117
1 47500U 21006CR  21096.71046596  .00002203  00000-0  12958-3 0  9996
2 47500  97.5035 159.2416 0010559 355.5948   4.5188 15.12654866 11208
1 47500U 21006CR  21097.04121952  .00002068  00000-0  12189-3 0  9998
2 47500  97.5034 159.5669 0010524 354.4317   5.6795 15.12655949 11254
1 47500U 21006CR  21097.76887592  .00001950  00000-0  11512-3 0  9994
2 47500  97.5034 160.2825 0010453 351.8883   8.2177 15.12659132 11360
1 47500U 21006CR  21098.16577810  .00002536  00000-0  14858-3 0  9995
2 47500  97.5033 160.6728 0010421 350.4351   9.6680 15.12663178 11421
1 47500U 21006CR  21098.76113130  .00002126  00000-0  12518-3 0  9998
2 47500  97.5032 161.2583 0010360 348.3278  11.7711 15.12664797 11519
1 47500U 21006CR  21098.95958218  .00002014  00000-0  11879-3 0  9998
2 47500  97.5031 161.4535 0010338 347.6204  12.4771 15.12665336 11540
1 47500U 21006CR  21099.42263372  .00001922  00000-0  11348-3 0  9999
2 47500  97.5031 161.9089 0010293 345.9492  14.1451 15.12667212 11616
1 47500U 21006CR  21099.75338463  .00001786  00000-0  10574-3 0  9997
2 47500  97.5030 162.2341 0010264 344.7151  15.3768 15.12668202 11666
1 47500U 21006CR  21100.15028531  .00001776  00000-0  10514-3 0  9999
2 47500  97.5029 162.6244 0010230 343.2391  16.8500 15.12669799 11722
1 47500U 21006CR  21100.41488580  .00001610  00000-0  95684-4 0  9991
2 47500  97.5028 162.8846 0010201 342.2168  17.8704 15.12670184 11761
1 47500U 21006CR  21100.74563614  .00001640  00000-0  97409-4 0  9999
2 47500  97.5027 163.2099 0010173 340.9791  19.1058 15.12671421 11818
1 47500U 21006CR  21101.40713603  .00001878  00000-0  11099-3 0  9991
2 47500  97.5025 163.8604 0010108 338.5037  21.5768 15.12674299 11910
1 47500U 21006CR  21101.60558582  .00002025  00000-0  11938-3 0  9993
2 47500  97.5025 164.0555 0010090 337.7555  22.3237 15.12675413 11946
1 47500U 21006CR  21101.73788564  .00002061  00000-0  12140-3 0  9998
2 47500  97.5024 164.1856 0010080 337.2667  22.8116 15.12675906 11968
1 47500U 21006CR  21102.13478493  .00001807  00000-0  10694-3 0  9999
2 47500  97.5023 164.5759 0010053 335.7396  24.3360 15.12676312 12023
1 47500U 21006CR  21103.06088113  .00002389  00000-0  14013-3 0  9993
2 47500  97.5020 165.4866 0009967 332.2310  27.8388 15.12681286 12168
1 47500U 21006CR  21104.25157142  .00002066  00000-0  12166-3 0  9993
2 47500  97.5021 166.6575 0009902 327.8547  32.2079 15.12686424 12346
1 47500U 21006CR  21105.24381142  .00002995  00000-0  17465-3 0  9990
2 47500  97.5015 167.6332 0009780 323.8344  36.2224 15.12693135 12495
1 47500U 21006CR  21105.70685510  .00002744  00000-0  16035-3 0  9991
2 47500  97.5014 168.0886 0009747 322.0487  38.0056 15.12694872 12565
1 47500U 21006CR  21106.43449401  .00002115  00000-0  12444-3 0  9991
2 47500  97.5014 168.8041 0009688 319.2337  40.8168 15.12696697 12676
1 47500U 21006CR  21106.76523814  .00002021  00000-0  11910-3 0  9991
2 47500  97.5013 169.1294 0009663 317.9731  42.0758 15.12698272 12721
1 47500U 21006CR  21107.42672441  .00002206  00000-0  12959-3 0  9995
2 47500  97.5012 169.7798 0009621 315.2739  44.7716 15.12702903 12829
1 47500U 21006CR  21107.88976230  .00002880  00000-0  16806-3 0  9991
2 47500  97.5011 170.2351 0009616 313.5454  46.4978 15.12708666 12897
1 47500U 21006CR  21108.15435576  .00002728  00000-0  15939-3 0  9992
2 47500  97.5010 170.4953 0009596 312.5126  47.5293 15.12709971 12935
1 47500U 21006CR  21108.22050398  .00002751  00000-0  16068-3 0  9995
2 47500  97.5010 170.5603 0009589 312.2566  47.7851 15.12710523 12943
1 47500U 21006CR  21108.74968894  .00003175  00000-0  18484-3 0  9996
2 47500  97.5008 171.0807 0009523 310.2063  49.8334 15.12716304 13022
1 47500U 21006CR  21109.21272470  .00003294  00000-0  19163-3 0  9994
2 47500  97.5007 171.5361 0009502 308.3536  51.6840 15.12720228 13091
1 47500U 21006CR  21109.94035002  .00003362  00000-0  19547-3 0  9994
2 47500  97.5007 172.2517 0009483 305.3948  54.6396 15.12726010 13201
1 47500U 21006CR  21110.33723564  .00003336  00000-0  19396-3 0  9999
2 47500  97.5008 172.6420 0009474 303.7781  56.2547 15.12728827 13266
1 47500U 21006CR  21110.73412051  .00003471  00000-0  20166-3 0  9996
2 47500  97.5009 173.0323 0009478 302.1095  57.9216 15.12731938 13324
1 47500U 21006CR  21111.39559373  .00003517  00000-0  20426-3 0  9998
2 47500  97.5009 173.6827 0009468 299.3587  60.6698 15.12736529 13428
1 47500U 21006CR  21111.72632954  .00003488  00000-0  20258-3 0  9992
2 47500  97.5009 174.0080 0009464 297.9765  62.0507 15.12738858 13479
1 47500U 21006CR  21112.38779995  .00003255  00000-0  18925-3 0  9992
2 47500  97.5010 174.6585 0009447 295.3541  64.6711 15.12742817 13578
1 47500U 21006CR  21112.71853436  .00003161  00000-0  18388-3 0  9991
2 47500  97.5010 174.9837 0009427 294.0107  66.0137 15.12745001 13625
1 47500U 21006CR  21113.11541509  .00003161  00000-0  18387-3 0  9990
2 47500  97.5011 175.3739 0009406 292.4654  67.5581 15.12747734 13688
1 47500U 21006CR  21113.71073518  .00002863  00000-0  16692-3 0  9991
2 47500  97.5010 175.9592 0009365 290.0670  69.9553 15.12750554 13775
1 47500U 21006CR  21114.10761441  .00002731  00000-0  15938-3 0  9990
2 47500  97.5009 176.3495 0009356 288.4829  71.5384 15.12752726 13838
1 47500U 21006CR  21114.43834647  .00002804  00000-0  16353-3 0  9998
2 47500  97.5009 176.6746 0009339 287.1199  72.9008 15.12755133 13885
1 47500U 21006CR  21114.90137058  .00002902  00000-0  16908-3 0  9997
2 47500  97.5007 177.1299 0009334 285.1603  74.8596 15.12758457 13958
1 47500U 21006CR  21115.16595589  .00002678  00000-0  15632-3 0  9996
2 47500  97.5007 177.3900 0009311 284.1613  75.8583 15.12759314 13998
1 47500U 21006CR  21115.43054092  .00002502  00000-0  14628-3 0  9995
2 47500  97.5006 177.6502 0009296 283.0717  76.9476 15.12760189 14034
1 47500U 21006CR  21115.76127219  .00002481  00000-0  14508-3 0  9996
2 47500  97.5006 177.9755 0009331 281.7538  78.2646 15.12761687 14086
1 47500U 21006CR  21116.15814938  .00002157  00000-0  12661-3 0  9999
2 47500  97.5004 178.3657 0009304 280.1227  79.8954 15.12762501 14140
1 47500U 21006CR  21116.62117166  .00002250  00000-0  13188-3 0  9999
2 47500  97.5003 178.8210 0009302 278.2046  81.8130 15.12765064 14218
1 47500U 21006CR  21117.41492522  .00001576  00000-0  93515-4 0  9992
2 47500  97.5001 179.6015 0009312 274.9602  85.0566 15.12765296 14339
1 47500U 21006CR  21117.74565469  .00001790  00000-0  10569-3 0  9994
2 47500  97.4999 179.9267 0009283 273.7025  86.3144 15.12767331 14382
1 47500U 21006CR  21118.14253005  .00001876  00000-0  11057-3 0  9997
2 47500  97.4998 180.3169 0009285 272.1264  87.8904 15.12768966 14440
1 47500U 21006CR  21118.80398891  .00001655  00000-0  98010-4 0  9993
2 47500  97.4995 180.9673 0009282 269.3627  90.6541 15.12770162 14542
1 47500U 21006CR  21119.13471807  .00001739  00000-0  10278-3 0  9991
2 47500  97.5002 181.2925 0009330 268.1779  91.8384 15.12771609 14595
1 47500U 21006CR  21119.20086432  .00001579  00000-0  93661-4 0  9995
2 47500  97.5003 181.3575 0009374 267.9147  92.1010 15.12770836 14605
1 47500U 21006CR  21119.86232203  .00001503  00000-0  89335-4 0  9996
2 47500  97.5001 182.0078 0009346 265.2138  94.8025 15.12772482 14704
1 47500U 21006CR  21120.12690464  .00001494  00000-0  88821-4 0  9992
2 47500  97.5001 182.2680 0009361 264.0887  95.9277 15.12773308 14743
1 47500U 21006CR  21120.58992445  .00001373  00000-0  81897-4 0  9998
2 47500  97.5000 182.7233 0009381 262.1834  97.8332 15.12773991 14813
1 47500U 21006CR  21121.11908743  .00001550  00000-0  91997-4 0  9995
2 47500  97.5000 183.2436 0009472 259.9513 100.0649 15.12776988 14898
1 47500U 21006CR  21121.71439678  .00001539  00000-0  91333-4 0  9998
2 47500  97.4999 183.8290 0009483 257.6056 102.4114 15.12778782 14984
1 47500U 21006CR  21122.44199389  .00001820  00000-0  10734-3 0  9999
2 47500  97.4997 184.5442 0009418 254.6859 105.3331 15.12783309 15092
1 47500U 21006CR  21122.70657445  .00001870  00000-0  11017-3 0  9990
2 47500  97.4996 184.8043 0009443 253.6128 106.4065 15.12784644 15131
1 47500U 21006CR  21123.10344603  .00001758  00000-0  10384-3 0  9995
2 47500  97.4994 185.1945 0009414 252.1354 107.8850 15.12785349 15193
1 47500U 21006CR  21123.43417161  .00001751  00000-0  10344-3 0  9990
2 47500  97.4994 185.5196 0009451 250.7241 109.2968 15.12786483 15247
1 47500U 21006CR  21124.16176717  .00001645  00000-0  97353-4 0  9998
2 47500  97.4993 186.2350 0009495 247.8771 112.1452 15.12788536 15353
1 47500U 21006CR  21124.42634736  .00001572  00000-0  93201-4 0  9994
2 47500  97.4993 186.4952 0009506 246.7932 113.2298 15.12789005 15399
1 47500U 21006CR  21125.41852241  .00001280  00000-0  76576-4 0  9999
2 47500  97.4992 187.4707 0009566 242.7714 117.2543 15.12790540 15547
1 47500U 21006CR  21126.14611674  .00001158  00000-0  69617-4 0  9995
2 47500  97.4991 188.1861 0009604 239.8529 120.1751 15.12791971 15654
1 47500U 21006CR  21127.13829036  .00000947  00000-0  57605-4 0  9997
2 47500  97.4990 189.1615 0009658 235.8997 124.1318 15.12793107 15808
1 47500U 21006CR  21127.33672495  .00000960  00000-0  58377-4 0  9996
2 47500  97.4991 189.3566 0009684 235.1381 124.8940 15.12793565 15834
1 47500U 21006CR  21127.93202881  .00000834  00000-0  51188-4 0  9993
2 47500  97.4991 189.9419 0009760 232.8134 127.2207 15.12793859 15921
1 47500U 21006CR  21128.39504242  .00000811  00000-0  49886-4 0  9997
2 47500  97.4991 190.3972 0009774 231.0477 128.9884 15.12794555 15997
1 47500U 21006CR  21128.92420027  .00000850  00000-0  52087-4 0  9994
2 47500  97.4988 190.9174 0009784 228.9288 131.1098 15.12795726 16073
1 47500U 21006CR  21129.12263429  .00000878  00000-0  53697-4 0  9996
2 47500  97.4988 191.1125 0009798 228.1784 131.8610 15.12796275 16101
1 47500U 21006CR  21129.45335777  .00000881  00000-0  53833-4 0  9994
2 47500  97.4987 191.4377 0009818 226.8802 133.1609 15.12796842 16159
1 47500U 21006CR  21129.71793646  .00000887  00000-0  54211-4 0  9993
2 47500  97.4987 191.6978 0009840 225.8769 134.1653 15.12797334 16195
1 47500U 21006CR  21130.44552719  .00000937  00000-0  57056-4 0  9995
2 47500  97.4986 192.4131 0009900 223.0939 136.9518 15.12798910 16304
1 47500U 21006CR  21130.71010541  .00000947  00000-0  57593-4 0  9994
2 47500  97.4985 192.6732 0009914 222.1056 137.9414 15.12799494 16345
1 47500U 21006CR  21130.90853893  .00000978  00000-0  59367-4 0  9995
2 47500  97.4985 192.8682 0009927 221.3734 138.6746 15.12800065 16375
1 47500U 21006CR  21131.17311646  .00001145  00000-0  68847-4 0  9990
2 47500  97.4984 193.1283 0009951 220.4813 139.5678 15.12801673 16415
1 47500U 21006CR  21131.76841668  .00001084  00000-0  65409-4 0  9990
2 47500  97.4984 193.7135 0010020 218.2763 141.7758 15.12802629 16501
1 47500U 21006CR  21131.90070566  .00001020  00000-0  61750-4 0  9992
2 47500  97.4984 193.8435 0010032 217.8051 142.2476 15.12802538 16527
1 47500U 21006CR  21132.49600511  .00001383  00000-0  82396-4 0  9997
2 47500  97.4984 194.4288 0010080 215.6012 144.4547 15.12805889 16611
1 47500U 21006CR  21132.69443808  .00001374  00000-0  81882-4 0  9992
2 47500  97.4983 194.6238 0010099 214.8838 145.1732 15.12806370 16647
1 47500U 21006CR  21133.75274696  .00001098  00000-0  66158-4 0  9999
2 47500  97.4982 195.6642 0010201 210.8906 149.1726 15.12807500 16804
1 47500U 21006CR  21134.48033345  .00000950  00000-0  57776-4 0  9996
2 47500  97.4982 196.3795 0010268 208.1333 151.9345 15.12808415 16914
1 47500U 21006CR  21134.94334287  .00000879  00000-0  53689-4 0  9995
2 47500  97.4982 196.8346 0010316 206.4165 153.6541 15.12809011 16986
1 47500U 21006CR  21135.14177533  .00000860  00000-0  52632-4 0  9994
2 47500  97.4982 197.0296 0010334 205.6924 154.3795 15.12809363 17011
1 47500U 21006CR  21135.80321645  .00000846  00000-0  51845-4 0  9991
2 47500  97.4982 197.6799 0010384 203.2042 156.8721 15.12810671 17116
1 47500U 21006CR  21136.33236917  .00000785  00000-0  48379-4 0  9997
2 47500  97.4981 198.2002 0010434 201.2350 158.8449 15.12811369 17197
1 47500U 21006CR  21136.72923346  .00000792  00000-0  48760-4 0  9991
2 47500  97.4981 198.5903 0010474 199.8071 160.2755 15.12812119 17254
1 47500U 21006CR  21137.91982522  .00000770  00000-0  47511-4 0  9993
2 47500  97.4979 199.7607 0010582 195.5045 164.5863 15.12814081 17436
1 47500U 21006CR  21138.11825698  .00000765  00000-0  47200-4 0  9995
2 47500  97.4979 199.9557 0010604 194.8142 165.2780 15.12814432 17466
1 47500U 21006CR  21138.38283246  .00000804  00000-0  49438-4 0  9990
2 47500  97.4979 200.2158 0010625 193.8429 166.2512 15.12815171 17509
1 47500U 21006CR  21138.77969519  .00000916  00000-0  55819-4 0  9991
2 47500  97.4978 200.6059 0010662 192.4858 167.6111 15.12816673 17568
1 47500U 21006CR  21139.44113325  .00000900  00000-0  54870-4 0  9991
2 47500  97.4978 201.2562 0010737 190.2007 169.9007 15.12817905 17668
1 47500U 21006CR  21139.50727698  .00000939  00000-0  57087-4 0  9997
2 47500  97.4977 201.3212 0010743 189.9826 170.1193 15.12818261 17678
1 47500U 21006CR  21139.83799578  .00000894  00000-0  54535-4 0  9994
2 47500  97.4977 201.6463 0010776 188.8843 171.2199 15.12818681 17722
1 47500U 21006CR  21140.43328870  .00000946  00000-0  57508-4 0  9996
2 47500  97.4977 202.2314 0010846 186.9102 173.1981 15.12820347 17811
1 47500U 21006CR  21140.76400682  .00000982  00000-0  59533-4 0  9994
2 47500  97.4977 202.5565 0010868 185.7814 174.3293 15.12821331 17861
1 47500U 21006CR  21141.88844240  .00001344  00000-0  80093-4 0  9998
2 47500  97.4975 203.6618 0010964 181.9541 178.1649 15.12827491 18032
1 47500U 21006CR  21142.15301611  .00001315  00000-0  78449-4 0  9999
2 47500  97.4975 203.9218 0010984 181.0240 179.0970 15.12828038 18079
1 47500U 21006CR  21142.41758940  .00001305  00000-0  77883-4 0  9999
2 47500  97.4975 204.1819 0011020 180.1123 180.0107 15.12828775 18118
1 47500U 21006CR  21142.88059247  .00001269  00000-0  75830-4 0  9993
2 47500  97.4975 204.6371 0011071 178.5568 181.5696 15.12829976 18186
1 47500U 21006CR  21143.40973855  .00001197  00000-0  71715-4 0  9990
2 47500  97.4976 205.1573 0011140 176.7538 183.3767 15.12831082 18260
1 47500U 21006CR  21143.87274132  .00001261  00000-0  75395-4 0  9993
2 47500  97.4975 205.6125 0011171 175.0481 185.0862 15.12832561 18336
1 47500U 21006CR  21144.46802945  .00001132  00000-0  68053-4 0  9998
2 47500  97.4975 206.1976 0011240 173.0286 187.1103 15.12833577 18423
1 47500U 21006CR  21144.79874499  .00001141  00000-0  68569-4 0  9999
2 47500  97.4975 206.5227 0011265 171.8702 188.2713 15.12834522 18477
1 47500U 21006CR  21145.12946034  .00001113  00000-0  66940-4 0  9992
2 47500  97.4974 206.8478 0011297 170.7494 189.3947 15.12835202 18521
1 47500U 21006CR  21145.59246216  .00000913  00000-0  55558-4 0  9998
2 47500  97.4974 207.3029 0011359 169.2336 190.9141 15.12835049 18596
1 47500U 21006CR  21146.12160576  .00000965  00000-0  58513-4 0  9993
2 47500  97.4973 207.8231 0011409 167.5229 192.6287 15.12836636 18675
1 47500U 21006CR  21146.45232129  .00000854  00000-0  52207-4 0  9994
2 47500  97.4974 208.1482 0011442 166.4160 193.7381 15.12836478 18724
1 47500U 21006CR  21147.44446647  .00000761  00000-0  46947-4 0  9997
2 47500  97.4973 209.1235 0011540 163.1678 196.9938 15.12837448 18874
1 47500U 21006CR  21147.90746581  .00000945  00000-0  57418-4 0  9997
2 47500  97.4972 209.5786 0011578 161.6460 198.5191 15.12839534 18946
1 47500U 21006CR  21148.43660850  .00001106  00000-0  66552-4 0  9999
2 47500  97.4972 210.0988 0011629 159.9793 200.1896 15.12841377 19023
1 47500U 21006CR  21148.63503647  .00000880  00000-0  53686-4 0  9993
2 47500  97.4972 210.2938 0011657 159.3588 200.8116 15.12840736 19050
1 47500U 21006CR  21149.42874685  .00001061  00000-0  63993-4 0  9998
2 47500  97.4971 211.0739 0011723 156.8057 203.3706 15.12844128 19179
1 47500U 21006CR  21149.75945968  .00001093  00000-0  65783-4 0  9991
2 47500  97.4970 211.3990 0011753 155.7056 204.4731 15.12845222 19222
1 47500U 21006CR  21150.15631478  .00001098  00000-0  66099-4 0  9991
2 47500  97.4970 211.7891 0011779 154.4758 205.7056 15.12846370 19284
1 47500U 21006CR  21150.68545406  .00001162  00000-0  69726-4 0  9996
2 47500  97.4969 212.3092 0011843 152.7019 207.4837 15.12848391 19365
1 47500U 21006CR  21151.14845076  .00001125  00000-0  67614-4 0  9997
2 47500  97.4969 212.7643 0011872 151.2690 208.9198 15.12849565 19430
1 47500U 21006CR  21151.41301958  .00001254  00000-0  74938-4 0  9993
2 47500  97.4969 213.0244 0011892 150.4021 209.7886 15.12851216 19475
1 47500U 21006CR  21151.74373131  .00001195  00000-0  71587-4 0  9992
2 47500  97.4970 213.3494 0011921 149.4283 210.7645 15.12851824 19524
1 47500U 21006CR  21152.40515373  .00001207  00000-0  72273-4 0  9999
2 47500  97.4969 213.9996 0011979 147.3028 212.8947 15.12853808 19625
1 47500U 21006CR  21153.13271732  .00001433  00000-0  85075-4 0  9993
2 47500  97.4968 214.7148 0012026 144.9243 215.2783 15.12857098 19730
1 47500U 21006CR  21154.12484914  .00001232  00000-0  73634-4 0  9996
2 47500  97.4967 215.6900 0012112 141.7665 218.4427 15.12858438 19889
1 47500U 21006CR  21155.11697890  .00001247  00000-0  74524-4 0  9990
2 47500  97.4966 216.6652 0012187 138.6924 221.5231 15.12860846 20031
1 47500U 21006CR  21155.91068267  .00001124  00000-0  67533-4 0  9994
2 47500  97.4965 217.4454 0012236 136.3700 223.8501 15.12861650 20153
1 47500U 21006CR  21156.10910849  .00001096  00000-0  65927-4 0  9991
2 47500  97.4965 217.6404 0012248 135.7515 224.4698 15.12861882 20184
1 47500U 21006CR  21156.43981824  .00001026  00000-0  61918-4 0  9997
2 47500  97.4965 217.9655 0012268 134.6266 225.5968 15.12862069 20234
1 47500U 21006CR  21156.63824381  .00001015  00000-0  61342-4 0  9992
2 47500  97.4965 218.1605 0012278 134.0831 226.1413 15.12862429 20260
1 47500U 21006CR  21157.43194616  .00000935  00000-0  56781-4 0  9993
2 47500  97.4964 218.9405 0012329 131.6140 228.6149 15.12863405 20389
1 47500U 21006CR  21157.76265521  .00000887  00000-0  54039-4 0  9993
2 47500  97.4964 219.2656 0012345 130.6683 229.5623 15.12863760 20437
1 47500U 21006CR  21158.42407325  .00000620  00000-0  38856-4 0  9991
2 47500  97.4963 219.9157 0012391 128.6540 231.5802 15.12863445 20532
1 47500U 21006CR  21158.75478187  .00000618  00000-0  38782-4 0  9996
2 47500  97.4963 220.2407 0012419 127.6550 232.5809 15.12864081 20586
1 47500U 21006CR  21158.88706529  .00000628  00000-0  39333-4 0  9998
2 47500  97.4963 220.3708 0012425 127.2536 232.9830 15.12864362 20601
1 47500U 21006CR  21159.41619846  .00000733  00000-0  45272-4 0  9999
2 47500  97.4965 220.8909 0012450 125.6263 234.6129 15.12865971 20683
1 47500U 21006CR  21159.74690690  .00000722  00000-0  44685-4 0  9996
2 47500  97.4965 221.2160 0012466 124.6010 235.6398 15.12866451 20732
1 47500U 21006CR  21160.14375702  .00000626  00000-0  39216-4 0  9993
2 47500  97.4963 221.6060 0012492 123.4095 236.8332 15.12866513 20798
1 47500U 21006CR  21160.60674829  .00000664  00000-0  41370-4 0  9992
2 47500  97.4963 222.0610 0012523 121.9857 238.2593 15.12867468 20861
1 47500U 21006CR  21161.13588100  .00000733  00000-0  45287-4 0  9995
2 47500  97.4962 222.5811 0012546 120.3730 239.8743 15.12868603 20941
1 47500U 21006CR  21161.73115489  .00000662  00000-0  41241-4 0  9994
2 47500  97.4963 223.1662 0012580 118.5356 241.7143 15.12869093 21035
1 47500U 21006CR  21162.39256883  .00000764  00000-0  47056-4 0  9994
2 47500  97.4963 223.8163 0012562 116.8791 243.3725 15.12870846 21135
1 47500U 21006CR  21162.72327587  .00000784  00000-0  48173-4 0  9994
2 47500  97.4963 224.1413 0012572 115.8917 244.3612 15.12871511 21188
1 47500U 21006CR  21163.12012378  .00000863  00000-0  52676-4 0  9999
2 47500  97.4961 224.5313 0012612 114.4392 245.8156 15.12872751 21249
1 47500U 21006CR  21163.71539322  .00001116  00000-0  67020-4 0  9998
2 47500  97.4960 225.1165 0012664 112.3644 247.8930 15.12876018 21336
1 47500U 21006CR  21164.44294591  .00001104  00000-0  66363-4 0  9991
2 47500  97.4959 225.8315 0012683 110.2046 250.0550 15.12877663 21445
1 47500U 21006CR  21164.70751027  .00001113  00000-0  66822-4 0  9992
2 47500  97.4959 226.0915 0012676 109.4722 250.7880 15.12878378 21488
1 47500U 21006CR  21165.43506111  .00001114  00000-0  66884-4 0  9994
2 47500  97.4958 226.8066 0012681 107.4163 252.8455 15.12880395 21590
1 47500U 21006CR  21165.69962473  .00001135  00000-0  68118-4 0  9994
2 47500  97.4958 227.0666 0012696 106.6564 253.6062 15.12881328 21636
1 47500U 21006CR  21165.89804740  .00001139  00000-0  68305-4 0  9990
2 47500  97.4957 227.2616 0012696 106.0459 254.2172 15.12881915 21663
1 47500U 21006CR  21166.42717363  .00001209  00000-0  72306-4 0  9998
2 47500  97.4956 227.7818 0012701 104.4296 255.8346 15.12884055 21746
1 47500U 21006CR  21166.75787736  .00001249  00000-0  74529-4 0  9998
2 47500  97.4957 228.1068 0012688 103.4405 256.8241 15.12885344 21796
1 47500U 21006CR  21166.89015863  .00001277  00000-0  76158-4 0  9999
2 47500  97.4956 228.2368 0012686 103.0593 257.2055 15.12885972 21819
1 47500U 21006CR  21167.15472179  .00001208  00000-0  72208-4 0  9992
2 47500  97.4957 228.4968 0012701 102.2518 258.0136 15.12886354 21852
1 47500U 21006CR  21167.74998781  .00001177  00000-0  70445-4 0  9995
2 47500  97.4958 229.0820 0012690 100.5304 259.7357 15.12888074 21942
1 47500U 21006CR  21168.14683163  .00001211  00000-0  72374-4 0  9997
2 47500  97.4957 229.4720 0012705  99.3421 260.9248 15.12889388 22006
1 47500U 21006CR  21168.47753501  .00001115  00000-0  66935-4 0  9996
2 47500  97.4959 229.7970 0012703  98.4066 261.8605 15.12889641 22055
1 47500U 21006CR  21168.60981602  .00001134  00000-0  68006-4 0  9998
2 47500  97.4959 229.9270 0012702  98.0146 262.2527 15.12890161 22073
1 47500U 21006CR  21169.13894114  .00001046  00000-0  63008-4 0  9997
2 47500  97.4958 230.4470 0012734  96.3067 263.9615 15.12890807 22151
1 47500U 21006CR  21169.60192485  .00000978  00000-0  59159-4 0  9996
2 47500  97.4958 230.9021 0012738  94.9671 265.3014 15.12891499 22222
1 47500U 21006CR  21170.13104881  .00000962  00000-0  58263-4 0  9997
2 47500  97.4958 231.4221 0012731  93.4081 266.8606 15.12892498 22304
1 47500U 21006CR  21171.45385797  .00000849  00000-0  51823-4 0  9999
2 47500  97.4957 232.7223 0012751  89.3657 270.9035 15.12894163 22509
1 47500U 21006CR  21172.44596339  .00000764  00000-0  47028-4 0  9993
2 47500  97.4957 233.6974 0012721  86.4598 273.8088 15.12895305 22656
1 47500U 21006CR  21173.43806787  .00000712  00000-0  44077-4 0  9998
2 47500  97.4956 234.6725 0012688  83.4951 276.7724 15.12896560 22802
1 47500U 21006CR  21174.43017028  .00000778  00000-0  47800-4 0  9990
2 47500  97.4957 235.6476 0012644  80.4831 279.7828 15.12898793 22957
1 47500U 21006CR  21174.76087079  .00000787  00000-0  48340-4 0  9999
2 47500  97.4957 235.9726 0012631  79.4551 280.8102 15.12899507 23000
1 47500U 21006CR  21175.42227105  .00000850  00000-0  51871-4 0  9993
2 47500  97.4956 236.6226 0012658  77.4938 282.7708 15.12901274 23107
1 47500U 21006CR  21175.62068948  .00001004  00000-0  60605-4 0  9990
2 47500  97.4958 236.8177 0012586  76.7371 283.5263 15.12903012 23139
1 47500U 21006CR  21176.41436454  .00001534  00000-0  90649-4 0  9998
2 47500  97.4959 237.5977 0012599  74.3226 285.9394 15.12908924 23254
1 47500U 21006CR  21176.74506289  .00001611  00000-0  95045-4 0  9999
2 47500  97.4957 237.9227 0012588  73.4179 286.8433 15.12910367 23303
1 47500U 21006CR  21177.07576087  .00001636  00000-0  96465-4 0  9993
2 47500  97.4956 238.2477 0012575  72.4387 287.8216 15.12911617 23353
1 47500U 21006CR  21177.40645884  .00001716  00000-0  10099-3 0  9999
2 47500  97.4956 238.5728 0012581  71.4292 288.8304 15.12913070 23406
1 47500U 21006CR  21177.73715617  .00001811  00000-0  10637-3 0  9991
2 47500  97.4956 238.8978 0012525  70.4213 289.8369 15.12914719 23454
1 47500U 21006CR  21178.13399304  .00001833  00000-0  10760-3 0  9998
2 47500  97.4955 239.2877 0012535  69.2169 291.0404 15.12916127 23510
1 47500U 21006CR  21178.72924914  .00001667  00000-0  98187-4 0  9999
2 47500  97.4955 239.8728 0012522  67.4309 292.8246 15.12916764 23603
1 47500U 21006CR  21179.12608520  .00001689  00000-0  99406-4 0  9995
2 47500  97.4953 240.2628 0012537  66.2137 294.0407 15.12918175 23665
1 47500U 21006CR  21179.72134019  .00001527  00000-0  90247-4 0  9993
2 47500  97.4953 240.8479 0012480  64.4482 295.8037 15.12918761 23754
1 47500U 21006CR  21180.11817593  .00001418  00000-0  84096-4 0  9997
2 47500  97.4952 241.2379 0012466  63.2412 297.0092 15.12919337 23813
1 47500U 21006CR  21180.71342971  .00001373  00000-0  81525-4 0  9990
2 47500  97.4952 241.8229 0012419  61.3507 298.8972 15.12920489 23901
1 47500U 21006CR  21181.11026454  .00001389  00000-0  82442-4 0  9996
2 47500  97.4952 242.2130 0012383  60.1803 300.0657 15.12921684 23963
1 47500U 21006CR  21181.44096105  .00001217  00000-0  72657-4 0  9999
2 47500  97.4952 242.5379 0012380  59.1631 301.0816 15.12921359 24019
1 47500U 21006CR  21181.70551741  .00001253  00000-0  74736-4 0  9990
2 47500  97.4950 242.7979 0012319  58.4330 301.8102 15.12922251 24057
1 47500U 21006CR  21182.43304752  .00001181  00000-0  70627-4 0  9994
2 47500  97.4950 243.5131 0012308  56.3149 303.9254 15.12923569 24165
1 47500U 21006CR  21182.89602143  .00001039  00000-0  62565-4 0  9993
2 47500  97.4949 243.9682 0012255  54.8740 305.3638 15.12923651 24231
1 47500U 21006CR  21183.42513380  .00000997  00000-0  60205-4 0  9998
2 47500  97.4949 244.4881 0012224  53.2081 307.0270 15.12924505 24314
1 47500U 21006CR  21183.75582872  .00000941  00000-0  56996-4 0  9997
2 47500  97.4950 244.8131 0012199  52.1044 308.1288 15.12924922 24365
1 47500U 21006CR  21184.41721827  .00000919  00000-0  55749-4 0  9996
2 47500  97.4951 245.4631 0012154  50.0625 310.1672 15.12926164 24462
1 47500U 21006CR  21184.88019052  .00000903  00000-0  54841-4 0  9992
2 47500  97.4951 245.9182 0012122  48.6205 311.6066 15.12927060 24537
1 47500U 21006CR  21185.07860706  .00000905  00000-0  54999-4 0  9990
2 47500  97.4951 246.1132 0012109  48.0125 312.2135 15.12927516 24568
1 47500U 21006CR  21185.47544046  .00000867  00000-0  52807-4 0  9993
2 47500  97.4951 246.5032 0012084  46.8177 313.4061 15.12927999 24629
1 47500U 21006CR  21185.80613445  .00000909  00000-0  55194-4 0  9999
2 47500  97.4951 246.8282 0012066  45.7811 314.4409 15.12928900 24677
1 47500U 21006CR  21186.40138367  .00000882  00000-0  53660-4 0  9997
2 47500  97.4951 247.4132 0012023  43.9551 316.2634 15.12929819 24762
1 47500U 21006CR  21186.59979997  .00000879  00000-0  53485-4 0  9990
2 47500  97.4952 247.6083 0012010  43.3378 316.8795 15.12930163 24798
1 47500U 21006CR  21187.12890956  .00000892  00000-0  54261-4 0  9995
2 47500  97.4951 248.1282 0011974  41.6845 318.5296 15.12931232 24874
1 47500U 21006CR  21187.72415745  .00000879  00000-0  53515-4 0  9996
2 47500  97.4951 248.7132 0011930  39.8413 320.3692 15.12932272 24962
1 47500U 21006CR  21188.12098932  .00000823  00000-0  50352-4 0  9991
2 47500  97.4950 249.1032 0011889  38.5695 321.6383 15.12932633 25026
1 47500U 21006CR  21188.71623646  .00000834  00000-0  50931-4 0  9997
2 47500  97.4950 249.6882 0011842  36.6876 323.5163 15.12933795 25110
1 47500U 21006CR  21189.11306768  .00000843  00000-0  51480-4 0  9995
2 47500  97.4949 250.0782 0011802  35.3798 324.8214 15.12934551 25176
1 47500U 21006CR  21189.70831413  .00000823  00000-0  50327-4 0  9997
2 47500  97.4949 250.6632 0011743  33.4643 326.7328 15.12935550 25265
1 47500U 21006CR  21190.43583711  .00000752  00000-0  46305-4 0  9996
2 47500  97.4949 251.3782 0011665  31.0830 329.1088 15.12936475 25373
1 47500U 21006CR  21190.70039072  .00000733  00000-0  45197-4 0  9999
2 47500  97.4948 251.6382 0011636  30.2192 329.9708 15.12936898 25412
1 47500U 21006CR  21191.42791291  .00000719  00000-0  44411-4 0  9999
2 47500  97.4948 252.3532 0011566  27.8280 332.3567 15.12938149 25523
1 47500U 21006CR  21191.75860462  .00000685  00000-0  42497-4 0  9996
2 47500  97.4948 252.6782 0011531  26.7525 333.4299 15.12938604 25570
1 47500U 21006CR  21191.89088128  .00000675  00000-0  41962-4 0  9997
2 47500  97.4947 252.8082 0011517  26.3175 333.8639 15.12938788 25592
1 47500U 21006CR  21192.15543455  .00000594  00000-0  37359-4 0  9991
2 47500  97.4947 253.0682 0011492  25.4521 334.7273 15.12938855 25632
1 47500U 21006CR  21192.75067928  .00000645  00000-0  40219-4 0  9999
2 47500  97.4947 253.6531 0011437  23.5332 336.6420 15.12940155 25720
1 47500U 21006CR  21193.14750873  .00000626  00000-0  39131-4 0  9991
2 47500  97.4947 254.0431 0011399  22.2033 337.9689 15.12940772 25787
1 47500U 21006CR  21193.47820009  .00000632  00000-0  39486-4 0  9996
2 47500  97.4948 254.3681 0011363  21.1119 339.0579 15.12941279 25832
1 47500U 21006CR  21193.67661479  .00000622  00000-0  38921-4 0  9994
2 47500  97.4947 254.5631 0011345  20.4706 339.6977 15.12941549 25863
1 47500U 21006CR  21194.13958230  .00000589  00000-0  37086-4 0  9993
2 47500  97.4947 255.0181 0011300  18.9749 341.1901 15.12942048 25937
1 47500U 21006CR  21194.73482613  .00000577  00000-0  36370-4 0  9998
2 47500  97.4947 255.6031 0011241  17.0493 343.1113 15.12942727 26029
1 47500U 21006CR  21195.13165488  .00000600  00000-0  37663-4 0  9994
2 47500  97.4946 255.9931 0011199  15.7114 344.4462 15.12943410 26084
1 47500U 21006CR  21195.72689803  .00000583  00000-0  36695-4 0  9995
2 47500  97.4946 256.5780 0011158  13.8340 346.3195 15.12944052 26175
1 47500U 21006CR  21196.12372622  .00000661  00000-0  41123-4 0  9997
2 47500  97.4945 256.9680 0011117  12.4634 347.6870 15.12945064 26238
1 47500U 21006CR  21197.11579582  .00000739  00000-0  45562-4 0  9998
2 47500  97.4945 257.9429 0011001   8.9889 351.1536 15.12947058 26384
1 47500U 21006CR  21197.71103714  .00000729  00000-0  44996-4 0  9993
2 47500  97.4944 258.5279 0010946   6.9813 353.1569 15.12948001 26472
1 47500U 21006CR  21198.10786457  .00000748  00000-0  46081-4 0  9996
2 47500  97.4944 258.9179 0010924   5.6232 354.5119 15.12948747 26532
1 47500U 21006CR  21198.70310551  .00000725  00000-0  44778-4 0  9996
2 47500  97.4944 259.5028 0010844   3.4458 356.6845 15.12949583 26627
1 47500U 21006CR  21199.09993265  .00000731  00000-0  45132-4 0  9990
2 47500  97.4943 259.8928 0010818   2.1146 358.0129 15.12950263 26683
1 47500U 21006CR  21199.89358660  .00000685  00000-0  42506-4 0  9992
2 47500  97.4943 260.6727 0010748 359.3608   0.7607 15.12951292 26801
1 47500U 21006CR  21200.42268885  .00000660  00000-0  41096-4 0  9999
2 47500  97.4943 261.1927 0010675 357.5320   2.5857 15.12952044 26880
1 47500U 21006CR  21200.75337731  .00000707  00000-0  43735-4 0  9996
2 47500  97.4943 261.5177 0010647 356.3207   3.7944 15.12952947 26939
1 47500U 21006CR  21201.41475460  .00000713  00000-0  44109-4 0  9995
2 47500  97.4943 262.1676 0010564 353.9577   6.1524 15.12954012 27039
1 47500U 21006CR  21201.74544293  .00000721  00000-0  44540-4 0  9990
2 47500  97.4943 262.4926 0010529 352.7944   7.3133 15.12954622 27087
1 47500U 21006CR  21202.40681918  .00000799  00000-0  48929-4 0  9990
2 47500  97.4943 263.1424 0010450 350.4285   9.6745 15.12956110 27183
1 47500U 21006CR  21202.73750741  .00000764  00000-0  46973-4 0  9996
2 47500  97.4943 263.4674 0010418 349.2594  10.8413 15.12956374 27230
1 47500U 21006CR  21203.13433292  .00000778  00000-0  47763-4 0  9993
2 47500  97.4942 263.8574 0010383 347.9032  12.1948 15.12957024 27292
1 47500U 21006CR  21203.72957046  .00001075  00000-0  64581-4 0  9994
2 47500  97.4942 264.4424 0010330 345.7961  14.2978 15.12959574 27380
1 47500U 21006CR  21204.12639531  .00001098  00000-0  65874-4 0  9996
2 47500  97.4942 264.8324 0010292 344.3352  15.7559 15.12960345 27445
1 47500U 21006CR  21204.72163274  .00001102  00000-0  66102-4 0  9999
2 47500  97.4942 265.4173 0010232 342.1157  17.9712 15.12961190 27531
1 47500U 21006CR  21205.44914405  .00001049  00000-0  63135-4 0  9992
2 47500  97.4941 266.1322 0010169 339.5067  20.5755 15.12962168 27648
1 47500U 21006CR  21206.44120303  .00001063  00000-0  63903-4 0  9998
2 47500  97.4941 267.1071 0010059 335.4694  24.6057 15.12964299 27792
1 47500U 21006CR  21206.63961437  .00001108  00000-0  66434-4 0  9992
2 47500  97.4940 267.3020 0010045 334.6611  25.4126 15.12965090 27822
1 47500U 21006CR  21207.43325949  .00001166  00000-0  69748-4 0  9998
2 47500  97.4938 268.0820 0010026 332.2443  27.8251 15.12967546 27947
1 47500U 21006CR  21208.42531277  .00001339  00000-0  79546-4 0  9990
2 47500  97.4938 269.0569 0009943 328.0813  31.9815 15.12971717 28092
1 47500U 21006CR  21208.68985994  .00001352  00000-0  80296-4 0  9996
2 47500  97.4937 269.3168 0009901 327.1980  32.8635 15.12972764 28136
1 47500U 21006CR  21209.15281689  .00001469  00000-0  86917-4 0  9994
2 47500  97.4937 269.7718 0009885 325.3949  34.6638 15.12975105 28200
1 47500U 21006CR  21209.74804623  .00001635  00000-0  96294-4 0  9992
2 47500  97.4937 270.3566 0009842 323.0993  36.9560 15.12978344 28292
1 47500U 21006CR  21209.88031942  .00001648  00000-0  97032-4 0  9998
2 47500  97.4937 270.4866 0009824 322.5128  37.5417 15.12978878 28313
1 47500U 21006CR  21210.40941177  .00001762  00000-0  10346-3 0  9997
2 47500  97.4937 271.0065 0009786 320.5828  39.4690 15.12981447 28391
1 47500U 21006CR  21210.67395798  .00001769  00000-0  10384-3 0  9997
2 47500  97.4936 271.2665 0009769 319.5177  40.5326 15.12982335 28435
1 47500U 21006CR  21211.13691316  .00001759  00000-0  10328-3 0  9991
2 47500  97.4935 271.7214 0009730 317.7635  42.2846 15.12983969 28504
1 47500U 21006CR  21211.59986798  .00001741  00000-0  10225-3 0  9999
2 47500  97.4935 272.1763 0009685 315.9717  44.0742 15.12985506 28579
1 47500U 21006CR  21212.59191505  .00001465  00000-0  86653-4 0  9996
2 47500  97.4934 273.1512 0009603 312.3021  47.7396 15.12986589 28724
1 47500U 21006CR  21213.45168851  .00001042  00000-0  62697-4 0  9993
2 47500  97.4933 273.9960 0009538 309.0316  51.0066 15.12986162 28858
1 47500U 21006CR  21213.65009736  .00001095  00000-0  65716-4 0  9994
2 47500  97.4933 274.1910 0009547 308.0205  52.0164 15.12986922 28889
1 47500U 21006CR  21213.91464240  .00001090  00000-0  65387-4 0  9997
2 47500  97.4933 274.4509 0009540 306.8758  53.1598 15.12987495 28922
1 47500U 21006CR  21214.44373280  .00000920  00000-0  55778-4 0  9993
2 47500  97.4933 274.9708 0009510 304.9408  55.0929 15.12987679 29009
1 47500U 21006CR  21215.10509479  .00000901  00000-0  54691-4 0  9990
2 47500  97.4932 275.6206 0009491 302.1658  57.8652 15.12989016 29105
1 47500U 21006CR  21215.17123053  .00001015  00000-0  61174-4 0  9998
2 47500  97.4932 275.6856 0009487 301.9025  58.1282 15.12989914 29117
1 47500U 21006CR  21215.63418428  .00000815  00000-0  49811-4 0  9993
2 47500  97.4932 276.1405 0009474 300.0035  60.0256 15.12989606 29188
1 47500U 21006CR  21216.16327376  .00000773  00000-0  47438-4 0  9999
2 47500  97.4931 276.6605 0009441 297.8574  62.1700 15.12990275 29269
1 47500U 21006CR  21216.75849873  .00000756  00000-0  46505-4 0  9990
2 47500  97.4931 277.2454 0009415 295.3333  64.6922 15.12991293 29359
1 47500U 21006CR  21216.89077106  .00000721  00000-0  44514-4 0  9997
2 47500  97.4931 277.3753 0009416 294.8157  65.2094 15.12991288 29374
1 47500U 21006CR  21218.14735681  .00000614  00000-0  38447-4 0  9995
2 47500  97.4931 278.6100 0009371 289.7109  70.3111 15.12992715 29568
1 47500U 21006CR  21218.41190093  .00000601  00000-0  37718-4 0  9993
2 47500  97.4931 278.8699 0009347 288.7223  71.2993 15.12993074 29604
1 47500U 21006CR  21219.40394099  .00000538  00000-0  34129-4 0  9997
2 47500  97.4931 279.8447 0009313 284.6954  75.3244 15.12994202 29759
1 47500U 21006CR  21220.13143598  .00000709  00000-0  43838-4 0  9992
2 47500  97.4930 280.5595 0009297 281.7823  78.2365 15.12996280 29861
1 47500U 21006CR  21220.72665942  .00000697  00000-0  43149-4 0  9990
2 47500  97.4929 281.1444 0009281 279.3689  80.6492 15.12996931 29956
1 47500U 21006CR  21220.92506698  .00000713  00000-0  44040-4 0  9994
2 47500  97.4929 281.3394 0009282 278.5437  81.4742 15.12997289 29982
1 47500U 21006CR  21222.11551226  .00000682  00000-0  42285-4 0  9998
2 47500  97.4927 282.5090 0009284 273.7029  86.3141 15.12998712 30163
1 47500U 21006CR  21222.44619129  .00000633  00000-0  39487-4 0  9997
2 47500  97.4927 282.8339 0009289 272.3197  87.6971 15.12998885 30210
1 47500U 21006CR  21223.43822763  .00000630  00000-0  39315-4 0  9994
2 47500  97.4925 283.8086 0009307 268.2999  91.7166 15.13000300 30368
1 47500U 21006CR  21223.90117776  .00000573  00000-0  36099-4 0  9999
2 47500  97.4924 284.2635 0009316 266.4012  93.6154 15.13000660 30433
1 47500U 21006CR  21224.43026317  .00000588  00000-0  36961-4 0  9992
2 47500  97.4924 284.7833 0009343 264.2159  95.8007 15.13001582 30510
1 47500U 21006CR  21225.09161976  .00000571  00000-0  35992-4 0  9991
2 47500  97.4923 285.4331 0009360 261.5479  98.4691 15.13002541 30619
1 47500U 21006CR  21225.42229691  .00000710  00000-0  43877-4 0  9993
2 47500  97.4923 285.7579 0009370 260.2659  99.7514 15.13004124 30665
1 47500U 21006CR  21225.75297469  .00000707  00000-0  43703-4 0  9991
2 47500  97.4922 286.0828 0009378 258.9536 101.0641 15.13004740 30719
1 47500U 21006CR  21226.41432993  .00000687  00000-0  42583-4 0  9990
2 47500  97.4921 286.7325 0009385 256.2477 103.7710 15.13005833 30811
1 47500U 21006CR  21226.61273646  .00000699  00000-0  43241-4 0  9995
2 47500  97.4921 286.9274 0009390 255.4290 104.5900 15.13006260 30844
1 47500U 21006CR  21227.40636233  .00000701  00000-0  43357-4 0  9990
2 47500  97.4921 287.7072 0009430 252.1889 107.8313 15.13007516 30964
1 47500U 21006CR  21227.73703954  .00000715  00000-0  44159-4 0  9997
2 47500  97.4921 288.0321 0009462 250.8784 109.1422 15.13008120 31014
1 47500U 21006CR  21228.13385216  .00000770  00000-0  47279-4 0  9996
2 47500  97.4921 288.4220 0009458 249.2206 110.8012 15.13009004 31074
1 47500U 21006CR  21228.66293559  .00000756  00000-0  46487-4 0  9996
2 47500  97.4921 288.9418 0009484 247.0742 112.9489 15.13009632 31155
1 47500U 21006CR  21228.99361260  .00000776  00000-0  47589-4 0  9993
2 47500  97.4920 289.2667 0009497 245.7933 114.2305 15.13010151 31201
1 47500U 21006CR  21229.39042525  .00000724  00000-0  44650-4 0  9997
2 47500  97.4920 289.6566 0009482 244.1879 115.8374 15.13010293 31265
1 47500U 21006CR  21229.65496667  .00000742  00000-0  45675-4 0  9994
2 47500  97.4920 289.9165 0009493 243.1579 116.8682 15.13010754 31301
1 47500U 21006CR  21230.11791376  .00000783  00000-0  48003-4 0  9995
2 47500  97.4919 290.3713 0009519 241.3585 118.6689 15.13011655 31375
1 47500U 21006CR  21230.71313086  .00000842  00000-0  51306-4 0  9995
2 47500  97.4918 290.9561 0009522 239.0005 121.0291 15.13012990 31466
1 47500U 21006CR  21231.44061780  .00000875  00000-0  53188-4 0  9993
2 47500  97.4918 291.6708 0009604 236.1843 123.8474 15.13014425 31576
1 47500U 21006CR  21231.63902316  .00000909  00000-0  55117-4 0  9995
2 47500  97.4918 291.8657 0009618 235.4036 124.6288 15.13015013 31602
1 47500U 21006CR  21232.43264439  .00000898  00000-0  54500-4 0  9993
2 47500  97.4917 292.6454 0009686 232.3264 127.7089 15.13016459 31720
1 47500U 21006CR  21232.63104946  .00000835  00000-0  50892-4 0  9992
2 47500  97.4917 292.8403 0009702 231.5457 128.4904 15.13016590 31753
1 47500U 21006CR  21233.42467003  .00000902  00000-0  54683-4 0  9993
2 47500  97.4916 293.6199 0009764 228.5098 131.5296 15.13018481 31871
1 47500U 21006CR  21233.88761453  .00000987  00000-0  59518-4 0  9994
2 47500  97.4915 294.0747 0009799 226.7124 133.3291 15.13020041 31940
1 47500U 21006CR  21234.41669465  .00000906  00000-0  54931-4 0  9999
2 47500  97.4915 294.5945 0009839 224.6756 135.3683 15.13020542 32021
1 47500U 21006CR  21234.87963904  .00000906  00000-0  54904-4 0  9994
2 47500  97.4915 295.0492 0009879 222.8865 137.1597 15.13021492 32095
1 47500U 21006CR  21235.47485367  .00000843  00000-0  51377-4 0  9994
2 47500  97.4915 295.6340 0009923 220.5499 139.4994 15.13022090 32182
1 47500U 21006CR  21235.73939310  .00000840  00000-0  51202-4 0  9999
2 47500  97.4914 295.8939 0009944 219.5630 140.4877 15.13022567 32221
1 47500U 21006CR  21236.40074193  .00000908  00000-0  55059-4 0  9992
2 47500  97.4913 296.5436 0009982 216.9233 143.1311 15.13023889 32324
1 47500U 21006CR  21236.73141611  .00000858  00000-0  52200-4 0  9997
2 47500  97.4913 296.8684 0010009 215.7156 144.3407 15.13024100 32376
1 47500U 21006CR  21237.12822512  .00000664  00000-0  41209-4 0  9999
2 47500  97.4912 297.2583 0010048 214.2194 145.8390 15.13023579 32430
1 47500U 21006CR  21237.92184200  .00000896  00000-0  54332-4 0  9990
2 47500  97.4910 298.0378 0010125 211.2876 148.7754 15.13025998 32555
1 47500U 21006CR  21238.12024617  .00000882  00000-0  53557-4 0  9991
2 47500  97.4909 298.2327 0010139 210.5684 149.4958 15.13026240 32581
1 47500U 21006CR  21238.45092011  .00000902  00000-0  54683-4 0  9994
2 47500  97.4909 298.5575 0010163 209.3291 150.7371 15.13026691 32636
1 47500U 21006CR  21238.71545872  .00000898  00000-0  54481-4 0  9991
2 47500  97.4908 298.8173 0010189 208.3769 151.6908 15.13027123 32670
1 47500U 21006CR  21239.11226665  .00000888  00000-0  53919-4 0  9996
2 47500  97.4907 299.2071 0010229 206.9582 153.1118 15.13027684 32732
1 47500U 21006CR  21239.70747820  .00000940  00000-0  56814-4 0  9998
2 47500  97.4906 299.7918 0010289 204.8119 155.2619 15.13028935 32824
1 47500U 21006CR  21240.17041881  .00001604  00000-0  94390-4 0  9994
2 47500  97.4906 300.2465 0010323 203.1982 156.8785 15.13033708 32890
1 47500U 21006CR  21240.76562860  .00001799  00000-0  10538-3 0  9990
2 47500  97.4905 300.8312 0010379 201.0845 158.9960 15.13036141 32984
1 47500U 21006CR  21241.16243413  .00001846  00000-0  10802-3 0  9992
2 47500  97.4904 301.2210 0010422 199.7001 160.3829 15.13037620 33043
1 47500U 21006CR  21241.42697120  .00001932  00000-0  11289-3 0  9995
2 47500  97.4904 301.4808 0010444 198.7296 161.3552 15.13038843 33083
1 47500U 21006CR  21241.88991143  .00001781  00000-0  10438-3 0  9994
2 47500  97.4904 301.9355 0010488 197.0863 163.0017 15.13039215 33152
1 47500U 21006CR  21242.15444854  .00001793  00000-0  10503-3 0  9993
2 47500  97.4903 302.1954 0010514 196.1473 163.9424 15.13039989 33199
1 47500U 21006CR  21242.74965587  .00001755  00000-0  10287-3 0  9996
2 47500  97.4903 302.7800 0010571 194.0503 166.0436 15.13041627 33288
1 47500U 21006CR  21243.14646410  .00001276  00000-0  75798-4 0  9999
2 47500  97.4903 303.1697 0010616 192.6204 167.4763 15.13039104 33341
1 47500U 21006CR  21243.41100061  .00001272  00000-0  75571-4 0  9991
2 47500  97.4903 303.4296 0010644 191.6636 168.4351 15.13039805 33384
1 47500U 21006CR  21243.74167104  .00001286  00000-0  76356-4 0  9995
2 47500  97.4903 303.7544 0010676 190.5316 169.5693 15.13040813 33439
1 47500U 21006CR  21244.13847650  .00001152  00000-0  68806-4 0  9993
2 47500  97.4902 304.1441 0010709 189.0711 171.0328 15.13040817 33491
1 47500U 21006CR  21244.40301304  .00001172  00000-0  69908-4 0  9990
2 47500  97.4903 304.4040 0010737 188.1041 172.0019 15.13041467 33532
1 47500U 21006CR  21244.73368319  .00001158  00000-0  69132-4 0  9998
2 47500  97.4902 304.7287 0010770 186.9322 173.1762 15.13042214 33585
1 47500U 21006CR  21245.13048694  .00001177  00000-0  70198-4 0  9999
2 47500  97.4902 305.1185 0010810 185.5579 174.5534 15.13043341 33642
1 47500U 21006CR  21245.72569325  .00001042  00000-0  62569-4 0  9997
2 47500  97.4901 305.7031 0010872 183.4797 176.6360 15.13043752 33730
1 47500U 21006CR  21246.12249694  .00000969  00000-0  58454-4 0  9991
2 47500  97.4901 306.0929 0010920 182.2054 177.9131 15.13044159 33795
1 47500U 21006CR  21246.45316599  .00001053  00000-0  63156-4 0  9996
2 47500  97.4900 306.4176 0010921 180.8112 179.3103 15.13045470 33840
1 47500U 21006CR  21246.91610126  .00001222  00000-0  72721-4 0  9996
2 47500  97.4900 306.8723 0011017 179.7280 180.3959 15.13047813 33914
1 47500U 21006CR  21247.64357205  .00001347  00000-0  79791-4 0  9995
2 47500  97.4899 307.5869 0011059 177.0762 183.0536 15.13050358 34024
1 47500U 21006CR  21248.10650763  .00001363  00000-0  80661-4 0  9998
2 47500  97.4898 308.0415 0011098 175.5425 184.5907 15.13051586 34097
1 47500U 21006CR  21248.43717562  .00001364  00000-0  80723-4 0  9995
2 47500  97.4898 308.3663 0011131 174.4225 185.7132 15.13052460 34140
1 47500U 21006CR  21249.62757896  .00001288  00000-0  76459-4 0  9997
2 47500  97.4896 309.5355 0011251 170.5407 189.6038 15.13055285 34327
1 47500U 21006CR  21249.89211279  .00001214  00000-0  72236-4 0  9994
2 47500  97.4895 309.7953 0011277 169.6575 190.4890 15.13055577 34369
1 47500U 21006CR  21250.42117997  .00001250  00000-0  74266-4 0  9992
2 47500  97.4895 310.3149 0011318 167.9146 192.2359 15.13057229 34440
1 47500U 21006CR  21250.88411330  .00001203  00000-0  71617-4 0  9995
2 47500  97.4894 310.7696 0011373 166.3422 193.8119 15.13058300 34511
1 47500U 21006CR  21251.14864642  .00001199  00000-0  71397-4 0  9992
2 47500  97.4893 311.0293 0011384 165.4959 194.6601 15.13059044 34559
1 47500U 21006CR  21251.41317912  .00001359  00000-0  80446-4 0  9998
2 47500  97.4893 311.2891 0011407 164.6093 195.5487 15.13060733 34594
1 47500U 21006CR  21251.94224538  .00001132  00000-0  67625-4 0  9990
2 47500  97.4893 311.8088 0011469 162.9170 197.2449 15.13060825 34671
1 47500U 21006CR  21252.40517815  .00001088  00000-0  65094-4 0  9993
2 47500  97.4892 312.2634 0011517 161.3581 198.8074 15.13061568 34749
1 47500U 21006CR  21252.80197696  .00001050  00000-0  62954-4 0  9999
2 47500  97.4891 312.6531 0011552 160.0456 200.1229 15.13062310 34806
1 47500U 21006CR  21252.93424325  .00001046  00000-0  62728-4 0  9999
2 47500  97.4891 312.7830 0011567 159.6131 200.5564 15.13062568 34822
1 47500U 21006CR  21253.72784023  .00001167  00000-0  69571-4 0  9998
2 47500  97.4890 313.5624 0011635 156.9943 203.1811 15.13064960 34943
1 47500U 21006CR  21253.86010644  .00001162  00000-0  69277-4 0  9992
2 47500  97.4889 313.6923 0011646 156.5436 203.6328 15.13065155 34966
1 47500U 21006CR  21254.38916969  .00001339  00000-0  79289-4 0  9995
2 47500  97.4888 314.2119 0011690 154.7991 205.3813 15.13067502 35040
1 47500U 21006CR  21254.71983475  .00001233  00000-0  73304-4 0  9993
2 47500  97.4887 314.5366 0011719 153.7403 206.4424 15.13067576 35091
1 47500U 21006CR  21255.05049923  .00001231  00000-0  73170-4 0  9991
2 47500  97.4886 314.8614 0011744 152.6941 207.4910 15.13068323 35140
1 47500U 21006CR  21255.38116368  .00001191  00000-0  70914-4 0  9993
2 47500  97.4886 315.1861 0011775 151.6385 208.5490 15.13068843 35190
1 47500U 21006CR  21255.77796059  .00001159  00000-0  69120-4 0  9998
2 47500  97.4885 315.5758 0011801 150.3803 209.8099 15.13069633 35253
1 47500U 21006CR  21256.10862434  .00001168  00000-0  69633-4 0  9996
2 47500  97.4884 315.9005 0011826 149.3413 210.8511 15.13070536 35304
1 47500U 21006CR  21256.83608418  .00001148  00000-0  68507-4 0  9993
2 47500  97.4883 316.6149 0011879 147.0920 213.1053 15.13072258 35418
1 47500U 21006CR  21257.16674737  .00001133  00000-0  67655-4 0  9994
2 47500  97.4883 316.9396 0011902 146.0901 214.1093 15.13073069 35461
1 47500U 21006CR  21258.42326659  .00001001  00000-0  60177-4 0  9997
2 47500  97.4882 318.1735 0011994 142.2023 218.0053 15.13075516 35654
1 47500U 21006CR  21258.95232664  .00000951  00000-0  57361-4 0  9991
2 47500  97.4881 318.6930 0012036 140.5511 219.6598 15.13076570 35737
1 47500U 21006CR  21259.41525379  .00000968  00000-0  58324-4 0  9999
2 47500  97.4881 319.1475 0012066 139.1033 221.1105 15.13077806 35806
1 47500U 21006CR  21260.40724007  .00000866  00000-0  52534-4 0  9993
2 47500  97.4881 320.1216 0012141 135.9870 224.2330 15.13079407 35957
1 47500U 21006CR  21261.39922441  .00000910  00000-0  55036-4 0  9994
2 47500  97.4880 321.0957 0012211 132.8660 227.3599 15.13081785 36100
1 47500U 21006CR  21262.12667917  .00000809  00000-0  49340-4 0  9998
2 47500  97.4878 321.8100 0012256 130.6107 229.6193 15.13082574 36210
1 47500U 21006CR  21262.92026531  .00000855  00000-0  51884-4 0  9994
2 47500  97.4877 322.5892 0012298 128.1943 232.0397 15.13084206 36332
1 47500U 21006CR  21263.11866174  .00000848  00000-0  51514-4 0  9993
2 47500  97.4876 322.7840 0012306 127.5709 232.6642 15.13084533 36364
1 47500U 21006CR  21263.91224705  .00000871  00000-0  52810-4 0  9995
2 47500  97.4875 323.5632 0012352 125.1253 235.1137 15.13086004 36485
1 47500U 21006CR  21264.44130348  .00000916  00000-0  55360-4 0  9996
2 47500  97.4874 324.0827 0012372 123.5121 236.7294 15.13087168 36566
1 47500U 21006CR  21264.90422729  .00000912  00000-0  55135-4 0  9990
2 47500  97.4873 324.5372 0012391 122.1233 238.1202 15.13088058 36637
1 47500U 21006CR  21265.10262288  .00001182  00000-0  70356-4 0  9997
2 47500  97.4874 324.7332 0013074 120.6477 239.6059 15.13089132 36661
1 47500U 21006CR  21265.10262309  .00000913  00000-0  55179-4 0  9998
2 47500  97.4872 324.7320 0012389 121.5461 238.6982 15.13088477 36662
1 47500U 21006CR  21265.43328250  .00001084  00000-0  64795-4 0  9996
2 47500  97.4872 325.0567 0012401 120.5418 239.7039 15.13090105 36717
1 47500U 21006CR  21266.42526003  .00001157  00000-0  68947-4 0  9996
2 47500  97.4870 326.0306 0012432 117.5430 242.7066 15.13092711 36866
1 47500U 21006CR  21266.88818234  .00001122  00000-0  66954-4 0  9994
2 47500  97.4869 326.4851 0012439 116.1605 244.0907 15.13093600 36934
1 47500U 21006CR  21267.41723592  .00001096  00000-0  65485-4 0  9994
2 47500  97.4868 327.0046 0012462 114.5602 245.6929 15.13094744 37012
1 47500U 21006CR  21267.68176241  .00001294  00000-0  76640-4 0  9991
2 47500  97.4867 327.2643 0012462 113.7420 246.5120 15.13096488 37059
1 47500U 21006CR  21267.74789395  .00001312  00000-0  77655-4 0  9996
2 47500  97.4867 327.3292 0012464 113.5378 246.7164 15.13096769 37065
1 47500U 21006CR  21268.14468379  .00001346  00000-0  79591-4 0  9995
2 47500  97.4866 327.7188 0012478 112.3369 247.9186 15.13097846 37125
1 47500U 21006CR  21268.47534126  .00001452  00000-0  85548-4 0  9992
2 47500  97.4866 328.0434 0012492 111.3252 248.9314 15.13099321 37178
1 47500U 21006CR  21269.07052459  .00001462  00000-0  86113-4 0  9993
2 47500  97.4866 328.6278 0012519 109.5226 250.7359 15.13100904 37260
1 47500U 21006CR  21269.13665635  .00001462  00000-0  86144-4 0  9990
2 47500  97.4866 328.6927 0012522 109.3143 250.9443 15.13100971 37272
1 47500U 21006CR  21269.66570753  .00001515  00000-0  89099-4 0  9995
2 47500  97.4865 329.2121 0012545 107.7012 252.5590 15.13102637 37357
1 47500U 21006CR  21270.06249569  .00001192  00000-0  70862-4 0  9998
2 47500  97.4864 329.6017 0012557 106.5363 253.7248 15.13101915 37411
1 47500U 21006CR  21270.65767752  .00001164  00000-0  69307-4 0  9993
2 47500  97.4863 330.1860 0012573 104.7478 255.5148 15.13103252 37503
1 47500U 21006CR  21271.51738244  .00001569  00000-0  92139-4 0  9991
2 47500  97.4862 331.0300 0012593 102.0729 258.1914 15.13107873 37630
1 47500U 21006CR  21271.71577571  .00001556  00000-0  91424-4 0  9999
2 47500  97.4862 331.2248 0012596 101.4930 258.7716 15.13108382 37668
1 47500U 21006CR  21272.44321740  .00001584  00000-0  92977-4 0  9990
2 47500  97.4861 331.9389 0012598  99.3078 260.9578 15.13110504 37772
1 47500U 21006CR  21272.77387241  .00001515  00000-0  89083-4 0  9992
2 47500  97.4860 332.2635 0012595  98.3211 261.9449 15.13111052 37827
1 47500U 21006CR  21273.50131192  .00001633  00000-0  95707-4 0  9997
2 47500  97.4859 332.9777 0012581  96.1423 264.1242 15.13113934 37934
1 47500U 21006CR  21274.16261918  .00001682  00000-0  98466-4 0  9999
2 47500  97.4858 333.6268 0012568  94.1400 266.1268 15.13116426 38035
1 47500U 21006CR  21274.55940313  .00001653  00000-0  96843-4 0  9990
2 47500  97.4858 334.0163 0012567  92.9719 267.2950 15.13117721 38097
1 47500U 21006CR  21274.89005616  .00001638  00000-0  96014-4 0  9998
2 47500  97.4858 334.3409 0012566  91.9691 268.2980 15.13118728 38148
1 47500U 21006CR  21275.22070973  .00001399  00000-0  82499-4 0  9990
2 47500  97.4858 334.6655 0012565  90.9959 269.2712 15.13118365 38195
1 47500U 21006CR  21275.41910138  .00001397  00000-0  82437-4 0  9997
2 47500  97.4858 334.8603 0012566  90.4134 269.8537 15.13118998 38228
1 47500U 21006CR  21275.74975335  .00001506  00000-0  88552-4 0  9999
2 47500  97.4857 335.1849 0012564  89.4069 270.8602 15.13120899 38279
1 47500U 21006CR  21276.54331831  .00001474  00000-0  86757-4 0  9994
2 47500  97.4857 335.9639 0012567  87.0396 273.2273 15.13123377 38392
1 47500U 21006CR  21276.74170940  .00001442  00000-0  84914-4 0  9996
2 47500  97.4856 336.1586 0012562  86.4274 273.8393 15.13123872 38421
1 47500U 21006CR  21276.80783963  .00001480  00000-0  87098-4 0  9996
2 47500  97.4856 336.2235 0012559  86.2121 274.0545 15.13124314 38433
1 47500U 21006CR  21277.53527267  .00001507  00000-0  88612-4 0  9993
2 47500  97.4855 336.9376 0012552  84.0246 276.2415 15.13126821 38549
1 47500U 21006CR  21277.86592379  .00001476  00000-0  86838-4 0  9998
2 47500  97.4854 337.2622 0012547  83.0059 277.2599 15.13127618 38595
1 47500U 21006CR  21278.13044438  .00001460  00000-0  85963-4 0  9998
2 47500  97.4854 337.5219 0012544  82.1930 278.0725 15.13128436 38639
1 47500U 21006CR  21278.46109498  .00001468  00000-0  86377-4 0  9990
2 47500  97.4854 337.8464 0012540  81.2100 279.0551 15.13129518 38684
1 47500U 21006CR  21279.38691585  .00001352  00000-0  79855-4 0  9990
2 47500  97.4851 338.7553 0012520  78.4222 281.8414 15.13131580 38828
1 47500U 21006CR  21279.84982512  .00001396  00000-0  82306-4 0  9997
2 47500  97.4850 339.2096 0012506  77.0081 283.2546 15.13133288 38893
1 47500U 21006CR  21280.51112360  .00001476  00000-0  86801-4 0  9992
2 47500  97.4849 339.8587 0012484  75.0114 285.2498 15.13135702 38994
1 47500U 21006CR  21280.77564276  .00001436  00000-0  84566-4 0  9999
2 47500  97.4848 340.1184 0012469  74.1947 286.0658 15.13136341 39031
1 47500U 21006CR  21280.90790203  .00001461  00000-0  85971-4 0  9994
2 47500  97.4848 340.2482 0012462  73.7972 286.4629 15.13136956 39055
1 47500U 21006CR  21281.50306972  .00001445  00000-0  85055-4 0  9992
2 47500  97.4847 340.8324 0012434  71.9822 288.2763 15.13138602 39147
1 47500U 21006CR  21281.83371789  .00001406  00000-0  82902-4 0  9991
2 47500  97.4846 341.1569 0012414  70.9742 289.2833 15.13139430 39193
1 47500U 21006CR  21282.09823630  .00001400  00000-0  82534-4 0  9992
2 47500  97.4845 341.4166 0012397  70.1523 290.1043 15.13140210 39234
1 47500U 21006CR  21282.23049566  .00001423  00000-0  83805-4 0  9993
2 47500  97.4845 341.5464 0012390  69.7408 290.5154 15.13140675 39259
1 47500U 21006CR  21282.75953186  .00001414  00000-0  83299-4 0  9999
2 47500  97.4844 342.0656 0012362  68.1212 292.1333 15.13142337 39335
1 47500U 21006CR  21283.15630874  .00001396  00000-0  82307-4 0  9998
2 47500  97.4843 342.4551 0012342  66.9110 293.3421 15.13143470 39399
1 47500U 21006CR  21283.48695609  .00001552  00000-0  91110-4 0  9997
2 47500  97.4843 342.7796 0012327  65.9030 294.3489 15.13145222 39444
1 47500U 21006CR  21283.88373206  .00001578  00000-0  92576-4 0  9992
2 47500  97.4842 343.1691 0012309  64.6741 295.5764 15.13146719 39505
1 47500U 21006CR  21284.41276500  .00001786  00000-0  10424-3 0  9993
2 47500  97.4842 343.6883 0012284  63.0555 297.1929 15.13150056 39589
1 47500U 21006CR  21284.67728356  .00001508  00000-0  88632-4 0  9991
2 47500  97.4841 343.9480 0012271  62.2669 297.9805 15.13148903 39621
1 47500U 21006CR  21285.40470409  .00001673  00000-0  97876-4 0  9999
2 47500  97.4841 344.6619 0012238  60.0312 300.2132 15.13152178 39739
1 47500U 21006CR  21286.13212260  .00001800  00000-0  10506-3 0  9995
2 47500  97.4839 345.3759 0012204  57.7895 302.4518 15.13155532 39842
1 47500U 21006CR  21286.59502581  .00001638  00000-0  95915-4 0  9990
2 47500  97.4839 345.8302 0012181  56.4116 303.8277 15.13155986 39915
1 47500U 21006CR  21287.12405691  .00001589  00000-0  93172-4 0  9992
2 47500  97.4838 346.3495 0012151  54.7571 305.4795 15.13157405 39995
1 47500U 21006CR  21287.58695853  .00001637  00000-0  95845-4 0  9996
2 47500  97.4838 346.8038 0012123  53.3602 306.8741 15.13159146 40062
1 47500U 21006CR  21288.11598820  .00001633  00000-0  95642-4 0  9993
2 47500  97.4837 347.3230 0012086  51.6768 308.5548 15.13160882 40145
1 47500U 21006CR  21288.71114573  .00001610  00000-0  94320-4 0  9995
2 47500  97.4836 347.9071 0012039  49.8265 310.4018 15.13162822 40232
1 47500U 21006CR  21289.10791724  .00001514  00000-0  88928-4 0  9998
2 47500  97.4835 348.2965 0012012  48.5759 311.6502 15.13163606 40290
1 47500U 21006CR  21289.43855992  .00001488  00000-0  87444-4 0  9994
2 47500  97.4835 348.6210 0011984  47.5482 312.6760 15.13164539 40345
1 47500U 21006CR  21290.09984464  .00001364  00000-0  80487-4 0  9998
2 47500  97.4834 349.2700 0011924  45.4535 314.7668 15.13166040 40445
1 47500U 21006CR  21291.42241003  .00001483  00000-0  87151-4 0  9998
2 47500  97.4833 350.5679 0011818  41.2534 318.9588 15.13171357 40645
1 47500U 21006CR  21291.62079477  .00001421  00000-0  83676-4 0  9994
2 47500  97.4833 350.7626 0011799  40.6321 319.5789 15.13171667 40671
1 47500U 21006CR  21292.41433254  .00001379  00000-0  81291-4 0  9992
2 47500  97.4831 351.5414 0011737  38.0687 322.1371 15.13173919 40793
1 47500U 21006CR  21292.74497316  .00001144  00000-0  68073-4 0  9990
2 47500  97.4831 351.8659 0011704  36.9993 323.2043 15.13173616 40846
1 47500U 21006CR  21293.40625305  .00001345  00000-0  79381-4 0  9992
2 47500  97.4830 352.5149 0011652  34.8768 325.3224 15.13176696 40942
1 47500U 21006CR  21293.73689308  .00001282  00000-0  75844-4 0  9991
2 47500  97.4829 352.8393 0011625  33.8185 326.3786 15.13177240 40991
1 47500U 21006CR  21294.13366077  .00001258  00000-0  74501-4 0  9993
2 47500  97.4828 353.2287 0011602  32.6115 327.5831 15.13178168 41054
1 47500U 21006CR  21294.59655614  .00001232  00000-0  73034-4 0  9993
2 47500  97.4828 353.6830 0011563  31.1591 329.0323 15.13179205 41124
1 47500U 21006CR  21295.72072910  .00001165  00000-0  69223-4 0  9991
2 47500  97.4824 354.7862 0011471  27.5299 332.6538 15.13181599 41294
1 47500U 21006CR  21296.11749518  .00001161  00000-0  68987-4 0  9992
2 47500  97.4823 355.1755 0011431  26.1942 333.9865 15.13182643 41350
1 47500U 21006CR  21296.71264454  .00001145  00000-0  68115-4 0  9994
2 47500  97.4822 355.7595 0011376  24.2650 335.9114 15.13183936 41445
1 47500U 21006CR  21296.97715496  .00001127  00000-0  67107-4 0  9999
2 47500  97.4821 356.0191 0011349  23.3727 336.8018 15.13184499 41487
1 47500U 21006CR  21297.44004815  .00001139  00000-0  67742-4 0  9996
2 47500  97.4820 356.4733 0011306  21.8271 338.3440 15.13185674 41552
1 47500U 21006CR  21297.70455832  .00001128  00000-0  67136-4 0  9999
2 47500  97.4820 356.7329 0011278  20.9280 339.2410 15.13186289 41598
1 47500U 21006CR  21298.10132332  .00001129  00000-0  67216-4 0  9991
2 47500  97.4819 357.1222 0011240  19.5344 340.6316 15.13187276 41652
1 47500U 21006CR  21299.15936198  .00001396  00000-0  82229-4 0  9996
2 47500  97.4817 358.1604 0011133  15.9752 344.1828 15.13191390 41816
1 47500U 21006CR  21299.42387127  .00001414  00000-0  83229-4 0  9990
2 47500  97.4817 358.4199 0011104  15.1006 345.0554 15.13192193 41852
1 47500U 21006CR  21300.15127113  .00001464  00000-0  86041-4 0  9990
2 47500  97.4816 359.1337 0011036  12.6127 347.5379 15.13194493 41962
1 47500U 21006CR  21300.68028831  .00001587  00000-0  92957-4 0  9994
2 47500  97.4816 359.6528 0010988  10.8204 349.3262 15.13196747 42045
1 47500U 21006CR  21301.40768651  .00001677  00000-0  98049-4 0  9994
2 47500  97.4815   0.3665 0010920   8.3753 351.7658 15.13199269 42153
1 47500U 21006CR  21301.60606752  .00001705  00000-0  99605-4 0  9990
2 47500  97.4815   0.5612 0010900   7.7133 352.4264 15.13200037 42180
1 47500U 21006CR  21302.13508304  .00001765  00000-0  10299-3 0  9990
2 47500  97.4814   1.0803 0010851   5.9425 354.1933 15.13202018 42268
1 47500U 21006CR  21302.59797133  .00002280  00000-0  13195-3 0  9991
2 47500  97.4814   1.5344 0010816   4.3918 355.7406 15.13206130 42333
1 47500U 21006CR  21303.12698594  .00002283  00000-0  13208-3 0  9990
2 47500  97.4813   2.0535 0010766   2.5406 357.5878 15.13207745 42411
1 47500U 21006CR  21303.58987245  .00002345  00000-0  13560-3 0  9994
2 47500  97.4813   2.5077 0010723   0.9737 359.1514 15.13209763 42483
1 47500U 21006CR  21304.44951738  .00002358  00000-0  13631-3 0  9991
2 47500  97.4812   3.3512 0010643 357.9835   2.1351 15.13213078 42613
1 47500U 21006CR  21304.58177050  .00002294  00000-0  13268-3 0  9998
2 47500  97.4811   3.4809 0010624 357.6358   2.4821 15.13213194 42634
1 47500U 21006CR  21304.91240225  .00002300  00000-0  13306-3 0  9991
2 47500  97.4811   3.8054 0010601 356.3074   3.8077 15.13214578 42686
1 47500U 21006CR  21305.44141501  .00002693  00000-0  15512-3 0  9993
2 47500  97.4815   4.3245 0010497 354.4600   5.6514 15.13216506 42763
1 47500U 21006CR  21305.63979356  .00002619  00000-0  15096-3 0  9996
2 47500  97.4815   4.5192 0010480 353.7717   6.3382 15.13217472 42796
1 47500U 21006CR  21305.97042421  .00002501  00000-0  14432-3 0  9990
2 47500  97.4815   4.8436 0010455 352.5859   7.5216 15.13218950 42843
1 47500U 21006CR  21306.03655028  .00002962  00000-0  17023-3 0  9991
2 47500  97.4815   4.9085 0010459 352.3427   7.7642 15.13220727 42858
1 47500U 21006CR  21306.56555843  .00003087  00000-0  17726-3 0  9992
2 47500  97.4815   5.4276 0010413 350.4511   9.6521 15.13224162 42932
1 47500U 21006CR  21307.42519450  .00003460  00000-0  19821-3 0  9995
2 47500  97.4813   6.2711 0010337 347.4272  12.6699 15.13230107 43069
1 47500U 21006CR  21307.75582280  .00003468  00000-0  19864-3 0  9997
2 47500  97.4811   6.5955 0010305 346.2475  13.8474 15.13232102 43114
1 47500U 21006CR  21308.54932291  .00008412  00000-0  47602-3 0  9991
2 47500  97.4809   7.3741 0010240 343.3556  16.7337 15.13255249 43239
1 47500U 21006CR  21309.14445747  .00002829  00000-0  16268-3 0  9993
2 47500  97.4807   7.9580 0010185 341.1282  18.9570 15.13238120 43326
1 47500U 21006CR  21309.47508430  .00002511  00000-0  14485-3 0  9995
2 47500  97.4805   8.2824 0010140 339.9780  20.1052 15.13238715 43373
1 47500U 21006CR  21309.73958522  .00002470  00000-0  14250-3 0  9999
2 47500  97.4803   8.5419 0010118 339.0115  21.0700 15.13240026 43415
1 47500U 21006CR  21310.13633588  .00002423  00000-0  13985-3 0  9999
2 47500  97.4802   8.9312 0010091 337.4894  22.5893 15.13242143 43473
1 47500U 21006CR  21310.73146151  .00002209  00000-0  12781-3 0  9995
2 47500  97.4800   9.5150 0010040 335.2601  24.8147 15.13244553 43568
1 47500U 21006CR  21311.39271078  .00002056  00000-0  11922-3 0  9991
2 47500  97.4798  10.1637 0009989 332.7236  27.3470 15.13247410 43661
1 47500U 21006CR  21311.59108531  .00001941  00000-0  11276-3 0  9990
2 47500  97.4797  10.3583 0009972 331.9720  28.0973 15.13248100 43699
1 47500U 21006CR  21312.05395872  .00001833  00000-0  10670-3 0  9995
2 47500  97.4796  10.8124 0009941 330.1817  29.8846 15.13249931 43767
1 47500U 21006CR  21312.45070726  .00001770  00000-0  10315-3 0  9993
2 47500  97.4795  11.2016 0009908 328.7029  31.3611 15.13251315 43826
1 47500U 21006CR  21312.91357982  .00001719  00000-0  10027-3 0  9999
2 47500  97.4794  11.6557 0009866 326.9601  33.1013 15.13253030 43897
1 47500U 21006CR  21313.11195370  .00001675  00000-0  97773-4 0  9998
2 47500  97.4794  11.8502 0009844 326.1969  33.8633 15.13253691 43926
1 47500U 21006CR  21313.57482575  .00001555  00000-0  91047-4 0  9999
2 47500  97.4793  12.3043 0009804 324.4470  35.6107 15.13255097 43990
1 47500U 21006CR  21313.97157311  .00001483  00000-0  86997-4 0  9998
2 47500  97.4796  12.6935 0009819 323.0040  37.0513 15.13255050 44054
1 47500U 21006CR  21314.43444421  .00001442  00000-0  84680-4 0  9993
2 47500  97.4795  13.1476 0009796 321.2178  38.8349 15.13256730 44125
1 47500U 21006CR  21315.55855873  .00001226  00000-0  72571-4 0  9990
2 47500  97.4794  14.2504 0009720 316.7904  43.2563 15.13259601 44297
1 47500U 21006CR  21315.75693173  .00001199  00000-0  71045-4 0  9999
2 47500  97.4794  14.4450 0009707 316.0327  44.0131 15.13260072 44324
1 47500U 21006CR  21316.61654737  .00001104  00000-0  65669-4 0  9999
2 47500  97.4793  15.2883 0009646 312.6564  47.3853 15.13262144 44452
1 47500U 21006CR  21316.81492008  .00001092  00000-0  65023-4 0  9992
2 47500  97.4793  15.4829 0009641 311.8974  48.1434 15.13262616 44486
1 47500U 21006CR  21316.88104441  .00000993  00000-0  59446-4 0  9991
2 47500  97.4793  15.5478 0009637 311.6095  48.4310 15.13262242 44496
1 47500U 21006CR  21317.41003823  .00001027  00000-0  61336-4 0  9993
2 47500  97.4793  16.0667 0009604 309.5682  50.4701 15.13263761 44577
1 47500U 21006CR  21317.74065896  .00001007  00000-0  60258-4 0  9997
2 47500  97.4793  16.3910 0009580 308.2818  51.7550 15.13264555 44625
1 47500U 21006CR  21318.13740401  .00000912  00000-0  54886-4 0  9997
2 47500  97.4793  16.7803 0009560 306.7291  53.3061 15.13264935 44689
1 47500U 21006CR  21318.40190048  .00001021  00000-0  61046-4 0  9991
2 47500  97.4793  17.0397 0009539 305.7022  54.3321 15.13266117 44727
1 47500U 21006CR  21318.60027272  .00001010  00000-0  60385-4 0  9994
2 47500  97.4793  17.2343 0009526 304.9171  55.1165 15.13266537 44756
1 47500U 21006CR  21319.12926550  .00000912  00000-0  54908-4 0  9993
2 47500  97.4792  17.7533 0009503 302.8489  57.1827 15.13267083 44838
1 47500U 21006CR  21319.72438171  .00001053  00000-0  62834-4 0  9990
2 47500  97.4791  18.3371 0009466 300.5277  59.5019 15.13269070 44929
1 47500U 21006CR  21319.92275352  .00001047  00000-0  62496-4 0  9999
2 47500  97.4791  18.5317 0009462 299.7192  60.3097 15.13269473 44958
1 47500U 21006CR  21320.45174444  .00001207  00000-0  71452-4 0  9999
2 47500  97.4790  19.0506 0009437 297.6527  62.3746 15.13271653 45030
1 47500U 21006CR  21320.71624029  .00001142  00000-0  67791-4 0  9996
2 47500  97.4790  19.3101 0009431 296.5791  63.4473 15.13271794 45078
1 47500U 21006CR  21321.11298374  .00001063  00000-0  63381-4 0  9994
2 47500  97.4789  19.6993 0009426 294.9905  65.0347 15.13272137 45138
1 47500U 21006CR  21321.17910731  .00001117  00000-0  66386-4 0  9996
2 47500  97.4789  19.7642 0009425 294.7269  65.2981 15.13272659 45146
1 47500U 21006CR  21321.64197414  .00001081  00000-0  64395-4 0  9991
2 47500  97.4788  20.2182 0009409 292.8497  67.1740 15.13273462 45210
1 47500U 21006CR  21322.43545923  .00001060  00000-0  63170-4 0  9998
2 47500  97.4786  20.9966 0009396 289.6340  70.3876 15.13275112 45334
1 47500U 21006CR  21323.42731442  .00001109  00000-0  65921-4 0  9991
2 47500  97.4785  21.9696 0009371 285.6066  74.4131 15.13277675 45489
1 47500U 21006CR  21323.89017872  .00001096  00000-0  65194-4 0  9993
2 47500  97.4782  22.4235 0009371 283.7793  76.2395 15.13279038 45552
1 47500U 21006CR  21324.02242568  .00001112  00000-0  66136-4 0  9997
2 47500  97.4782  22.5533 0009368 283.2466  76.7720 15.13279513 45579
1 47500U 21006CR  21324.41916658  .00001232  00000-0  72832-4 0  9991
2 47500  97.4782  22.9425 0009375 281.6408  78.3771 15.13281231 45630
1 47500U 21006CR  21324.55141355  .00001214  00000-0  71829-4 0  9995
2 47500  97.4782  23.0722 0009373 281.0862  78.9315 15.13281507 45656
1 47500U 21006CR  21325.14652426  .00001167  00000-0  69176-4 0  9996
2 47500  97.4780  23.6559 0009358 278.6968  81.3203 15.13282947 45743
1 47500U 21006CR  21326.40286775  .00001164  00000-0  69013-4 0  9993
2 47500  97.4778  24.8883 0009336 273.5984  86.4180 15.13286230 45931
1 47500U 21006CR  21326.60123781  .00001103  00000-0  65600-4 0  9993
2 47500  97.4778  25.0829 0009337 272.7910  87.2252 15.13286334 45962
1 47500U 21006CR  21327.52696287  .00001134  00000-0  67340-4 0  9998
2 47500  97.4777  25.9909 0009333 269.0642  90.9520 15.13288712 46104
1 47500U 21006CR  21327.59308604  .00001132  00000-0  67241-4 0  9996
2 47500  97.4777  26.0557 0009334 268.7989  91.2173 15.13288863 46112
1 47500U 21006CR  21328.12207124  .00001158  00000-0  68666-4 0  9991
2 47500  97.4775  26.5746 0009339 266.6983  93.3180 15.13290190 46196
1 47500U 21006CR  21328.98167128  .00001083  00000-0  64461-4 0  9990
2 47500  97.4775  27.4177 0009356 263.2293  96.7874 15.13291716 46327
1 47500U 21006CR  21329.44453241  .00001151  00000-0  68288-4 0  9993
2 47500  97.4774  27.8717 0009357 261.3644  98.6527 15.13293131 46396
1 47500U 21006CR  21330.10576179  .00001138  00000-0  67550-4 0  9990
2 47500  97.4774  28.5203 0009391 258.7416 101.2760 15.13294652 46499
1 47500U 21006CR  21330.43637635  .00001329  00000-0  78247-4 0  9998
2 47500  97.4774  28.8446 0009395 257.4203 102.5978 15.13296429 46540
1 47500U 21006CR  21330.89923615  .00001166  00000-0  69082-4 0  9990
2 47500  97.4773  29.2985 0009425 255.5694 104.4492 15.13296758 46614
1 47500U 21006CR  21331.42821884  .00001306  00000-0  76947-4 0  9999
2 47500  97.4773  29.8174 0009438 253.4743 106.5451 15.13298752 46698
1 47500U 21006CR  21331.56046413  .00001380  00000-0  81101-4 0  9991
2 47500  97.4773  29.9471 0009443 252.9400 107.0797 15.13299579 46719
1 47500U 21006CR  21331.89107788  .00001189  00000-0  70421-4 0  9990
2 47500  97.4773  30.2713 0009453 251.5143 108.5061 15.13299407 46768
1 47500U 21006CR  21332.42005907  .00001341  00000-0  78905-4 0  9995
2 47500  97.4772  30.7902 0009476 249.4876 110.5339 15.13301715 46842
1 47500U 21006CR  21332.88291759  .00001236  00000-0  73000-4 0  9991
2 47500  97.4772  31.2442 0009494 247.6352 112.3874 15.13302379 46915
1 47500U 21006CR  21333.14740810  .00001211  00000-0  71638-4 0  9996
2 47500  97.4772  31.5036 0009509 246.6099 113.4132 15.13302927 46953
1 47500U 21006CR  21333.41189744  .00001452  00000-0  85121-4 0  9998
2 47500  97.4772  31.7630 0009517 245.5526 114.4713 15.13305206 46990
1 47500U 21006CR  21333.61026519  .00001359  00000-0  79911-4 0  9996
2 47500  97.4772  31.9576 0009525 244.7371 115.2873 15.13305224 47020
1 47500U 21006CR  21334.13924484  .00001390  00000-0  81667-4 0  9998
2 47500  97.4771  32.4764 0009544 242.6694 117.3566 15.13306894 47105
1 47500U 21006CR  21334.40373440  .00001405  00000-0  82520-4 0  9994
2 47500  97.4771  32.7358 0009553 241.5884 118.4385 15.13307743 47145
1 47500U 21006CR  21334.60210147  .00001445  00000-0  84728-4 0  9996
2 47500  97.4771  32.9304 0009565 240.8285 119.1990 15.13308549 47176
1 47500U 21006CR  21334.99883577  .00001336  00000-0  78625-4 0  9999
2 47500  97.4770  33.3195 0009584 239.2642 120.7646 15.13308990 47231
1 47500U 21006CR  21335.59393552  .00001583  00000-0  92462-4 0  9994
2 47500  97.4769  33.9031 0009609 236.9296 123.1013 15.13312240 47329
1 47500U 21006CR  21336.32127895  .00001734  00000-0  10095-3 0  9990
2 47500  97.4768  34.6165 0009648 234.1476 125.8860 15.13315321 47431
1 47500U 21006CR  21336.58576743  .00001644  00000-0  95915-4 0  9993
2 47500  97.4767  34.8759 0009663 233.0915 126.9431 15.13315625 47471
1 47500U 21006CR  21337.11474343  .00001548  00000-0  90496-4 0  9998
2 47500  97.4766  35.3946 0009697 231.0736 128.9632 15.13316845 47559
1 47500U 21006CR  21337.44535345  .00001565  00000-0  91434-4 0  9996
2 47500  97.4766  35.7189 0009718 229.8000 130.2381 15.13317920 47603
1 47500U 21006CR  21337.57759721  .00001548  00000-0  90480-4 0  9997
2 47500  97.4765  35.8486 0009726 229.2472 130.7915 15.13318318 47621
1 47500U 21006CR  21338.10657162  .00001643  00000-0  95817-4 0  9998
2 47500  97.4764  36.3673 0009762 227.2963 132.7447 15.13320762 47704
1 47500U 21006CR  21338.43718069  .00001611  00000-0  94028-4 0  9996
2 47500  97.4764  36.6916 0009786 226.0271 134.0154 15.13321701 47751
1 47500U 21006CR  21338.90003332  .00001337  00000-0  78662-4 0  9999
2 47500  97.4762  37.1455 0009830 224.2070 135.8376 15.13321723 47827
1 47500U 21006CR  21339.42900679  .00001402  00000-0  82304-4 0  9998
2 47500  97.4762  37.6642 0009867 222.2224 137.8249 15.13323881 47906
1 47500U 21006CR  21339.75961486  .00001362  00000-0  80054-4 0  9992
2 47500  97.4761  37.9884 0009893 220.9524 139.0965 15.13324847 47950
1 47500U 21006CR  21339.89185790  .00001357  00000-0  79785-4 0  9996
2 47500  97.4761  38.1181 0009906 220.4636 139.5859 15.13325318 47970
1 47500U 21006CR  21340.15634419  .00001328  00000-0  78131-4 0  9996
2 47500  97.4760  38.3775 0009924 219.4693 140.5816 15.13326080 48019
1 47500U 21006CR  21341.14816709  .00001205  00000-0  71238-4 0  9995
2 47500  97.4759  39.3502 0010000 215.7162 144.3401 15.13328613 48165
1 47500U 21006CR  21342.40447435  .00001010  00000-0  60253-4 0  9990
2 47500  97.4759  40.5823 0010101 211.0178 149.0458 15.13331069 48357
1 47500U 21006CR  21342.73508107  .00000973  00000-0  58205-4 0  9991
2 47500  97.4758  40.9065 0010130 209.7774 150.2882 15.13331751 48405
1 47500U 21006CR  21343.59465845  .00000922  00000-0  55323-4 0  9999
2 47500  97.4758  41.7494 0010202 206.6374 153.4334 15.13333352 48532
1 47500U 21006CR  21344.05750742  .00000814  00000-0  49272-4 0  9990
2 47500  97.4757  42.2034 0010241 204.9465 155.1273 15.13333696 48602
1 47500U 21006CR  21344.91708350  .00000757  00000-0  46105-4 0  9991
2 47500  97.4756  43.0463 0010320 201.8325 158.2468 15.13334999 48736
1 47500U 21006CR  21345.11544710  .00000750  00000-0  45716-4 0  9992
2 47500  97.4756  43.2408 0010335 201.1373 158.9432 15.13335330 48760
1 47500U 21006CR  21345.44605295  .00000864  00000-0  52090-4 0  9993
2 47500  97.4756  43.5650 0010362 199.9517 160.1310 15.13336529 48813
1 47500U 21006CR  21345.90890109  .00000683  00000-0  41938-4 0  9992
2 47500  97.4755  44.0189 0010415 198.3125 161.7733 15.13336353 48880
1 47500U 21006CR  21346.43786997  .00000811  00000-0  49131-4 0  9996
2 47500  97.4755  44.5376 0010459 196.4621 163.6272 15.13337974 48969
1 47500U 21006CR  21346.90071751  .00000712  00000-0  43577-4 0  9991
2 47500  97.4754  44.9915 0010511 194.8518 165.2406 15.13338269 49031
1 47500U 21006CR  21347.56192762  .00000872  00000-0  52547-4 0  9994
2 47500  97.4754  45.6399 0010572 192.5330 167.5640 15.13340404 49139
1 47500U 21006CR  21347.62804862  .00000869  00000-0  52369-4 0  9990
2 47500  97.4754  45.7048 0010578 192.3076 167.7898 15.13340515 49143
1 47500U 21006CR  21347.89253296  .00000759  00000-0  46208-4 0  9991
2 47500  97.4754  45.9641 0010604 191.3944 168.7049 15.13340279 49187
1 47500U 21006CR  21348.55374255  .00000886  00000-0  53274-4 0  9996
2 47500  97.4754  46.6125 0010672 189.0366 171.0675 15.13342201 49289
1 47500U 21006CR  21349.14883086  .00000792  00000-0  48003-4 0  9999
2 47500  97.4753  47.1961 0010728 186.9753 173.1331 15.13342796 49371
1 47500U 21006CR  21349.54555570  .00000991  00000-0  59201-4 0  9990
2 47500  97.4753  47.5851 0010764 185.5569 174.5545 15.13344745 49438
1 47500U 21006CR  21349.67779732  .00000993  00000-0  59268-4 0  9997
2 47500  97.4753  47.7148 0010775 185.0942 175.0181 15.13345034 49457
1 47500U 21006CR  21350.40512564  .00001065  00000-0  63299-4 0  9998
2 47500  97.4752  48.4280 0010844 182.5228 177.5951 15.13346984 49566
1 47500U 21006CR  21350.73572896  .00001195  00000-0  70632-4 0  9991
2 47500  97.4752  48.7522 0010864 181.4266 178.6937 15.13348458 49610
1 47500U 21006CR  21351.72753838  .00001359  00000-0  79779-4 0  9991
2 47500  97.4750  49.7248 0010953 177.9775 182.1503 15.13351516 49762
1 47500U 21006CR  21352.12426136  .00001418  00000-0  83114-4 0  9998
2 47500  97.4749  50.1138 0010982 176.6627 183.4679 15.13352831 49824
1 47500U 21006CR  21352.71934502  .00001767  00000-0  10264-3 0  9996
2 47500  97.4747  50.6974 0011030 174.6134 185.5218 15.13356315 49914
1 47500U 21006CR  21353.44666837  .00001922  00000-0  11129-3 0  9994
2 47500  97.4746  51.4106 0011091 172.1785 187.9621 15.13359283 50026
1 47500U 21006CR  21353.71114932  .00002002  00000-0  11581-3 0  9990
2 47500  97.4745  51.6699 0011109 171.2908 188.8518 15.13360528 50064
1 47500U 21006CR  21354.43846781  .00002717  00000-0  15577-3 0  9996
2 47500  97.4744  52.3831 0011170 168.8893 191.2587 15.13367726 50175
1 47500U 21006CR  21354.70295031  .00003054  00000-0  17467-3 0  9997
2 47500  97.4742  52.6426 0011264 167.8985 192.2519 15.13367478 50216
1 47500U 21006CR  21355.16578853  .00003053  00000-0  17456-3 0  9991
2 47500  97.4741  53.0964 0011299 166.4004 193.7534 15.13370365 50281
1 47500U 21006CR  21355.69474563  .00002771  00000-0  15879-3 0  9995
2 47500  97.4740  53.6150 0011348 164.6245 195.5333 15.13372803 50360
1 47500U 21006CR  21356.15758183  .00002674  00000-0  15337-3 0  9991
2 47500  97.4738  54.0688 0011375 163.1770 196.9841 15.13375574 50430
1 47500U 21006CR  21356.42205958  .00002841  00000-0  16268-3 0  9998
2 47500  97.4738  54.3281 0011396 162.2668 197.8963 15.13377618 50471
1 47500U 21006CR  21356.75265579  .00003051  00000-0  17442-3 0  9998
2 47500  97.4737  54.6522 0011411 161.2032 198.9623 15.13380546 50528
1 47500U 21006CR  21357.41384761  .00002988  00000-0  17086-3 0  9999
2 47500  97.4736  55.3004 0011470 159.0221 201.1483 15.13384460 50621
1 47500U 21006CR  21357.67832396  .00002977  00000-0  17025-3 0  9990
2 47500  97.4736  55.5597 0011481 158.1945 201.9778 15.13385986 50668
1 47500U 21006CR  21358.40563240  .00002929  00000-0  16756-3 0  9998
2 47500  97.4735  56.2728 0011543 155.8562 204.3212 15.13389981 50770
1 47500U 21006CR  21358.73622661  .00002945  00000-0  16841-3 0  9990
2 47500  97.4735  56.5969 0011566 154.7825 205.3973 15.13391837 50829
1 47500U 21006CR  21359.59576960  .00003100  00000-0  17704-3 0  9998
2 47500  97.4735  57.4397 0011634 152.0467 208.1392 15.13396966 50951
1 47500U 21006CR  21359.72800672  .00003113  00000-0  17781-3 0  9992
2 47500  97.4735  57.5693 0011638 151.6341 208.5526 15.13397711 50975
1 47500U 21006CR  21360.12471775  .00002925  00000-0  16728-3 0  9996
2 47500  97.4735  57.9583 0011669 150.3951 209.7943 15.13399280 51031
1 47500U 21006CR  21360.71978322  .00002951  00000-0  16869-3 0  9996
2 47500  97.4735  58.5417 0011747 148.4325 211.7614 15.13402616 51120
1 47500U 21006CR  21361.44708312  .00003193  00000-0  18218-3 0  9996
2 47500  97.4736  59.2548 0011807 146.1491 214.0496 15.13407626 51232
1 47500U 21006CR  21361.71155416  .00003718  00000-0  21152-3 0  9991
2 47500  97.4736  59.5143 0011827 145.1353 215.0655 15.13411536 51271
1 47500U 21006CR  21362.17437736  .00004377  00000-0  24831-3 0  9999
2 47500  97.4736  59.9678 0011740 143.9790 216.2234 15.13417471 51341
1 47500U 21006CR  21362.70331586  .00005447  00000-0  30800-3 0  9996
2 47500  97.4738  60.4867 0011831 142.0887 218.1179 15.13426047 51425
1 47500U 21006CR  21363.56283941  .00004103  00000-0  23290-3 0  9995
2 47500  97.4734  61.3293 0011883 139.2151 220.9972 15.13431327 51556
1 47500U 21006CR  21363.76119044  .00004015  00000-0  22800-3 0  9997
2 47500  97.4737  61.5240 0011915 138.6279 221.5857 15.13432827 51581
1 47500U 21006CR  21364.15789228  .00003381  00000-0  19258-3 0  9996
2 47500  97.4736  61.9130 0011973 137.2692 222.9472 15.13434528 51645
1 47500U 21006CR  21364.75294411  .00002462  00000-0  14119-3 0  9997
2 47500  97.4734  62.4964 0011988 135.5102 224.7094 15.13436058 51737
1 47500U 21006CR  21365.14964544  .00001969  00000-0  11367-3 0  9995
2 47500  97.4735  62.8853 0012073 134.6250 225.5968 15.13435806 51794
1 47500U 21006CR  21365.61246304  .00001600  00000-0  93018-4 0  9990
2 47500  97.4734  63.3393 0012077 133.0582 227.1662 15.13436809 51864
1 47500U 21006CR  21365.74469656  .00001576  00000-0  91694-4 0  9991
2 47500  97.4734  63.4689 0012085 132.6381 227.5871 15.13437225 51885
1 47500U 21006CR  22001.14139679  .00001477  00000-0  86154-4 0  9997
2 47500  97.4732  63.8579 0012108 131.4037 228.8237 15.13438457 51941

