1 41692U 07052Z   20358.54987199  .00020441  00000-0  46481-2 0  9992
2 41692  65.1311 262.8399 5844799 359.4074   0.1509  4.26613878 93796
1 41692U 07052Z   20360.42495400  .00018150  00000-0  40886-2 0  9998
2 41692  65.1285 262.1247 5844817 359.3050   0.1795  4.26687032    96
1 41692U 07052Z   20360.42495400  .00018150  00000-0  40886-2 0  9998
2 41692  65.1285 262.1247 5844817 359.3050   0.1795  4.26687032 93874
1 41692U 07052Z   20361.36238586  .00015847  00000-0  35648-2 0  9992
2 41692  65.1300 261.7667 5844690 359.2588   0.1955  4.26722225   136
1 41692U 07052Z   20361.83107576  .00017409  00000-0  38936-2 0  9997
2 41692  65.1295 261.5876 5844726 359.2353   0.2041  4.26737528   150
1 41692U 07052Z   20362.29974101  .00019629  00000-0  43565-2 0  9994
2 41692  65.1291 261.4084 5844785 359.2096   0.2136  4.26758792   178
1 41692U 07052Z   20362.53406851  .00018273  00000-0  40387-2 0  9996
2 41692  65.1296 261.3193 5844909 359.1976   0.2185  4.26764999 93966
1 41692U 07052Z   20363.00270738  .00018587  00000-0  40876-2 0  9993
2 41692  65.1291 261.1401 5844924 359.1722   0.2282  4.26781974   202
1 41692U 07052Z   20363.47132736  .00017433  00000-0  38191-2 0  9995
2 41692  65.1280 260.9616 5844906 359.1473   0.2379  4.26800042   225
1 41692U 07052Z   20364.17422163  .00019139  00000-0  41606-2 0  9999
2 41692  65.1278 260.6927 5844908 359.1106   0.2523  4.26824630   252
1 41692U 07052Z   20364.64279557  .00020934  00000-0  45293-2 0  9999
2 41692  65.1277 260.5136 5844901 359.0865   0.2616  4.26840962   277
1 41692U 07052Z   20364.64279557  .00020934  00000-0  45293-2 0  9999
2 41692  65.1277 260.5136 5844901 359.0865   0.2616  4.26840962 94056
1 41692U 07052Z   20365.11134882  .00020190  00000-0  43498-2 0  9992
2 41692  65.1278 260.3344 5844872 359.0621   0.2706  4.26860386   298
1 41692U 07052Z   20365.57988146  .00021096  00000-0  45234-2 0  9998
2 41692  65.1279 260.1554 5844860 359.0377   0.2793  4.26880501   315
1 41692U 07052Z   20366.28263603  .00020379  00000-0  43395-2 0  9990
2 41692  65.1269 259.8865 5844833 359.0011   0.2911  4.26913074   346
1 41692U 07052Z   20366.28263603  .00020379  00000-0  43395-2 0  9990
2 41692  65.1269 259.8865 5844833 359.0011   0.2911  4.26913074 94125
1 41692U 07052Z   20366.98535055  .00016656  00000-0  35161-2 0  9995
2 41692  65.1275 259.6179 5844946 358.9639   0.3017  4.26932867   370
1 41692U 07052Z   20366.98535055  .00016656  00000-0  35161-2 0  9995
2 41692  65.1275 259.6179 5844946 358.9639   0.3017  4.26932867 94159
1 41692U 07052Z   21001.68802682  .00014153  00000-0  29700-2 0  9994
2 41692  65.1258 259.3491 5844978 358.9282   0.3106  4.26953495   407
1 41692U 07052Z   21001.68802682  .00014153  00000-0  29700-2 0  9994
2 41692  65.1258 259.3491 5844978 358.9282   0.3106  4.26953495 94185
1 41692U 07052Z   21002.15645822  .00012960  00000-0  27113-2 0  9998
2 41692  65.1257 259.1696 5845008 358.9038   0.3157  4.26964886   429
1 41692U 07052Z   21002.15645822  .00012960  00000-0  27113-2 0  9998
2 41692  65.1257 259.1696 5845008 358.9038   0.3157  4.26964886 94208
1 41692U 07052Z   21003.32747917  .00014709  00000-0  30680-2 0  9992
2 41692  65.1253 258.7213 5845040 358.8441   0.3255  4.26998715   470
1 41692U 07052Z   21003.79586481  .00013869  00000-0  28896-2 0  9992
2 41692  65.1259 258.5417 5845085 358.8202   0.3286  4.27008881   497
1 41692U 07052Z   21004.03005046  .00013538  00000-0  28130-2 0  9997
2 41692  65.1257 258.4524 5845178 358.8089   0.3301  4.27016277   507
1 41692U 07052Z   21004.03005046  .00013538  00000-0  28130-2 0  9997
2 41692  65.1257 258.4524 5845178 358.8089   0.3301  4.27016277 94285
1 41692U 07052Z   21005.20092996  .00013720  00000-0  28414-2 0  9995
2 41692  65.1247 258.0036 5845319 358.7477   0.3377  4.27047198   551
1 41692U 07052Z   21005.66925900  .00012383  00000-0  25644-2 0  9991
2 41692  65.1250 257.8240 5845361 358.7234   0.3410  4.27058376   577
1 41692U 07052Z   21006.13757550  .00013557  00000-0  28017-2 0  9999
2 41692  65.1248 257.6446 5845395 358.6992   0.3449  4.27070972 94376
1 41692U 07052Z   21006.37172758  .00015964  00000-0  32912-2 0  9999
2 41692  65.1240 257.5552 5845397 358.6875   0.3470  4.27079513   604
1 41692U 07052Z   21006.60587857  .00015053  00000-0  30998-2 0  9996
2 41692  65.1248 257.4658 5845457 358.6760   0.3492  4.27083222   615
1 41692U 07052Z   21007.30830224  .00015224  00000-0  31225-2 0  9997
2 41692  65.1239 257.1976 5845475 358.6402   0.3570  4.27107936   647
1 41692U 07052Z   21007.30830224  .00015224  00000-0  31225-2 0  9997
2 41692  65.1239 257.1976 5845475 358.6402   0.3570  4.27107936 94426
1 41692U 07052Z   21007.77656609  .00014398  00000-0  29430-2 0  9997
2 41692  65.1246 257.0176 5845540 358.6168   0.3629  4.27121275   667
1 41692U 07052Z   21008.01069163  .00013517  00000-0  27576-2 0  9999
2 41692  65.1247 256.9278 5845581 358.6047   0.3665  4.27128868   676
1 41692U 07052Z   21008.47893170  .00010149  00000-0  20709-2 0  9991
2 41692  65.1235 256.7487 5845589 358.5803   0.3737  4.27142698   699
1 41692U 07052Z   21008.94715956  .00011711  00000-0  23740-2 0  9992
2 41692  65.1235 256.5689 5845638 358.5554   0.3816  4.27152000   718
1 41692U 07052Z   21008.94715956  .00011711  00000-0  23740-2 0  9992
2 41692  65.1235 256.5689 5845638 358.5554   0.3816  4.27152000 94496
1 41692U 07052Z   21009.88357552  .00011302  00000-0  22674-2 0  9991
2 41692  65.1232 256.2103 5845701 358.5071   0.3984  4.27176748 94532
1 41692U 07052Z   21010.11767319  .00010000  00000-0  20012-2 0  9993
2 41692  65.1235 256.1205 5845745 358.4951   0.4027  4.27180449   765
1 41692U 07052Z   21011.28810951  .00015109  00000-0  29789-2 0  9998
2 41692  65.1232 255.6719 5845797 358.4355   0.4235  4.27214497   819
1 41692U 07052Z   21011.28810951  .00015109  00000-0  29789-2 0  9998
2 41692  65.1232 255.6719 5845797 358.4355   0.4235  4.27214497 94597
1 41692U 07052Z   21011.75626177  .00018742  00000-0  36772-2 0  9991
2 41692  65.1224 255.4921 5845838 358.4137   0.4308  4.27228091   835
1 41692U 07052Z   21012.22439280  .00019236  00000-0  37532-2 0  9995
2 41692  65.1227 255.3127 5845889 358.3895   0.4380  4.27244704   852
1 41692U 07052Z   21012.69250299  .00016492  00000-0  32010-2 0  9994
2 41692  65.1227 255.1331 5845906 358.3648   0.4448  4.27261494   875
1 41692U 07052Z   21013.16059772  .00012478  00000-0  24064-2 0  9990
2 41692  65.1225 254.9535 5845957 358.3404   0.4508  4.27274201   891
1 41692U 07052Z   21013.62867707  .00012094  00000-0  23206-2 0  9997
2 41692  65.1220 254.7740 5846021 358.3167   0.4560  4.27287821   914
1 41692U 07052Z   21013.62867707  .00012094  00000-0  23206-2 0  9997
2 41692  65.1220 254.7740 5846021 358.3167   0.4560  4.27287821 94692
1 41692U 07052Z   21014.33077530  .00012644  00000-0  24202-2 0  9991
2 41692  65.1214 254.5044 5846034 358.2826   0.4622  4.27302468   944
1 41692U 07052Z   21014.56480179  .00012509  00000-0  23901-2 0  9998
2 41692  65.1215 254.4147 5846070 358.2711   0.4640  4.27308283   953
1 41692U 07052Z   21014.56480179  .00012509  00000-0  23901-2 0  9998
2 41692  65.1215 254.4147 5846070 358.2711   0.4640  4.27308283 94732
1 41692U 07052Z   21015.26686106  .00012317  00000-0  23499-2 0  9993
2 41692  65.1216 254.1449 5846064 358.2348   0.4691  4.27325478   989
1 41692U 07052Z   21015.50087463  .00011297  00000-0  21518-2 0  9997
2 41692  65.1217 254.0553 5846097 358.2227   0.4707  4.27330599   996
1 41692U 07052Z   21016.20290062  .00009822  00000-0  18606-2 0  9991
2 41692  65.1220 253.7862 5846290 358.1867   0.4747  4.27344842  1028
1 41692U 07052Z   21016.20290062  .00009822  00000-0  18606-2 0  9991
2 41692  65.1220 253.7862 5846290 358.1867   0.4747  4.27344842 94806
1 41692U 07052Z   21016.43690308  .00010270  00000-0  19443-2 0  9992
2 41692  65.1211 253.6962 5846326 358.1747   0.4760  4.27350433  1034
1 41692U 07052Z   21017.37288599  .00009216  00000-0  17456-2 0  9991
2 41692  65.1202 253.3366 5846384 358.1269   0.4812  4.27369576  1072
1 41692U 07052Z   21018.07484800  .00011403  00000-0  21561-2 0  9995
2 41692  65.1197 253.0669 5846460 358.0916   0.4855  4.27384576  1109
1 41692U 07052Z   21018.07484800  .00011403  00000-0  21561-2 0  9995
2 41692  65.1197 253.0669 5846460 358.0916   0.4855  4.27384576 94886
1 41692U 07052Z   21018.77679403  .00007260  00000-0  13786-2 0  9993
2 41692  65.1193 252.7973 5846565 358.0565   0.4904  4.27390571 94913
1 41692U 07052Z   21019.24473168  .00014893  00000-0  28026-2 0  9999
2 41692  65.1196 252.6181 5846536 358.0323   0.4944  4.27412842  1150
1 41692U 07052Z   21019.24473168  .00014893  00000-0  28026-2 0  9999
2 41692  65.1196 252.6181 5846536 358.0323   0.4944  4.27412842 94938
1 41692U 07052Z   21019.71266205  .00014173  00000-0  26640-2 0  9994
2 41692  65.1193 252.4380 5846559 358.0089   0.4987  4.27424735  1173
1 41692U 07052Z   21020.18057737  .00011773  00000-0  22163-2 0  9994
2 41692  65.1196 252.2589 5846532 357.9838   0.5039  4.27436688  1197
1 41692U 07052Z   21020.18057737  .00011773  00000-0  22163-2 0  9994
2 41692  65.1196 252.2589 5846532 357.9838   0.5039  4.27436688 94975
1 41692U 07052Z   21020.64848262  .00011856  00000-0  22281-2 0  9999
2 41692  65.1200 252.0791 5846538 357.9595   0.5093  4.27447465  1210
1 41692U 07052Z   21021.58425499  .00010409  00000-0  19494-2 0  9991
2 41692  65.1196 251.7196 5846579 357.9115   0.5215  4.27468324  1259
1 41692U 07052Z   21022.28605522  .00011802  00000-0  21858-2 0  9991
2 41692  65.1186 251.4492 5846747 357.8772   0.5313  4.27485582  1286
1 41692U 07052Z   21022.28605522  .00011802  00000-0  21858-2 0  9991
2 41692  65.1186 251.4492 5846747 357.8772   0.5313  4.27485582 95065
1 41692U 07052Z   21023.22175128  .00011976  00000-0  21928-2 0  9990
2 41692  65.1181 251.0895 5846886 357.8306   0.5455  4.27506002  1324
1 41692U 07052Z   21023.22175128  .00011976  00000-0  21928-2 0  9990
2 41692  65.1181 251.0895 5846886 357.8306   0.5455  4.27506002 95103
1 41692U 07052Z   21023.68958263  .00011526  00000-0  20990-2 0  9998
2 41692  65.1193 250.9098 5846936 357.8065   0.5530  4.27515809  1349
1 41692U 07052Z   21024.15739836  .00012461  00000-0  22564-2 0  9992
2 41692  65.1197 250.7301 5846945 357.7825   0.5605  4.27529308  1365
1 41692U 07052Z   21024.62520072  .00011636  00000-0  20929-2 0  9990
2 41692  65.1200 250.5504 5847007 357.7584   0.5679  4.27540879  1384
1 41692U 07052Z   21025.09298937  .00011621  00000-0  20776-2 0  9998
2 41692  65.1192 250.3704 5847031 357.7349   0.5750  4.27553437  1407
1 41692U 07052Z   21025.09298937  .00011621  00000-0  20776-2 0  9998
2 41692  65.1192 250.3704 5847031 357.7349   0.5750  4.27553437 95185
1 41692U 07052Z   21026.02852751  .00017003  00000-0  30129-2 0  9995
2 41692  65.1173 250.0102 5847062 357.6886   0.5879  4.27581778  1449
1 41692U 07052Z   21026.02852751  .00017003  00000-0  30129-2 0  9995
2 41692  65.1173 250.0102 5847062 357.6886   0.5879  4.27581778 95228
1 41692U 07052Z   21027.19784562  .00016280  00000-0  28527-2 0  9993
2 41692  65.1165 249.5606 5847039 357.6301   0.6013  4.27623220  1493
1 41692U 07052Z   21027.89938662  .00014177  00000-0  24645-2 0  9992
2 41692  65.1167 249.2912 5847087 357.5934   0.6078  4.27642995  1521
1 41692U 07052Z   21028.13322479  .00014299  00000-0  24818-2 0  9990
2 41692  65.1160 249.2009 5847083 357.5818   0.6094  4.27651892  1533
1 41692U 07052Z   21028.13322479  .00014299  00000-0  24818-2 0  9990
2 41692  65.1160 249.2009 5847083 357.5818   0.6094  4.27651892 95312
1 41692U 07052Z   21029.06854192  .00010596  00000-0  18201-2 0  9990
2 41692  65.1158 248.8410 5847158 357.5357   0.6142  4.27676160  1575
1 41692U 07052Z   21029.06854192  .00010596  00000-0  18201-2 0  9990
2 41692  65.1158 248.8410 5847158 357.5357   0.6142  4.27676160 95354
1 41692U 07052Z   21030.23762469  .00011227  00000-0  19266-2 0  9990
2 41692  65.1165 248.3911 5847257 357.4789   0.6168  4.27698960  1628
1 41692U 07052Z   21031.64043462  .00009204  00000-0  15783-2 0  9993
2 41692  65.1173 247.8509 5847372 357.4104   0.6182  4.27729709  1681
1 41692U 07052Z   21031.87422613  .00009003  00000-0  15440-2 0  9994
2 41692  65.1163 247.7612 5847403 357.3981   0.6186  4.27733893 95474
1 41692U 07052Z   21032.10801563  .00010021  00000-0  17168-2 0  9997
2 41692  65.1157 247.6709 5847466 357.3864   0.6191  4.27739101  1709
1 41692U 07052Z   21033.27693088  .00011377  00000-0  19462-2 0  9991
2 41692  65.1155 247.2209 5847566 357.3290   0.6229  4.27760884  1751
1 41692U 07052Z   21033.51070707  .00016277  00000-0  27763-2 0  9992
2 41692  65.1155 247.1309 5847581 357.3177   0.6241  4.27768329  1769
1 41692U 07052Z   21033.51070707  .00016277  00000-0  27763-2 0  9992
2 41692  65.1155 247.1309 5847581 357.3177   0.6241  4.27768329 95548
1 41692U 07052Z   21033.97825063  .00014547  00000-0  24758-2 0  9994
2 41692  65.1156 246.9507 5847631 357.2954   0.6270  4.27778017 95563
1 41692U 07052Z   21034.44577721  .00014464  00000-0  24541-2 0  9990
2 41692  65.1155 246.7708 5847641 357.2728   0.6306  4.27792786  1806
1 41692U 07052Z   21035.14703948  .00014871  00000-0  25083-2 0  9994
2 41692  65.1158 246.5006 5847665 357.2376   0.6378  4.27814258  1834
1 41692U 07052Z   21035.14703948  .00014871  00000-0  25083-2 0  9994
2 41692  65.1158 246.5006 5847665 357.2376   0.6378  4.27814258 95613
1 41692U 07052Z   21036.54948332  .00011136  00000-0  18555-2 0  9994
2 41692  65.1167 245.9606 5847690 357.1680   0.6553  4.27845690  1893
1 41692U 07052Z   21036.54948332  .00011136  00000-0  18555-2 0  9994
2 41692  65.1167 245.9606 5847690 357.1680   0.6553  4.27845690 95672
1 41692U 07052Z   21037.25067076  .00008460  00000-0  13920-2 0  9997
2 41692  65.1143 245.6905 5847836 357.1347   0.6643  4.27856223  1926
1 41692U 07052Z   21037.25067076  .00008460  00000-0  13920-2 0  9997
2 41692  65.1143 245.6905 5847836 357.1347   0.6643  4.27856223 95705
1 41692U 07052Z   21038.18555199  .00014424  00000-0  23571-2 0  9998
2 41692  65.1146 245.3303 5847900 357.0882   0.6759  4.27878135  1961
1 41692U 07052Z   21038.18555199  .00014424  00000-0  23571-2 0  9998
2 41692  65.1146 245.3303 5847900 357.0882   0.6759  4.27878135 95740
1 41692U 07052Z   21038.65297391  .00016218  00000-0  26433-2 0  9990
2 41692  65.1158 245.1502 5847881 357.0653   0.6811  4.27891988  1989
1 41692U 07052Z   21038.88667847  .00014106  00000-0  22863-2 0  9999
2 41692  65.1150 245.0604 5847961 357.0534   0.6833  4.27897023  1991
1 41692U 07052Z   21039.82146465  .00010346  00000-0  16567-2 0  9998
2 41692  65.1149 244.6998 5847986 357.0062   0.6912  4.27918484  2032
1 41692U 07052Z   21039.82146465  .00010346  00000-0  16567-2 0  9998
2 41692  65.1149 244.6998 5847986 357.0062   0.6912  4.27918484 95810
1 41692U 07052Z   21040.05515415  .00009225  00000-0  14710-2 0  9992
2 41692  65.1143 244.6101 5848008 356.9950   0.6925  4.27922792  2044
1 41692U 07052Z   21041.22356389  .00009131  00000-0  14489-2 0  9994
2 41692  65.1137 244.1592 5848074 356.9386   0.6968  4.27945080  2099
1 41692U 07052Z   21041.22356389  .00009131  00000-0  14489-2 0  9994
2 41692  65.1137 244.1592 5848074 356.9386   0.6968  4.27945080 95877
1 41692U 07052Z   21042.15824977  .00010033  00000-0  15932-2 0  9997
2 41692  65.1129 243.7985 5848137 356.8934   0.6981  4.27962083  2131
1 41692U 07052Z   21043.56020646  .00007247  00000-0  11488-2 0  9999
2 41692  65.1127 243.2576 5848258 356.8229   0.6992  4.27985202  2197
1 41692U 07052Z   21043.56020646  .00007247  00000-0  11488-2 0  9999
2 41692  65.1127 243.2576 5848258 356.8229   0.6992  4.27985202 95975
1 41692U 07052Z   21044.49480599  .00010167  00000-0  16180-2 0  9998
2 41692  65.1119 242.8969 5848326 356.7768   0.7003  4.28001401  2232
1 41692U 07052Z   21044.49480613  .00011385  00000-0  18129-2 0  9993
2 41692  65.1111 242.8971 5848309 356.7772   0.7001  4.28001589  2238
1 41692U 07052Z   21045.19573279  .00009940  00000-0  15823-2 0  9994
2 41692  65.1112 242.6271 5848386 356.7436   0.7017  4.28013670  2266
1 41692U 07052Z   21045.19573279  .00009940  00000-0  15823-2 0  9994
2 41692  65.1112 242.6271 5848386 356.7436   0.7017  4.28013670 96045
1 41692U 07052Z   21046.36389177  .00008118  00000-0  12940-2 0  9999
2 41692  65.1114 242.1766 5848440 356.6857   0.7073  4.28037549  2318
1 41692U 07052Z   21047.53199516  .00008484  00000-0  13474-2 0  9994
2 41692  65.1124 241.7259 5848502 356.6265   0.7169  4.28057947  2368
1 41692U 07052Z   21047.53199516  .00008484  00000-0  13474-2 0  9994
2 41692  65.1124 241.7259 5848502 356.6265   0.7169  4.28057947 96147
1 41692U 07052Z   21048.23282391  .00009013  00000-0  14231-2 0  9997
2 41692  65.1091 241.4556 5848545 356.5923   0.7236  4.28075008  2391
1 41692U 07052Z   21048.23282391  .00009013  00000-0  14231-2 0  9997
2 41692  65.1091 241.4556 5848545 356.5923   0.7236  4.28075008 96170
1 41692U 07052Z   21051.03590283  .00009944  00000-0  15250-2 0  9996
2 41692  65.1094 240.3742 5848644 356.4537   0.7581  4.28134948 96293
1 41692U 07052Z   21051.50304104  .00010118  00000-0  15433-2 0  9991
2 41692  65.1096 240.1938 5848641 356.4298   0.7642  4.28146671  2539
1 41692U 07052Z   21051.50304104  .00010118  00000-0  15433-2 0  9991
2 41692  65.1096 240.1938 5848641 356.4298   0.7642  4.28146671 96318
1 41692U 07052Z   21052.90436353  .00015032  00000-0  22677-2 0  9996
2 41692  65.1081 239.6532 5848580 356.3617   0.7793  4.28192206 96379
1 41692U 07052Z   21053.13790371  .00015704  00000-0  23664-2 0  9998
2 41692  65.1079 239.5628 5848558 356.3501   0.7816  4.28199725  2600
1 41692U 07052Z   21053.60497134  .00015613  00000-0  23449-2 0  9991
2 41692  65.1091 239.3827 5848529 356.3267   0.7857  4.28214049  2624
1 41692U 07052Z   21054.53905946  .00012666  00000-0  18843-2 0  9996
2 41692  65.1090 239.0218 5848518 356.2796   0.7919  4.28240989  2663
1 41692U 07052Z   21055.47309522  .00011601  00000-0  17179-2 0  9997
2 41692  65.1086 238.6610 5848511 356.2330   0.7956  4.28262058  2703
1 41692U 07052Z   21055.47309522  .00011601  00000-0  17179-2 0  9997
2 41692  65.1086 238.6610 5848511 356.2330   0.7956  4.28262058 96481
1 41692U 07052Z   21056.40707701  .00014114  00000-0  20960-2 0  9996
2 41692  65.1059 238.3004 5848451 356.1883   0.7965  4.28288126  2740
1 41692U 07052Z   21056.40707701  .00014114  00000-0  20960-2 0  9996
2 41692  65.1059 238.3004 5848451 356.1883   0.7965  4.28288126 96529
1 41692U 07052Z   21058.50832805  .00010631  00000-0  15795-2 0  9993
2 41692  65.1069 237.4886 5848447 356.0846   0.7965  4.28342154  2834
1 41692U 07052Z   21058.50832805  .00010631  00000-0  15795-2 0  9993
2 41692  65.1069 237.4886 5848447 356.0846   0.7965  4.28342154 96613
1 41692U 07052Z   21059.44215007  .00009075  00000-0  13508-2 0  9996
2 41692  65.1055 237.1277 5848513 356.0389   0.7978  4.28357081  2879
1 41692U 07052Z   21059.44215007  .00009075  00000-0  13508-2 0  9996
2 41692  65.1055 237.1277 5848513 356.0389   0.7978  4.28357081 96658
1 41692U 07052Z   21059.90905130  .00007967  00000-0  11867-2 0  9994
2 41692  65.1073 236.9472 5848575 356.0164   0.7993  4.28362600  2894
1 41692U 07052Z   21059.90905130  .00007967  00000-0  11867-2 0  9994
2 41692  65.1073 236.9472 5848575 356.0164   0.7993  4.28362600 96673
1 41692U 07052Z   21064.11056786  .00014298  00000-0  20616-2 0  9994
2 41692  65.1037 235.3240 5848454 355.8116   0.8429  4.28479894  3070
1 41692U 07052Z   21064.57733508  .00013873  00000-0  19945-2 0  9999
2 41692  65.1037 235.1435 5848395 355.7893   0.8488  4.28491296  3096
1 41692U 07052Z   21064.57733508  .00013873  00000-0  19945-2 0  9999
2 41692  65.1037 235.1435 5848395 355.7893   0.8488  4.28491296 96874
1 41692U 07052Z   21065.04409032  .00012327  00000-0  17645-2 0  9992
2 41692  65.1017 234.9637 5848377 355.7655   0.8545  4.28500196  3118
1 41692U 07052Z   21065.04409032  .00012327  00000-0  17645-2 0  9992
2 41692  65.1017 234.9637 5848377 355.7655   0.8545  4.28500196 96895
1 41692U 07052Z   21065.74419818  .00011767  00000-0  16730-2 0  9993
2 41692  65.1021 234.6930 5848385 355.7302   0.8621  4.28517182  3145
1 41692U 07052Z   21066.44427872  .00010841  00000-0  15322-2 0  9998
2 41692  65.1011 234.4224 5848391 355.6957   0.8678  4.28533116  3170
1 41692U 07052Z   21066.91098633  .00010137  00000-0  14291-2 0  9991
2 41692  65.1004 234.2421 5848380 355.6727   0.8708  4.28541352  3199
1 41692U 07052Z   21066.91098633  .00010137  00000-0  14291-2 0  9991
2 41692  65.1004 234.2421 5848380 355.6727   0.8708  4.28541352 96977
1 41692U 07052Z   21067.61102769  .00012218  00000-0  17250-2 0  9995
2 41692  65.1009 233.9712 5848365 355.6389   0.8740  4.28556663  3221
1 41692U 07052Z   21068.54437677  .00012120  00000-0  17112-2 0  9996
2 41692  65.1007 233.6103 5848342 355.5931   0.8764  4.28577311  3260
1 41692U 07052Z   21068.54437677  .00012120  00000-0  17112-2 0  9996
2 41692  65.1007 233.6103 5848342 355.5931   0.8764  4.28577311 97049
1 41692U 07052Z   21069.01103311  .00010146  00000-0  14314-2 0  9991
2 41692  65.1006 233.4305 5848337 355.5698   0.8770  4.28586943  3285
1 41692U 07052Z   21069.94431712  .00008718  00000-0  12339-2 0  9999
2 41692  65.0995 233.0697 5848336 355.5228   0.8786  4.28603412 97101
1 41692U 07052Z   21070.41094666  .00008486  00000-0  12044-2 0  9991
2 41692  65.0991 232.8890 5848337 355.4996   0.8797  4.28611057  3340
1 41692U 07052Z   21070.64425936  .00008212  00000-0  11672-2 0  9997
2 41692  65.0983 232.7985 5848345 355.4884   0.8800  4.28613706  3359
1 41692U 07052Z   21071.11087847  .00008906  00000-0  12689-2 0  9994
2 41692  65.0974 232.6181 5848337 355.4657   0.8814  4.28621135  3377
1 41692U 07052Z   21071.11087874  .00009415  00000-0  13404-2 0  9996
2 41692  65.0981 232.6182 5848349 355.4657   0.8813  4.28621147  3371
1 41692U 07052Z   21071.11087874  .00009415  00000-0  13404-2 0  9996
2 41692  65.0981 232.6182 5848349 355.4657   0.8813  4.28621147 97150
1 41692U 07052Z   21072.51066990  .00014094  00000-0  20050-2 0  9991
2 41692  65.0972 232.0769 5848259 355.3958   0.8892  4.28657912  3432
1 41692U 07052Z   21072.51067044  .00012091  00000-0  17236-2 0  9999
2 41692  65.0974 232.0764 5848266 355.3958   0.8893  4.28655445  3437
1 41692U 07052Z   21072.51067044  .00012091  00000-0  17236-2 0  9999
2 41692  65.0974 232.0764 5848266 355.3958   0.8893  4.28655445 97216
1 41692U 07052Z   21073.44378988  .00013157  00000-0  18742-2 0  9991
2 41692  65.0964 231.7155 5848142 355.3475   0.8981  4.28685838  3474
1 41692U 07052Z   21073.44378988  .00013157  00000-0  18742-2 0  9991
2 41692  65.0964 231.7155 5848142 355.3475   0.8981  4.28685838 97253
1 41692U 07052Z   21074.14358923  .00014605  00000-0  20737-2 0  9992
2 41692  65.0957 231.4452 5848078 355.3120   0.9061  4.28708574  3505
1 41692U 07052Z   21074.14358923  .00014605  00000-0  20737-2 0  9992
2 41692  65.0957 231.4452 5848078 355.3120   0.9061  4.28708574 97283
1 41692U 07052Z   21075.30985439  .00014022  00000-0  19823-2 0  9996
2 41692  65.0956 230.9937 5848010 355.2544   0.9220  4.28738341  3558
1 41692U 07052Z   21075.54309815  .00011953  00000-0  16916-2 0  9990
2 41692  65.0956 230.9036 5847993 355.2426   0.9255  4.28743876  3564
1 41692U 07052Z   21075.54309815  .00011953  00000-0  16916-2 0  9990
2 41692  65.0956 230.9036 5847993 355.2426   0.9255  4.28743876 97343
1 41692U 07052Z   21076.47604535  .00010863  00000-0  15292-2 0  9995
2 41692  65.0953 230.5429 5847964 355.1945   0.9406  4.28763764  3607
1 41692U 07052Z   21076.70927575  .00009842  00000-0  13847-2 0  9992
2 41692  65.0947 230.4531 5847952 355.1829   0.9443  4.28768120  3614
1 41692U 07052Z   21076.70927575  .00009842  00000-0  13847-2 0  9992
2 41692  65.0947 230.4531 5847952 355.1829   0.9443  4.28768120 97392
1 41692U 07052Z   21077.17572817  .00011543  00000-0  16151-2 0  9991
2 41692  65.0943 230.2728 5847923 355.1587   0.9521  4.28779034  3630
1 41692U 07052Z   21077.17572817  .00011543  00000-0  16151-2 0  9991
2 41692  65.0943 230.2728 5847923 355.1587   0.9521  4.28779034 97419
1 41692U 07052Z   21078.10860379  .00010096  00000-0  14011-2 0  9993
2 41692  65.0933 229.9117 5847925 355.1122   0.9670  4.28795250  3670
1 41692U 07052Z   21078.10860379  .00010096  00000-0  14011-2 0  9993
2 41692  65.0933 229.9117 5847925 355.1122   0.9670  4.28795250 97459
1 41692U 07052Z   21079.50783765  .00014601  00000-0  20050-2 0  9997
2 41692  65.0930 229.3703 5847818 355.0419   0.9875  4.28830125  3736
1 41692U 07052Z   21079.50783765  .00014601  00000-0  20050-2 0  9997
2 41692  65.0930 229.3703 5847818 355.0419   0.9875  4.28830125 97515
1 41692U 07052Z   21079.74102858  .00016589  00000-0  22754-2 0  9991
2 41692  65.0928 229.2803 5847785 355.0300   0.9906  4.28839880  3748
1 41692U 07052Z   21079.74102858  .00016589  00000-0  22754-2 0  9991
2 41692  65.0928 229.2803 5847785 355.0300   0.9906  4.28839880 97527
1 41692U 07052Z   21081.37324663  .00016636  00000-0  22698-2 0  9993
2 41692  65.0916 228.6483 5847523 354.9457   1.0085  4.28895156  3819
1 41692U 07052Z   21082.30585701  .00016238  00000-0  22120-2 0  9997
2 41692  65.0907 228.2875 5847454 354.8999   1.0150  4.28919190  3855
1 41692U 07052Z   21082.30585701  .00016238  00000-0  22120-2 0  9997
2 41692  65.0907 228.2875 5847454 354.8999   1.0150  4.28919190 97634
1 41692U 07052Z   21083.00527489  .00015539  00000-0  21175-2 0  9996
2 41692  65.0904 228.0158 5847362 354.8644   1.0191  4.28941244  3882
1 41692U 07052Z   21083.47153422  .00015771  00000-0  21505-2 0  9994
2 41692  65.0904 227.8355 5847313 354.8403   1.0214  4.28955468  3909
1 41692U 07052Z   21083.47153422  .00015771  00000-0  21505-2 0  9994
2 41692  65.0904 227.8355 5847313 354.8403   1.0214  4.28955468 97687
1 41692U 07052Z   21086.50185159  .00015640  00000-0  21425-2 0  9999
2 41692  65.0884 226.6613 5847023 354.6896   1.0383  4.29045676  4036
1 41692U 07052Z   21086.50185170  .00015621  00000-0  21408-2 0  9992
2 41692  65.0888 226.6637 5847012 354.6879   1.0387  4.29045354  4032
1 41692U 07052Z   21086.50185170  .00015621  00000-0  21408-2 0  9992
2 41692  65.0888 226.6637 5847012 354.6879   1.0387  4.29045354 97810
1 41692U 07052Z   21087.43413179  .00015225  00000-0  20839-2 0  9995
2 41692  65.0885 226.3025 5846931 354.6402   1.0489  4.29073117  4073
1 41692U 07052Z   21087.66719255  .00015824  00000-0  21654-2 0  9995
2 41692  65.0877 226.2111 5846874 354.6280   1.0520  4.29080277  4081
1 41692U 07052Z   21087.66719255  .00015824  00000-0  21654-2 0  9995
2 41692  65.0877 226.2111 5846874 354.6280   1.0520  4.29080277 97869
1 41692U 07052Z   21088.36635847  .00011252  00000-0  15438-2 0  9991
2 41692  65.0872 225.9407 5846831 354.5919   1.0624  4.29095739  4119
1 41692U 07052Z   21088.36635847  .00011252  00000-0  15438-2 0  9991
2 41692  65.0872 225.9407 5846831 354.5919   1.0624  4.29095739 97896
1 41692U 07052Z   21090.46370792  .00013598  00000-0  18337-2 0  9996
2 41692  65.0858 225.1287 5846670 354.4877   1.0998  4.29145283  4208
1 41692U 07052Z   21090.46370792  .00013598  00000-0  18337-2 0  9996
2 41692  65.0858 225.1287 5846670 354.4877   1.0998  4.29145283 97985
1 41692U 07052Z   21091.62877727  .00015222  00000-0  20345-2 0  9993
2 41692  65.0852 224.6778 5846518 354.4275   1.1213  4.29183043 98035
1 41692U 07052Z   21091.62877746  .00012823  00000-0  17129-2 0  9994
2 41692  65.0846 224.6780 5846540 354.4254   1.1218  4.29182106  4258
1 41692U 07052Z   21092.32777560  .00012994  00000-0  17309-2 0  9994
2 41692  65.0839 224.4063 5846425 354.3899   1.1330  4.29199672  4282
1 41692U 07052Z   21092.32777560  .00012994  00000-0  17309-2 0  9994
2 41692  65.0839 224.4063 5846425 354.3899   1.1330  4.29199672 98061
1 41692U 07052Z   21093.72568800  .00013198  00000-0  17505-2 0  9999
2 41692  65.0831 223.8652 5846296 354.3202   1.1505  4.29233805  4343
1 41692U 07052Z   21093.72568800  .00013198  00000-0  17505-2 0  9999
2 41692  65.0831 223.8652 5846296 354.3202   1.1505  4.29233805 98122
1 41692U 07052Z   21097.45294338  .00011545  00000-0  15501-2 0  9993
2 41692  65.0809 222.4197 5846008 354.1305   1.1779  4.29311882  4503
1 41692U 07052Z   21097.45294338  .00011545  00000-0  15501-2 0  9993
2 41692  65.0809 222.4197 5846008 354.1305   1.1779  4.29311882 98281
1 41692U 07052Z   21098.15172690  .00013818  00000-0  18560-2 0  9990
2 41692  65.0808 222.1497 5845918 354.0933   1.1845  4.29330669  4538
1 41692U 07052Z   21099.31630426  .00009374  00000-0  12747-2 0  9998
2 41692  65.0796 221.6989 5845808 354.0308   1.1989  4.29356036  4588
1 41692U 07052Z   21099.31630426  .00009374  00000-0  12747-2 0  9998
2 41692  65.0796 221.6989 5845808 354.0308   1.1989  4.29356036 98367
1 41692U 07052Z   21100.94661274  .00011978  00000-0  16169-2 0  9990
2 41692  65.0790 221.0667 5845700 353.9463   1.2252  4.29389141  4655
1 41692U 07052Z   21101.41239034  .00012944  00000-0  17428-2 0  9991
2 41692  65.0790 220.8851 5845629 353.9214   1.2343  4.29401027  4672
1 41692U 07052Z   21101.41239034  .00012944  00000-0  17428-2 0  9991
2 41692  65.0790 220.8851 5845629 353.9214   1.2343  4.29401027 98451
1 41692U 07052Z   21102.11103375  .00010421  00000-0  14069-2 0  9993
2 41692  65.0789 220.6146 5845555 353.8842   1.2484  4.29416751  4709
1 41692U 07052Z   21102.11103375  .00010421  00000-0  14069-2 0  9993
2 41692  65.0789 220.6146 5845555 353.8842   1.2484  4.29416751 98487
1 41692U 07052Z   21104.20681436  .00012276  00000-0  16296-2 0  9998
2 41692  65.0779 219.8016 5845346 353.7744   1.2934  4.29464707 98574
1 41692U 07052Z   21104.43966408  .00012234  00000-0  16215-2 0  9993
2 41692  65.0778 219.7114 5845319 353.7625   1.2983  4.29470477  4807
1 41692U 07052Z   21105.60386482  .00014522  00000-0  19076-2 0  9991
2 41692  65.0776 219.2605 5845172 353.7009   1.3219  4.29501429  4858
1 41692U 07052Z   21105.83669616  .00010481  00000-0  13759-2 0  9991
2 41692  65.0776 219.1702 5845193 353.6869   1.3267  4.29504125  4861
1 41692U 07052Z   21106.06952301  .00011496  00000-0  15063-2 0  9990
2 41692  65.0772 219.0804 5845159 353.6747   1.3312  4.29510811  4877
1 41692U 07052Z   21106.06952301  .00011496  00000-0  15063-2 0  9990
2 41692  65.0772 219.0804 5845159 353.6747   1.3312  4.29510811 98656
1 41692U 07052Z   21108.16479783  .00016537  00000-0  21518-2 0  9994
2 41692  65.0772 218.2677 5844797 353.5658   1.3631  4.29578644  4965
1 41692U 07052Z   21108.16479783  .00016537  00000-0  21518-2 0  9994
2 41692  65.0772 218.2677 5844797 353.5658   1.3631  4.29578644 98733
1 41692U 07052Z   21109.09590150  .00015179  00000-0  19763-2 0  9999
2 41692  65.0776 217.9069 5844567 353.5157   1.3741  4.29617291 98775
1 41692U 07052Z   21109.56142687  .00015653  00000-0  20403-2 0  9999
2 41692  65.0770 217.7251 5844471 353.4921   1.3787  4.29633009  5023
1 41692U 07052Z   21110.25968450  .00014737  00000-0  19241-2 0  9991
2 41692  65.0763 217.4543 5844374 353.4558   1.3851  4.29654437  5057
1 41692U 07052Z   21111.19064179  .00015201  00000-0  19796-2 0  9992
2 41692  65.0776 217.0944 5844425 353.4020   1.3944  4.29681003  5099
1 41692U 07052Z   21111.19064179  .00015201  00000-0  19796-2 0  9992
2 41692  65.0776 217.0944 5844425 353.4020   1.3944  4.29681003 98866
1 41692U 07052Z   21112.12153335  .00014819  00000-0  19372-2 0  9993
2 41692  65.0782 216.7331 5844245 353.3533   1.4033  4.29713190 98905
1 41692U 07052Z   21112.35424694  .00013693  00000-0  17934-2 0  9998
2 41692  65.0782 216.6428 5844214 353.3409   1.4059  4.29719540  5146
1 41692U 07052Z   21113.05237041  .00011586  00000-0  15308-2 0  9996
2 41692  65.0758 216.3691 5844014 353.3080   1.4134  4.29735712  5177
1 41692U 07052Z   21113.28507271  .00009986  00000-0  13285-2 0  9999
2 41692  65.0757 216.2784 5843904 353.2986   1.4160  4.29739959  5186
1 41692U 07052Z   21113.28507271  .00009986  00000-0  13285-2 0  9999
2 41692  65.0757 216.2784 5843904 353.2986   1.4160  4.29739959 98953
1 41692U 07052Z   21114.21585892  .00012604  00000-0  16620-2 0  9995
2 41692  65.0767 215.9202 5843925 353.2476   1.4305  4.29758992  5229
1 41692U 07052Z   21114.44854820  .00013529  00000-0  17788-2 0  9993
2 41692  65.0763 215.8304 5843920 353.2344   1.4350  4.29765970  5231
1 41692U 07052Z   21114.91391675  .00014557  00000-0  19100-2 0  9991
2 41692  65.0763 215.6486 5843828 353.2109   1.4434  4.29779326 99029
1 41692U 07052Z   21115.14659574  .00013800  00000-0  18130-2 0  9994
2 41692  65.0761 215.5566 5843757 353.1990   1.4476  4.29785435  5260
1 41692U 07052Z   21116.54257804  .00016153  00000-0  20986-2 0  9995
2 41692  65.0766 215.0152 5843527 353.1257   1.4773  4.29835221  5328
1 41692U 07052Z   21116.54257848  .00015162  00000-0  19710-2 0  9995
2 41692  65.0766 215.0156 5843534 353.1250   1.4778  4.29834756  5320
1 41692U 07052Z   21116.54257848  .00015162  00000-0  19710-2 0  9995
2 41692  65.0766 215.0156 5843534 353.1250   1.4778  4.29834756 99097
1 41692U 07052Z   21117.24051441  .00013009  00000-0  16846-2 0  9999
2 41692  65.0763 214.7448 5843443 353.0890   1.4929  4.29854811  5350
1 41692U 07052Z   21117.24051441  .00013009  00000-0  16846-2 0  9999
2 41692  65.0763 214.7448 5843443 353.0890   1.4929  4.29854811 99128
1 41692U 07052Z   21118.17104965  .00014755  00000-0  18975-2 0  9996
2 41692  65.0759 214.3827 5843321 353.0423   1.5123  4.29877922  5398
1 41692U 07052Z   21119.33413905  .00013154  00000-0  16824-2 0  9995
2 41692  65.0767 213.9309 5843140 352.9808   1.5340  4.29909769  5443
1 41692U 07052Z   21120.26455389  .00010698  00000-0  13671-2 0  9998
2 41692  65.0755 213.5683 5842969 352.9341   1.5473  4.29930237  5486
1 41692U 07052Z   21120.26455389  .00010698  00000-0  13671-2 0  9998
2 41692  65.0755 213.5683 5842969 352.9341   1.5473  4.29930237 99254
1 41692U 07052Z   21120.96233651  .00010293  00000-0  13154-2 0  9998
2 41692  65.0744 213.2971 5842910 352.8984   1.5552  4.29943970  5519
1 41692U 07052Z   21122.12525586  .00011728  00000-0  15054-2 0  9994
2 41692  65.0783 212.8484 5842779 352.8375   1.5658  4.29968345 99336
1 41692U 07052Z   21122.35783031  .00012925  00000-0  16607-2 0  9995
2 41692  65.0784 212.7581 5842733 352.8259   1.5676  4.29975496  5573
1 41692U 07052Z   21123.52065501  .00010926  00000-0  14124-2 0  9991
2 41692  65.0797 212.3068 5842635 352.7629   1.5771  4.30003547  5627
1 41692U 07052Z   21124.21831709  .00009736  00000-0  12640-2 0  9997
2 41692  65.0767 212.0329 5842632 352.7255   1.5834  4.30017224  5653
1 41692U 07052Z   21124.21831709  .00009736  00000-0  12640-2 0  9997
2 41692  65.0767 212.0329 5842632 352.7255   1.5834  4.30017224 99421
1 41692U 07052Z   21125.14850325  .00009430  00000-0  12307-2 0  9996
2 41692  65.0779 211.6712 5842581 352.6751   1.5937  4.30033467  5695
1 41692U 07052Z   21126.31118832  .00008820  00000-0  11580-2 0  9990
2 41692  65.0784 211.2196 5842482 352.6143   1.6097  4.30054131  5743
1 41692U 07052Z   21126.54371921  .00007901  00000-0  10411-2 0  9996
2 41692  65.0786 211.1297 5842481 352.6013   1.6138  4.30057378  5754
1 41692U 07052Z   21126.54371921  .00007901  00000-0  10411-2 0  9996
2 41692  65.0786 211.1297 5842481 352.6013   1.6138  4.30057378 99522
1 41692U 07052Z   21127.00877374  .00007677  00000-0  10127-2 0  9995
2 41692  65.0785 210.9489 5842447 352.5762   1.6220  4.30065670  5773
1 41692U 07052Z   21128.86891500  .00009414  00000-0  12244-2 0  9990
2 41692  65.0789 210.2253 5842316 352.4795   1.6584  4.30097351  5852
1 41692U 07052Z   21129.10142335  .00008795  00000-0  11454-2 0  9996
2 41692  65.0790 210.1340 5842269 352.4675   1.6633  4.30100688  5868
1 41692U 07052Z   21129.10142335  .00008795  00000-0  11454-2 0  9996
2 41692  65.0790 210.1340 5842269 352.4675   1.6633  4.30100688 99636
1 41692U 07052Z   21129.33392866  .00009863  00000-0  12789-2 0  9996
2 41692  65.0792 210.0437 5842236 352.4554   1.6683  4.30106014  5871
1 41692U 07052Z   21129.79893501  .00007839  00000-0  10183-2 0  9995
2 41692  65.0800 209.8634 5842214 352.4305   1.6784  4.30112048  5894
1 41692U 07052Z   21130.26393045  .00008465  00000-0  10930-2 0  9993
2 41692  65.0803 209.6826 5842170 352.4056   1.6885  4.30121398  5915
1 41692U 07052Z   21130.72891825  .00007714  00000-0  99206-3 0  9993
2 41692  65.0803 209.5022 5842175 352.3793   1.6989  4.30128522  5937
1 41692U 07052Z   21131.19389692  .00008489  00000-0  10848-2 0  9993
2 41692  65.0800 209.3210 5842145 352.3549   1.7083  4.30137216  5955
1 41692U 07052Z   21131.42638214  .00008328  00000-0  10624-2 0  9990
2 41692  65.0806 209.2308 5842116 352.3429   1.7129  4.30141743  5965
1 41692U 07052Z   21131.42638214  .00008328  00000-0  10624-2 0  9990
2 41692  65.0806 209.2308 5842116 352.3429   1.7129  4.30141743 99733
1 41692U 07052Z   21132.12382604  .00008406  00000-0  10657-2 0  9990
2 41692  65.0808 208.9595 5842051 352.3062   1.7263  4.30153640  5993
1 41692U 07052Z   21134.91329481  .00009921  00000-0  12425-2 0  9991
2 41692  65.0824 207.8743 5841624 352.1596   1.7673  4.30229358  6119
1 41692U 07052Z   21135.14572883  .00010706  00000-0  13417-2 0  9998
2 41692  65.0823 207.7837 5841589 352.1478   1.7697  4.30235098  6125
1 41692U 07052Z   21135.14572883  .00010706  00000-0  13417-2 0  9998
2 41692  65.0823 207.7837 5841589 352.1478   1.7697  4.30235098 99891
1 41692U 07052Z   21137.93470991  .00009672  00000-0  12260-2 0  9999
2 41692  65.0839 206.6966 5841257 352.0019   1.7923  4.30298711100011
1 41692U 07052Z   21138.16710575  .00010165  00000-0  12899-2 0  9997
2 41692  65.0840 206.6063 5841219 351.9901   1.7940  4.30304585  6254
1 41692U 07052Z   21138.86427486  .00011652  00000-0  14816-2 0  9993
2 41692  65.0839 206.3344 5841117 351.9553   1.7993  4.30322661  6287
1 41692U 07052Z   21139.09665883  .00012256  00000-0  15523-2 0  9991
2 41692  65.0855 206.2454 5841220 351.9378   1.8024  4.30328758  6296
1 41692U 07052Z   21139.09665883  .00012256  00000-0  15523-2 0  9991
2 41692  65.0855 206.2454 5841220 351.9378   1.8024  4.30328758100066
1 41692U 07052Z   21140.25852787  .00012278  00000-0  15631-2 0  9996
2 41692  65.0873 205.7935 5840961 351.8791   1.8145  4.30359003  6340
1 41692U 07052Z   21141.18796576  .00013778  00000-0  17513-2 0  9999
2 41692  65.0875 205.4315 5840774 351.8319   1.8272  4.30385260  6388
1 41692U 07052Z   21141.18796576  .00013778  00000-0  17513-2 0  9999
2 41692  65.0875 205.4315 5840774 351.8319   1.8272  4.30385260100158
1 41692U 07052Z   21141.88500836  .00010318  00000-0  13154-2 0  9992
2 41692  65.0871 205.1590 5840646 351.7977   1.8381  4.30401873  6417
1 41692U 07052Z   21142.11735022  .00010558  00000-0  13409-2 0  9995
2 41692  65.0858 205.0674 5840681 351.7845   1.8423  4.30407643  6426
1 41692U 07052Z   21142.11735022  .00010558  00000-0  13409-2 0  9995
2 41692  65.0858 205.0674 5840681 351.7845   1.8423  4.30407643100195
1 41692U 07052Z   21143.27901386  .00012269  00000-0  15378-2 0  9999
2 41692  65.0909 204.6186 5840621 351.7190   1.8650  4.30436913  6472
1 41692U 07052Z   21143.27901386  .00012269  00000-0  15378-2 0  9999
2 41692  65.0909 204.6186 5840621 351.7190   1.8650  4.30436913100242
1 41692U 07052Z   21144.44060393  .00010617  00000-0  13214-2 0  9995
2 41692  65.0909 204.1650 5840397 351.6614   1.8863  4.30462583  6527
1 41692U 07052Z   21145.13752607  .00009609  00000-0  11883-2 0  9997
2 41692  65.0910 203.8935 5840321 351.6260   1.8981  4.30476128  6559
1 41692U 07052Z   21145.13752607  .00009609  00000-0  11883-2 0  9997
2 41692  65.0910 203.8935 5840321 351.6260   1.8981  4.30476128100329
1 41692U 07052Z   21145.83442736  .00013297  00000-0  16428-2 0  9991
2 41692  65.0913 203.6214 5840226 351.5916   1.9082  4.30491379  6582
1 41692U 07052Z   21146.06672219  .00014540  00000-0  17953-2 0  9994
2 41692  65.0921 203.5314 5840213 351.5784   1.9114  4.30496866  6593
1 41692U 07052Z   21146.06672219  .00014540  00000-0  17953-2 0  9994
2 41692  65.0921 203.5314 5840213 351.5784   1.9114  4.30496866100363
1 41692U 07052Z   21146.99587540  .00010665  00000-0  13104-2 0  9996
2 41692  65.0933 203.1696 5840105 351.5309   1.9213  4.30513110100405
1 41692U 07052Z   21147.22815578  .00011227  00000-0  13809-2 0  9995
2 41692  65.0934 203.0792 5840059 351.5191   1.9232  4.30519289  6644
1 41692U 07052Z   21148.15723407  .00012516  00000-0  15465-2 0  9999
2 41692  65.0939 202.7175 5839835 351.4727   1.9289  4.30548874  6682
1 41692U 07052Z   21148.15723407  .00012516  00000-0  15465-2 0  9999
2 41692  65.0939 202.7175 5839835 351.4727   1.9289  4.30548874100452
1 41692U 07052Z   21149.08625771  .00010544  00000-0  13071-2 0  9997
2 41692  65.0975 202.3592 5839701 351.4240   1.9329  4.30571148  6723
1 41692U 07052Z   21150.24747012  .00012963  00000-0  16185-2 0  9996
2 41692  65.0975 201.9044 5839537 351.3648   1.9367  4.30600821  6776
1 41692U 07052Z   21150.24747012  .00012963  00000-0  16185-2 0  9996
2 41692  65.0975 201.9044 5839537 351.3648   1.9367  4.30600821100546
1 41692U 07052Z   21151.40860989  .00010593  00000-0  13341-2 0  9992
2 41692  65.0969 201.4498 5839367 351.3062   1.9422  4.30626162  6822
1 41692U 07052Z   21151.40860989  .00010593  00000-0  13341-2 0  9992
2 41692  65.0969 201.4498 5839367 351.3062   1.9422  4.30626162100591
1 41692U 07052Z   21152.10526285  .00009535  00000-0  12081-2 0  9992
2 41692  65.0973 201.1776 5839249 351.2721   1.9469  4.30640078  6859
1 41692U 07052Z   21152.80189594  .00009793  00000-0  12436-2 0  9997
2 41692  65.0975 200.9058 5839159 351.2375   1.9533  4.30653294  6885
1 41692U 07052Z   21153.03410287  .00010365  00000-0  13142-2 0  9991
2 41692  65.0991 200.8167 5839165 351.2238   1.9562  4.30657772  6896
1 41692U 07052Z   21153.03410287  .00010365  00000-0  13142-2 0  9991
2 41692  65.0991 200.8167 5839165 351.2238   1.9562  4.30657772100666
1 41692U 07052Z   21154.19509620  .00010921  00000-0  13859-2 0  9992
2 41692  65.0988 200.3614 5838945 351.1653   1.9712  4.30682660  6946
1 41692U 07052Z   21154.89166118  .00010060  00000-0  12758-2 0  9991
2 41692  65.0994 200.0901 5838856 351.1292   1.9819  4.30696985  6975
1 41692U 07052Z   21155.82037194  .00010770  00000-0  13604-2 0  9995
2 41692  65.1027 199.7310 5838667 351.0819   1.9971  4.30719912  7016
1 41692U 07052Z   21156.05254310  .00011154  00000-0  14095-2 0  9994
2 41692  65.1056 199.6432 5838566 351.0707   2.0009  4.30725175  7029
1 41692U 07052Z   21156.05254310  .00011154  00000-0  14095-2 0  9994
2 41692  65.1056 199.6432 5838566 351.0707   2.0009  4.30725175100797
1 41692U 07052Z   21157.21334982  .00013112  00000-0  16334-2 0  9991
2 41692  65.1049 199.1892 5838595 351.0051   2.0213  4.30755439  7078
1 41692U 07052Z   21157.21334982  .00013112  00000-0  16334-2 0  9991
2 41692  65.1049 199.1892 5838595 351.0051   2.0213  4.30755439100847
1 41692U 07052Z   21158.37407837  .00009090  00000-0  11246-2 0  9996
2 41692  65.1030 198.7336 5838391 350.9461   2.0388  4.30780554  7128
1 41692U 07052Z   21158.37407837  .00009090  00000-0  11246-2 0  9996
2 41692  65.1030 198.7336 5838391 350.9461   2.0388  4.30780554100896
1 41692U 07052Z   21158.83834763  .00010507  00000-0  12991-2 0  9992
2 41692  65.1036 198.5524 5838261 350.9239   2.0447  4.30793338  7142
1 41692U 07052Z   21159.07047817  .00010251  00000-0  12648-2 0  9990
2 41692  65.1037 198.4620 5838246 350.9115   2.0478  4.30798376  7157
1 41692U 07052Z   21159.07047817  .00010251  00000-0  12648-2 0  9990
2 41692  65.1037 198.4620 5838246 350.9115   2.0478  4.30798376100926
1 41692U 07052Z   21160.23107349  .00015205  00000-0  18828-2 0  9997
2 41692  65.1047 198.0083 5837881 350.8565   2.0594  4.30834894  7200
1 41692U 07052Z   21160.23107349  .00015205  00000-0  18828-2 0  9997
2 41692  65.1047 198.0083 5837881 350.8565   2.0594  4.30834894100978
1 41692U 07052Z   21161.39158148  .00012357  00000-0  15203-2 0  9997
2 41692  65.1070 197.5571 5837794 350.7913   2.0694  4.30863754  7254
1 41692U 07052Z   21161.39158148  .00012357  00000-0  15203-2 0  9997
2 41692  65.1070 197.5571 5837794 350.7913   2.0694  4.30863754101024
1 41692U 07052Z   21162.08784427  .00013523  00000-0  16683-2 0  9998
2 41692  65.1074 197.2855 5837639 350.7564   2.0730  4.30883594  7288
1 41692U 07052Z   21162.08784427  .00013523  00000-0  16683-2 0  9998
2 41692  65.1074 197.2855 5837639 350.7564   2.0730  4.30883594101058
1 41692U 07052Z   21163.94438013  .00015050  00000-0  18689-2 0  9996
2 41692  65.1108 196.5605 5837265 350.6611   2.0792  4.30944128101136
1 41692U 07052Z   21164.17642751  .00014319  00000-0  17798-2 0  9995
2 41692  65.1119 196.4700 5837214 350.6488   2.0799  4.30951806  7378
1 41692U 07052Z   21164.87254395  .00013368  00000-0  16692-2 0  9990
2 41692  65.1127 196.1988 5837019 350.6140   2.0818  4.30974920  7408
1 41692U 07052Z   21165.80064842  .00012487  00000-0  15732-2 0  9995
2 41692  65.1131 195.8360 5836708 350.5709   2.0847  4.31000149  7447
1 41692U 07052Z   21165.80064842  .00012487  00000-0  15732-2 0  9995
2 41692  65.1131 195.8360 5836708 350.5709   2.0847  4.31000149101217
1 41692U 07052Z   21167.19270163  .00017339  00000-0  21809-2 0  9997
2 41692  65.1142 195.2939 5836506 350.4976   2.0944  4.31044819  7503
1 41692U 07052Z   21167.19270163  .00017339  00000-0  21809-2 0  9997
2 41692  65.1142 195.2939 5836506 350.4976   2.0944  4.31044819101272
1 41692U 07052Z   21168.35262423  .00015665  00000-0  19702-2 0  9995
2 41692  65.1132 194.8392 5836208 350.4376   2.1067  4.31087292  7557
1 41692U 07052Z   21168.81656308  .00016402  00000-0  20618-2 0  9993
2 41692  65.1145 194.6589 5836060 350.4151   2.1123  4.31104138  7578
1 41692U 07052Z   21169.04852669  .00015057  00000-0  18909-2 0  9992
2 41692  65.1139 194.5678 5836027 350.4030   2.1154  4.31110879  7582
1 41692U 07052Z   21169.97634662  .00015327  00000-0  19173-2 0  9999
2 41692  65.1152 194.2057 5835838 350.3560   2.1285  4.31135810  7623
1 41692U 07052Z   21170.90410584  .00014404  00000-0  17939-2 0  9992
2 41692  65.1161 193.8432 5835604 350.3086   2.1419  4.31164606101437
1 41692U 07052Z   21171.13603400  .00014227  00000-0  17762-2 0  9996
2 41692  65.1192 193.7559 5835419 350.2987   2.1448  4.31173107  7672
1 41692U 07052Z   21172.06371741  .00012279  00000-0  15256-2 0  9990
2 41692  65.1199 193.3940 5835176 350.2522   2.1561  4.31198825  7719
1 41692U 07052Z   21172.06371741  .00012279  00000-0  15256-2 0  9990
2 41692  65.1199 193.3940 5835176 350.2522   2.1561  4.31198825101488
1 41692U 07052Z   21173.45514269  .00017344  00000-0  21625-2 0  9993
2 41692  65.1183 192.8489 5834878 350.1845   2.1669  4.31235817  7777
1 41692U 07052Z   21174.15079725  .00017434  00000-0  21754-2 0  9997
2 41692  65.1194 192.5759 5834697 350.1490   2.1701  4.31261860  7809
1 41692U 07052Z   21175.31013495  .00014062  00000-0  17616-2 0  9994
2 41692  65.1205 192.1239 5834334 350.0902   2.1717  4.31300489  7859
1 41692U 07052Z   21175.31013495  .00014062  00000-0  17616-2 0  9994
2 41692  65.1205 192.1239 5834334 350.0902   2.1717  4.31300489101629
1 41692U 07052Z   21177.16486547  .00016783  00000-0  21337-2 0  9998
2 41692  65.1195 191.3999 5833815 349.9988   2.1704  4.31360768  7936
1 41692U 07052Z   21177.16486547  .00016783  00000-0  21337-2 0  9998
2 41692  65.1195 191.3999 5833815 349.9988   2.1704  4.31360768101706
1 41692U 07052Z   21178.32393158  .00015764  00000-0  20207-2 0  9995
2 41692  65.1202 190.9461 5833437 349.9393   2.1728  4.31404005  7988
1 41692U 07052Z   21178.32393158  .00015764  00000-0  20207-2 0  9995
2 41692  65.1202 190.9461 5833437 349.9393   2.1728  4.31404005101758
1 41692U 07052Z   21178.78752781  .00015832  00000-0  20331-2 0  9990
2 41692  65.1236 190.7653 5833325 349.9162   2.1747  4.31420152  8002
1 41692U 07052Z   21179.94644672  .00019157  00000-0  24699-2 0  9993
2 41692  65.1234 190.3122 5832974 349.8592   2.1825  4.31458946101825
1 41692U 07052Z   21180.87351141  .00019078  00000-0  24671-2 0  9995
2 41692  65.1244 189.9503 5832668 349.8126   2.1921  4.31489803  8094
1 41692U 07052Z   21180.87351141  .00019078  00000-0  24671-2 0  9995
2 41692  65.1244 189.9503 5832668 349.8126   2.1921  4.31489803101863
1 41692U 07052Z   21181.10526631  .00017573  00000-0  22733-2 0  9995
2 41692  65.1244 189.8597 5832608 349.7998   2.1951  4.31498515  8101
1 41692U 07052Z   21181.80050269  .00021425  00000-0  27698-2 0  9997
2 41692  65.1245 189.5881 5832364 349.7649   2.2040  4.31527968  8135
1 41692U 07052Z   21182.03223813  .00019776  00000-0  25584-2 0  9998
2 41692  65.1244 189.4977 5832278 349.7530   2.2072  4.31536774  8143
1 41692U 07052Z   21182.95912819  .00020125  00000-0  26051-2 0  9990
2 41692  65.1258 189.1359 5831930 349.7063   2.2201  4.31573658101953
1 41692U 07052Z   21183.88594280  .00021151  00000-0  27374-2 0  9990
2 41692  65.1257 188.7734 5831611 349.6604   2.2327  4.31608780  8220
1 41692U 07052Z   21184.11763370  .00020052  00000-0  25940-2 0  9991
2 41692  65.1251 188.6818 5831536 349.6485   2.2358  4.31618430  8237
1 41692U 07052Z   21184.11763370  .00020052  00000-0  25940-2 0  9991
2 41692  65.1251 188.6818 5831536 349.6485   2.2358  4.31618430102007
1 41692U 07052Z   21184.81267736  .00017662  00000-0  22833-2 0  9994
2 41692  65.1252 188.4106 5831290 349.6127   2.2446  4.31645065  8261
1 41692U 07052Z   21185.27601521  .00016101  00000-0  20800-2 0  9998
2 41692  65.1265 188.2305 5831129 349.5886   2.2500  4.31662240  8283
1 41692U 07052Z   21185.97098991  .00018584  00000-0  24026-2 0  9997
2 41692  65.1263 187.9589 5830916 349.5534   2.2570  4.31686545  8319
1 41692U 07052Z   21185.97098991  .00018584  00000-0  24026-2 0  9997
2 41692  65.1263 187.9589 5830916 349.5534   2.2570  4.31686545102088
1 41692U 07052Z   21186.89756524  .00020481  00000-0  26543-2 0  9997
2 41692  65.1273 187.5968 5830618 349.5073   2.2643  4.31716266102123
1 41692U 07052Z   21187.36082442  .00020403  00000-0  26465-2 0  9998
2 41692  65.1264 187.4162 5830444 349.4830   2.2674  4.31736898  8374
1 41692U 07052Z   21188.98206760  .00016622  00000-0  21648-2 0  9994
2 41692  65.1278 186.7818 5829878 349.3994   2.2747  4.31800451  8444
1 41692U 07052Z   21188.98206760  .00016622  00000-0  21648-2 0  9994
2 41692  65.1278 186.7818 5829878 349.3994   2.2747  4.31800451102214
1 41692U 07052Z   21189.44523628  .00017347  00000-0  22676-2 0  9998
2 41692  65.1268 186.6011 5829696 349.3770   2.2755  4.31817555  8461
1 41692U 07052Z   21190.37152460  .00018152  00000-0  23885-2 0  9992
2 41692  65.1282 186.2388 5829382 349.3308   2.2773  4.31849042  8500
1 41692U 07052Z   21190.37152460  .00018152  00000-0  23885-2 0  9992
2 41692  65.1282 186.2388 5829382 349.3308   2.2773  4.31849042102279
1 41692U 07052Z   21190.83464254  .00016839  00000-0  22219-2 0  9990
2 41692  65.1297 186.0569 5829235 349.3071   2.2785  4.31864953  8522
1 41692U 07052Z   21191.29774296  .00017311  00000-0  22925-2 0  9991
2 41692  65.1296 185.8767 5829067 349.2832   2.2796  4.31881950  8545
1 41692U 07052Z   21191.76082548  .00015781  00000-0  20959-2 0  9999
2 41692  65.1308 185.6949 5828930 349.2593   2.2811  4.31897980  8561
1 41692U 07052Z   21191.99236006  .00014914  00000-0  19846-2 0  9994
2 41692  65.1307 185.6045 5828846 349.2474   2.2820  4.31906148  8579
1 41692U 07052Z   21191.99236006  .00014914  00000-0  19846-2 0  9994
2 41692  65.1307 185.6045 5828846 349.2474   2.2820  4.31906148102349
1 41692U 07052Z   21192.45541938  .00013545  00000-0  18101-2 0  9991
2 41692  65.1295 185.4241 5828699 349.2243   2.2837  4.31917983  8590
1 41692U 07052Z   21192.91846580  .00016695  00000-0  22349-2 0  9991
2 41692  65.1304 185.2422 5828567 349.2012   2.2862  4.31931929  8615
1 41692U 07052Z   21193.84451659  .00017954  00000-0  24152-2 0  9996
2 41692  65.1306 184.8801 5828256 349.1553   2.2927  4.31959495  8651
1 41692U 07052Z   21194.77050306  .00014179  00000-0  19158-2 0  9999
2 41692  65.1303 184.5184 5827942 349.1073   2.3022  4.31990023  8690
1 41692U 07052Z   21194.77050306  .00014179  00000-0  19158-2 0  9999
2 41692  65.1303 184.5184 5827942 349.1073   2.3022  4.31990023102460
1 41692U 07052Z   21195.46495213  .00013642  00000-0  18450-2 0  9994
2 41692  65.1292 184.2473 5827716 349.0713   2.3109  4.32010844  8729
1 41692U 07052Z   21195.92790037  .00017395  00000-0  23483-2 0  9998
2 41692  65.1300 184.0663 5827585 349.0480   2.3172  4.32026440  8744
1 41692U 07052Z   21195.92790037  .00017395  00000-0  23483-2 0  9998
2 41692  65.1300 184.0663 5827585 349.0480   2.3172  4.32026440102514
1 41692U 07052Z   21196.85374808  .00017612  00000-0  23757-2 0  9991
2 41692  65.1294 183.7044 5827276 349.0016   2.3304  4.32057515  8785
1 41692U 07052Z   21198.01095130  .00015836  00000-0  21342-2 0  9993
2 41692  65.1297 183.2523 5826809 348.9417   2.3474  4.32101686  8832
1 41692U 07052Z   21198.01095130  .00015836  00000-0  21342-2 0  9993
2 41692  65.1297 183.2523 5826809 348.9417   2.3474  4.32101686102602
1 41692U 07052Z   21198.93663405  .00015551  00000-0  20959-2 0  9997
2 41692  65.1294 182.8901 5826463 348.8950   2.3589  4.32133150  8873
1 41692U 07052Z   21199.39945195  .00015367  00000-0  20715-2 0  9992
2 41692  65.1304 182.7094 5826323 348.8729   2.3633  4.32146137  8897
1 41692U 07052Z   21201.48192494  .00017632  00000-0  24098-2 0  9997
2 41692  65.1301 181.8953 5825487 348.7673   2.3757  4.32217821  8981
1 41692U 07052Z   21201.48192494  .00017632  00000-0  24098-2 0  9997
2 41692  65.1301 181.8953 5825487 348.7673   2.3757  4.32217821102751
1 41692U 07052Z   21201.94464461  .00016480  00000-0  22592-2 0  9991
2 41692  65.1307 181.7139 5825292 348.7435   2.3769  4.32236997  9004
1 41692U 07052Z   21203.10127603  .00028378  00000-0  39337-2 0  9999
2 41692  65.1149 181.2630 5824568 348.6891   2.3777  4.32326748  9057
1 41692U 07052Z   21203.10127603  .00028378  00000-0  39337-2 0  9999
2 41692  65.1149 181.2630 5824568 348.6891   2.3777  4.32326748102826
1 41692U 07052Z   21204.25790420  .00014764  00000-0  20675-2 0  9998
2 41692  65.1137 180.8114 5824576 348.6306   2.3796  4.32298515  9103
1 41692U 07052Z   21204.95177865  .00025745  00000-0  36253-2 0  9997
2 41692  65.1175 180.5384 5823844 348.5911   2.3841  4.32384972  9136
1 41692U 07052Z   21206.33934575  .00017633  00000-0  24929-2 0  9994
2 41692  65.1285 179.9942 5823450 348.5079   2.3978  4.32452253  9193
1 41692U 07052Z   21206.33934575  .00017633  00000-0  24929-2 0  9994
2 41692  65.1285 179.9942 5823450 348.5079   2.3978  4.32452253102962
1 41692U 07052Z   21206.80184111  .00027497  00000-0  39163-2 0  9994
2 41692  65.1290 179.8135 5823024 348.4977   2.4004  4.32462876  9211
1 41692U 07052Z   21207.26430207  .00021194  00000-0  30347-2 0  9998
2 41692  65.1286 179.6333 5822763 348.4742   2.4064  4.32484580  9237
1 41692U 07052Z   21207.26430207  .00021194  00000-0  30347-2 0  9998
2 41692  65.1286 179.6333 5822763 348.4742   2.4064  4.32484580103007
1 41692U 07052Z   21208.88274669  .00020445  00000-0  29450-2 0  9996
2 41692  65.1286 179.0000 5822046 348.3896   2.4319  4.32552173  9300
1 41692U 07052Z   21208.88274669  .00020445  00000-0  29450-2 0  9996
2 41692  65.1286 179.0000 5822046 348.3896   2.4319  4.32552173103079
1 41692U 07052Z   21210.03863191  .00023021  00000-0  33256-2 0  9992
2 41692  65.1282 178.5480 5821518 348.3309   2.4514  4.32599971  9353
1 41692U 07052Z   21210.96323432  .00021129  00000-0  30581-2 0  9998
2 41692  65.1297 178.1868 5821076 348.2815   2.4669  4.32644987103168
1 41692U 07052Z   21211.19437036  .00019899  00000-0  28822-2 0  9996
2 41692  65.1289 178.0971 5820963 348.2697   2.4705  4.32655107  9404
1 41692U 07052Z   21211.88774771  .00019402  00000-0  28126-2 0  9999
2 41692  65.1291 177.8251 5820681 348.2332   2.4809  4.32683775  9438
1 41692U 07052Z   21212.34997568  .00019169  00000-0  27833-2 0  9996
2 41692  65.1280 177.6452 5820480 348.2095   2.4872  4.32700536  9457
1 41692U 07052Z   21212.34997568  .00019169  00000-0  27833-2 0  9996
2 41692  65.1280 177.6452 5820480 348.2095   2.4872  4.32700536103227
1 41692U 07052Z   21213.73654485  .00018252  00000-0  26627-2 0  9990
2 41692  65.1281 177.1028 5819908 348.1366   2.5035  4.32752721  9517
1 41692U 07052Z   21214.19869672  .00017159  00000-0  25078-2 0  9991
2 41692  65.1280 176.9221 5819723 348.1116   2.5082  4.32769722  9539
1 41692U 07052Z   21214.89189319  .00017688  00000-0  25964-2 0  9992
2 41692  65.1284 176.6501 5819443 348.0750   2.5143  4.32793298  9569
1 41692U 07052Z   21214.89189319  .00017688  00000-0  25964-2 0  9992
2 41692  65.1284 176.6501 5819443 348.0750   2.5143  4.32793298103339
1 41692U 07052Z   21216.74019451  .00021169  00000-0  31518-2 0  9998
2 41692  65.1273 175.9269 5818595 347.9803   2.5274  4.32872452  9648
1 41692U 07052Z   21216.74019451  .00021169  00000-0  31518-2 0  9998
2 41692  65.1273 175.9269 5818595 347.9803   2.5274  4.32872452103418
1 41692U 07052Z   21217.43322153  .00015508  00000-0  23250-2 0  9995
2 41692  65.1268 175.6566 5818286 347.9432   2.5324  4.32898437  9674
1 41692U 07052Z   21217.89521731  .00016843  00000-0  25346-2 0  9999
2 41692  65.1263 175.4761 5818107 347.9183   2.5360  4.32914432103465
1 41692U 07052Z   21218.12620844  .00015181  00000-0  22897-2 0  9993
2 41692  65.1279 175.3850 5818028 347.9061   2.5379  4.32922322  9706
1 41692U 07052Z   21218.12620844  .00015181  00000-0  22897-2 0  9993
2 41692  65.1279 175.3850 5818028 347.9061   2.5379  4.32922322103475
1 41692U 07052Z   21219.97398564  .00023815  00000-0  36310-2 0  9996
2 41692  65.1276 174.6620 5817193 347.8103   2.5562  4.33000571103554
1 41692U 07052Z   21220.20493124  .00020311  00000-0  31061-2 0  9998
2 41692  65.1264 174.5724 5817068 347.7978   2.5593  4.33012283  9793
1 41692U 07052Z   21220.66680712  .00019186  00000-0  29425-2 0  9998
2 41692  65.1258 174.3919 5816873 347.7730   2.5657  4.33031149  9815
1 41692U 07052Z   21220.66680712  .00019186  00000-0  29425-2 0  9998
2 41692  65.1258 174.3919 5816873 347.7730   2.5657  4.33031149103584
1 41692U 07052Z   21221.35958909  .00017618  00000-0  27128-2 0  9997
2 41692  65.1246 174.1208 5816609 347.7366   2.5763  4.33053118  9844
1 41692U 07052Z   21221.35958909  .00017618  00000-0  27128-2 0  9997
2 41692  65.1246 174.1208 5816609 347.7366   2.5763  4.33053118103614
1 41692U 07052Z   21221.82142335  .00016958  00000-0  26156-2 0  9993
2 41692  65.1241 173.9403 5816433 347.7126   2.5840  4.33068633  9868
1 41692U 07052Z   21222.97593772  .00019422  00000-0  30011-2 0  9999
2 41692  65.1237 173.4887 5815941 347.6526   2.6052  4.33109343  9916
1 41692U 07052Z   21224.13034186  .00016700  00000-0  25839-2 0  9996
2 41692  65.1240 173.0366 5815481 347.5903   2.6279  4.33148857  9964
1 41692U 07052Z   21224.13034186  .00016700  00000-0  25839-2 0  9996
2 41692  65.1240 173.0366 5815481 347.5903   2.6279  4.33148857103734
1 41692U 07052Z   21224.82293644  .00015816  00000-0  24470-2 0  9995
2 41692  65.1238 172.7657 5815228 347.5537   2.6410  4.33170011  9999
1 41692U 07052Z   21225.97718742  .00017547  00000-0  27234-2 0  9997
2 41692  65.1234 172.3142 5814762 347.4939   2.6602  4.33204897 10048
1 41692U 07052Z   21225.97718742  .00017547  00000-0  27234-2 0  9997
2 41692  65.1234 172.3142 5814762 347.4939   2.6602  4.33204897103816
1 41692U 07052Z   21226.90051311  .00016099  00000-0  25091-2 0  9993
2 41692  65.1240 171.9530 5814353 347.4452   2.6727  4.33235876 10080
1 41692U 07052Z   21227.13133401  .00017052  00000-0  26630-2 0  9990
2 41692  65.1245 171.8627 5814247 347.4328   2.6755  4.33243655 10091
1 41692U 07052Z   21227.82377242  .00015158  00000-0  23775-2 0  9991
2 41692  65.1251 171.5922 5813957 347.3960   2.6825  4.33266059 10126
1 41692U 07052Z   21228.05457683  .00017931  00000-0  28217-2 0  9992
2 41692  65.1234 171.5025 5813841 347.3843   2.6845  4.33274325 10131
1 41692U 07052Z   21228.05457683  .00017931  00000-0  28217-2 0  9992
2 41692  65.1234 171.5025 5813841 347.3843   2.6845  4.33274325103909
1 41692U 07052Z   21229.90085616  .00016276  00000-0  26090-2 0  9998
2 41692  65.1235 170.7795 5813041 347.2868   2.6976  4.33337594 10217
1 41692U 07052Z   21229.90085616  .00016276  00000-0  26090-2 0  9998
2 41692  65.1235 170.7795 5813041 347.2868   2.6976  4.33337594103984
1 41692U 07052Z   21230.36238014  .00016692  00000-0  26878-2 0  9998
2 41692  65.1216 170.5997 5812824 347.2622   2.7011  4.33358357 10237
1 41692U 07052Z   21230.36238014  .00016692  00000-0  26878-2 0  9998
2 41692  65.1216 170.5997 5812824 347.2622   2.7011  4.33358357104006
1 41692U 07052Z   21231.28538030  .00014278  00000-0  23257-2 0  9997
2 41692  65.1207 170.2385 5812451 347.2138   2.7088  4.33385497 10276
1 41692U 07052Z   21231.28538030  .00014278  00000-0  23257-2 0  9997
2 41692  65.1207 170.2385 5812451 347.2138   2.7088  4.33385497104045
1 41692U 07052Z   21232.20831951  .00016257  00000-0  26333-2 0  9995
2 41692  65.1247 169.8777 5812494 347.1667   2.7183  4.33420127 10313
1 41692U 07052Z   21232.66976237  .00016016  00000-0  26397-2 0  9995
2 41692  65.1220 169.6961 5811819 347.1406   2.7254  4.33435619 10331
1 41692U 07052Z   21232.66976237  .00016016  00000-0  26397-2 0  9995
2 41692  65.1220 169.6961 5811819 347.1406   2.7254  4.33435619104100
1 41692U 07052Z   21233.36188666  .00015926  00000-0  26365-2 0  9998
2 41692  65.1246 169.4264 5811483 347.1025   2.7368  4.33467881 10362
1 41692U 07052Z   21233.36188666  .00015926  00000-0  26365-2 0  9998
2 41692  65.1246 169.4264 5811483 347.1025   2.7368  4.33467881104131
1 41692U 07052Z   21233.82328038  .00016727  00000-0  27757-2 0  9994
2 41692  65.1216 169.2451 5811278 347.0777   2.7448  4.33482281 10382
1 41692U 07052Z   21234.28465697  .00015596  00000-0  25977-2 0  9993
2 41692  65.1202 169.0655 5811064 347.0531   2.7537  4.33498153 10409
1 41692U 07052Z   21235.89936193  .00015911  00000-0  26655-2 0  9990
2 41692  65.1216 168.4333 5810386 346.9668   2.7873  4.33546697 10472
1 41692U 07052Z   21235.89936193  .00015911  00000-0  26655-2 0  9990
2 41692  65.1216 168.4333 5810386 346.9668   2.7873  4.33546697104241
1 41692U 07052Z   21237.28323799  .00016387  00000-0  27539-2 0  9997
2 41692  65.1201 167.8930 5809790 346.8913   2.8173  4.33591997 10535
1 41692U 07052Z   21237.74450239  .00019044  00000-0  32049-2 0  9993
2 41692  65.1211 167.7118 5809558 346.8685   2.8262  4.33607407 10556
1 41692U 07052Z   21238.43635936  .00019954  00000-0  33654-2 0  9992
2 41692  65.1206 167.4423 5809241 346.8312   2.8398  4.33633340 10580
1 41692U 07052Z   21238.89757450  .00019038  00000-0  32133-2 0  9992
2 41692  65.1204 167.2611 5809064 346.8064   2.8480  4.33651136 10600
1 41692U 07052Z   21238.89757450  .00019038  00000-0  32133-2 0  9992
2 41692  65.1204 167.2611 5809064 346.8064   2.8480  4.33651136104378
1 41692U 07052Z   21240.05052366  .00020325  00000-0  34438-2 0  9998
2 41692  65.1197 166.8104 5808560 346.7426   2.8672  4.33698667 10652
1 41692U 07052Z   21240.74222125  .00023881  00000-0  40577-2 0  9997
2 41692  65.1194 166.5396 5808206 346.7054   2.8773  4.33736655 10688
1 41692U 07052Z   21240.74222125  .00023881  00000-0  40577-2 0  9997
2 41692  65.1194 166.5396 5808206 346.7054   2.8773  4.33736655104457
1 41692U 07052Z   21241.89493104  .00035171  00000-0  60180-2 0  9998
2 41692  65.1196 166.0886 5807614 346.6442   2.8920  4.33792148 10730
1 41692U 07052Z   21241.89493104  .00035171  00000-0  60180-2 0  9998
2 41692  65.1196 166.0886 5807614 346.6442   2.8920  4.33792148104509
1 41692U 07052Z   21242.81700227  .00035476  00000-0  61390-2 0  9990
2 41692  65.1199 165.7263 5806970 346.6002   2.9018  4.33833654 10775
1 41692U 07052Z   21242.81700227  .00035476  00000-0  61390-2 0  9990
2 41692  65.1199 165.7263 5806970 346.6002   2.9018  4.33833654104544
1 41692U 07052Z   21243.04751026  .00028459  00000-0  49294-2 0  9991
2 41692  65.1198 165.6365 5806931 346.5862   2.9047  4.33838575 10786
1 41692U 07052Z   21243.04751026  .00028459  00000-0  49294-2 0  9991
2 41692  65.1198 165.6365 5806931 346.5862   2.9047  4.33838575104555
1 41692U 07052Z   21243.73900702  .00023343  00000-0  40643-2 0  9990
2 41692  65.1194 165.3657 5806666 346.5488   2.9127  4.33861711 10813
1 41692U 07052Z   21243.73900702  .00023343  00000-0  40643-2 0  9990
2 41692  65.1194 165.3657 5806666 346.5488   2.9127  4.33861711104581
1 41692U 07052Z   21244.89141325  .00020150  00000-0  35512-2 0  9998
2 41692  65.1198 164.9143 5806120 346.4892   2.9262  4.33899831 10864
1 41692U 07052Z   21246.04370692  .00014676  00000-0  26116-2 0  9994
2 41692  65.1194 164.4652 5805747 346.4215   2.9433  4.33940277 10910
1 41692U 07052Z   21246.04370692  .00014676  00000-0  26116-2 0  9994
2 41692  65.1194 164.4652 5805747 346.4215   2.9433  4.33940277104688
1 41692U 07052Z   21246.73503528  .00018730  00000-0  33344-2 0  9992
2 41692  65.1194 164.1944 5805491 346.3841   2.9543  4.33964120 10949
1 41692U 07052Z   21246.73503528  .00018730  00000-0  33344-2 0  9992
2 41692  65.1194 164.1944 5805491 346.3841   2.9543  4.33964120104718
1 41692U 07052Z   21247.88716535  .00018214  00000-0  32655-2 0  9994
2 41692  65.1195 163.7432 5804976 346.3233   2.9749  4.34004316 10995
1 41692U 07052Z   21247.88716535  .00018214  00000-0  32655-2 0  9994
2 41692  65.1195 163.7432 5804976 346.3233   2.9749  4.34004316104764
1 41692U 07052Z   21249.03918873  .00016366  00000-0  29481-2 0  9991
2 41692  65.1199 163.2926 5804493 346.2592   2.9991  4.34043949 11044
1 41692U 07052Z   21249.73035340  .00016413  00000-0  29569-2 0  9997
2 41692  65.1193 163.0222 5804230 346.2214   3.0143  4.34067723 11075
1 41692U 07052Z   21251.34293282  .00019437  00000-0  35068-2 0  9998
2 41692  65.1175 162.3931 5803531 346.1355   3.0496  4.34121807104913
1 41692U 07052Z   21251.57328620  .00016792  00000-0  30320-2 0  9995
2 41692  65.1172 162.3021 5803440 346.1238   3.0541  4.34126289 11152
1 41692U 07052Z   21251.57328620  .00016792  00000-0  30320-2 0  9995
2 41692  65.1172 162.3021 5803440 346.1238   3.0541  4.34126289104920
1 41692U 07052Z   21252.72497903  .00015540  00000-0  28106-2 0  9993
2 41692  65.1167 161.8517 5802948 346.0607   3.0763  4.34167950 11203
1 41692U 07052Z   21253.18562725  .00015132  00000-0  27451-2 0  9998
2 41692  65.1190 161.6714 5802705 346.0364   3.0839  4.34181678 11226
1 41692U 07052Z   21253.87657158  .00016914  00000-0  30815-2 0  9996
2 41692  65.1199 161.4008 5802412 345.9997   3.0938  4.34203449 11258
1 41692U 07052Z   21253.87657158  .00016914  00000-0  30815-2 0  9996
2 41692  65.1199 161.4008 5802412 345.9997   3.0938  4.34203449105027
1 41692U 07052Z   21254.10687621  .00022263  00000-0  40670-2 0  9995
2 41692  65.1190 161.3117 5802271 345.9871   3.0970  4.34216881 11264
1 41692U 07052Z   21254.10687621  .00022263  00000-0  40670-2 0  9995
2 41692  65.1190 161.3117 5802271 345.9871   3.0970  4.34216881105033
1 41692U 07052Z   21254.79776525  .00015768  00000-0  28921-2 0  9999
2 41692  65.1201 161.0405 5801977 345.9495   3.1050  4.34237342 11296
1 41692U 07052Z   21254.79776525  .00015768  00000-0  28921-2 0  9999
2 41692  65.1201 161.0405 5801977 345.9495   3.1050  4.34237342105065
1 41692U 07052Z   21257.10045796  .00016469  00000-0  30922-2 0  9999
2 41692  65.1194 160.1402 5800944 345.8268   3.1264  4.34315784 11399
1 41692U 07052Z   21257.10045796  .00016469  00000-0  30922-2 0  9999
2 41692  65.1194 160.1402 5800944 345.8268   3.1264  4.34315784105168
1 41692U 07052Z   21258.25165830  .00014531  00000-0  27635-2 0  9993
2 41692  65.1199 159.6893 5800448 345.7650   3.1386  4.34352980 11444
1 41692U 07052Z   21258.25165830  .00014531  00000-0  27635-2 0  9993
2 41692  65.1199 159.6893 5800448 345.7650   3.1386  4.34352980105213
1 41692U 07052Z   21259.86320050  .00013418  00000-0  25898-2 0  9990
2 41692  65.1207 159.0591 5799834 345.6797   3.1618  4.34390274105282
1 41692U 07052Z   21260.09341171  .00011423  00000-0  22210-2 0  9993
2 41692  65.1181 158.9697 5799627 345.6676   3.1659  4.34396274 11528
1 41692U 07052Z   21261.24441124  .00015886  00000-0  30868-2 0  9995
2 41692  65.1190 158.5188 5799190 345.6053   3.1882  4.34428080 11577
1 41692U 07052Z   21261.93496647  .00009527  00000-0  18705-2 0  9992
2 41692  65.1189 158.2487 5798885 345.5679   3.2027  4.34446357 11600
1 41692U 07052Z   21261.93496647  .00009527  00000-0  18705-2 0  9992
2 41692  65.1189 158.2487 5798885 345.5679   3.2027  4.34446357105378
1 41692U 07052Z   21263.31600136  .00012720  00000-0  24939-2 0  9991
2 41692  65.1184 157.7084 5798308 345.4939   3.2321  4.34481125 11665
1 41692U 07052Z   21263.31600136  .00012720  00000-0  24939-2 0  9991
2 41692  65.1184 157.7084 5798308 345.4939   3.2321  4.34481125105434
1 41692U 07052Z   21264.23663500  .00010998  00000-0  21616-2 0  9991
2 41692  65.1187 157.3485 5797955 345.4444   3.2507  4.34499401 11704
1 41692U 07052Z   21264.23663500  .00010998  00000-0  21616-2 0  9991
2 41692  65.1187 157.3485 5797955 345.4444   3.2507  4.34499401105472
1 41692U 07052Z   21265.15722607  .00013328  00000-0  26191-2 0  9990
2 41692  65.1191 156.9885 5797674 345.3949   3.2677  4.34519836 11742
1 41692U 07052Z   21266.30789131  .00014760  00000-0  29145-2 0  9996
2 41692  65.1192 156.5382 5797181 345.3325   3.2864  4.34552770 11799
1 41692U 07052Z   21266.30789131  .00014760  00000-0  29145-2 0  9996
2 41692  65.1192 156.5382 5797181 345.3325   3.2864  4.34552770105568
1 41692U 07052Z   21267.22835892  .00013006  00000-0  25913-2 0  9995
2 41692  65.1193 156.1787 5796611 345.2830   3.2994  4.34581786 11830
1 41692U 07052Z   21267.68856944  .00012918  00000-0  25791-2 0  9991
2 41692  65.1193 155.9987 5796465 345.2585   3.3050  4.34593619 11857
1 41692U 07052Z   21268.14876613  .00013260  00000-0  26560-2 0  9994
2 41692  65.1194 155.8185 5796292 345.2338   3.3105  4.34604960 11876
1 41692U 07052Z   21268.14876613  .00013260  00000-0  26560-2 0  9994
2 41692  65.1194 155.8185 5796292 345.2338   3.3105  4.34604960105645
1 41692U 07052Z   21269.29919892  .00013908  00000-0  28098-2 0  9995
2 41692  65.1203 155.3682 5795836 345.1719   3.3230  4.34640342 11928
1 41692U 07052Z   21269.29919892  .00013908  00000-0  28098-2 0  9995
2 41692  65.1203 155.3682 5795836 345.1719   3.3230  4.34640342105696
1 41692U 07052Z   21270.67960424  .00010740  00000-0  22027-2 0  9993
2 41692  65.1215 154.8271 5795262 345.0961   3.3379  4.34675703 11989
1 41692U 07052Z   21270.90966036  .00014348  00000-0  29522-2 0  9999
2 41692  65.1217 154.7382 5795063 345.0869   3.3399  4.34682644 11994
1 41692U 07052Z   21270.90966036  .00014348  00000-0  29522-2 0  9999
2 41692  65.1217 154.7382 5795063 345.0869   3.3399  4.34682644105763
1 41692U 07052Z   21272.98000597  .00013737  00000-0  28579-2 0  9992
2 41692  65.1234 153.9280 5794456 344.9763   3.3654  4.34745553 12081
1 41692U 07052Z   21272.98000597  .00013737  00000-0  28579-2 0  9992
2 41692  65.1234 153.9280 5794456 344.9763   3.3654  4.34745553105859
1 41692U 07052Z   21274.59008024  .00018897  00000-0  39528-2 0  9992
2 41692  65.1243 153.2979 5793822 344.8892   3.3911  4.34790732 12150
1 41692U 07052Z   21275.05006902  .00011493  00000-0  24182-2 0  9992
2 41692  65.1225 153.1178 5793650 344.8645   3.3993  4.34805050 12177
1 41692U 07052Z   21275.05006902  .00011493  00000-0  24182-2 0  9992
2 41692  65.1225 153.1178 5793650 344.8645   3.3993  4.34805050105945
1 41692U 07052Z   21275.97003206  .00014227  00000-0  31068-2 0  9996
2 41692  65.1202 152.7583 5791798 344.8263   3.4158  4.34834011105989
1 41692U 07052Z   21276.19999170  .00011809  00000-0  25319-2 0  9990
2 41692  65.1195 152.6682 5792471 344.8073   3.4207  4.34839904 12222
1 41692U 07052Z   21276.19999170  .00011809  00000-0  25319-2 0  9990
2 41692  65.1195 152.6682 5792471 344.8073   3.4207  4.34839904105999
1 41692U 07052Z   21276.65992429  .00011563  00000-0  24557-2 0  9991
2 41692  65.1194 152.4883 5792655 344.7798   3.4297  4.34851684 12249
1 41692U 07052Z   21277.11985255  .00012360  00000-0  26242-2 0  9991
2 41692  65.1195 152.3083 5792485 344.7556   3.4384  4.34860570 12267
1 41692U 07052Z   21278.26962249  .00012708  00000-0  26981-2 0  9992
2 41692  65.1204 151.8579 5792026 344.6944   3.4592  4.34888865 12317
1 41692U 07052Z   21278.26962249  .00012708  00000-0  26981-2 0  9992
2 41692  65.1204 151.8579 5792026 344.6944   3.4592  4.34888865106085
1 41692U 07052Z   21279.87917531  .00010208  00000-0  21679-2 0  9996
2 41692  65.1212 151.2281 5791403 344.6079   3.4832  4.34924795106153
1 41692U 07052Z   21280.10910043  .00010838  00000-0  23061-2 0  9991
2 41692  65.1211 151.1381 5791312 344.5959   3.4859  4.34930628 12390
1 41692U 07052Z   21281.02876943  .00011724  00000-0  25129-2 0  9995
2 41692  65.1215 150.7782 5790931 344.5479   3.4950  4.34953234106201
1 41692U 07052Z   21281.25869256  .00011533  00000-0  25140-2 0  9990
2 41692  65.1208 150.6885 5790246 344.5418   3.4963  4.34958736 12446
1 41692U 07052Z   21281.48860002  .00011495  00000-0  25133-2 0  9994
2 41692  65.1203 150.5985 5790116 344.5298   3.4981  4.34964099 12453
1 41692U 07052Z   21281.94840445  .00011690  00000-0  25685-2 0  9993
2 41692  65.1207 150.4187 5789925 344.5052   3.5013  4.34975041 12472
1 41692U 07052Z   21282.63808199  .00010753  00000-0  23584-2 0  9995
2 41692  65.1196 150.1483 5790001 344.4647   3.5059  4.34989860 12509
1 41692U 07052Z   21283.55763058  .00010820  00000-0  24015-2 0  9996
2 41692  65.1211 149.7885 5789654 344.4166   3.5109  4.35006624 12544
1 41692U 07052Z   21283.55763058  .00010820  00000-0  24015-2 0  9996
2 41692  65.1211 149.7885 5789654 344.4166   3.5109  4.35006624106313
1 41692U 07052Z   21284.47713684  .00012838  00000-0  28817-2 0  9993
2 41692  65.1215 149.4285 5789261 344.3684   3.5168  4.35030297 12589
1 41692U 07052Z   21284.47713684  .00012838  00000-0  28817-2 0  9993
2 41692  65.1215 149.4285 5789261 344.3684   3.5168  4.35030297106358
1 41692U 07052Z   21286.31599543  .00011691  00000-0  26742-2 0  9995
2 41692  65.1218 148.7086 5788423 344.2717   3.5347  4.35080761 12667
1 41692U 07052Z   21286.31599543  .00011691  00000-0  26742-2 0  9995
2 41692  65.1218 148.7086 5788423 344.2717   3.5347  4.35080761106436
1 41692U 07052Z   21287.23534225  .00010556  00000-0  24176-2 0  9991
2 41692  65.1246 148.3490 5788236 344.2226   3.5471  4.35104249 12701
1 41692U 07052Z   21287.23534225  .00010556  00000-0  24176-2 0  9991
2 41692  65.1246 148.3490 5788236 344.2226   3.5471  4.35104249106479
1 41692U 07052Z   21288.61430144  .00009155  00000-0  21355-2 0  9998
2 41692  65.1247 147.8091 5787176 344.1512   3.5693  4.35131185 12763
1 41692U 07052Z   21288.84411850  .00007849  00000-0  18327-2 0  9999
2 41692  65.1249 147.7196 5787084 344.1390   3.5731  4.35135003106548
1 41692U 07052Z   21289.07393371  .00008485  00000-0  19796-2 0  9990
2 41692  65.1216 147.6297 5787019 344.1270   3.5768  4.35139041 12786
1 41692U 07052Z   21290.22298016  .00008686  00000-0  20269-2 0  9999
2 41692  65.1224 147.1799 5786587 344.0665   3.5954  4.35158145 12832
1 41692U 07052Z   21290.22298016  .00008686  00000-0  20269-2 0  9999
2 41692  65.1224 147.1799 5786587 344.0665   3.5954  4.35158145106601
1 41692U 07052Z   21291.60176239  .00008878  00000-0  20765-2 0  9998
2 41692  65.1236 146.6402 5786019 343.9920   3.6156  4.35183488 12891
1 41692U 07052Z   21292.06133207  .00009421  00000-0  22072-2 0  9995
2 41692  65.1233 146.4608 5785821 343.9683   3.6211  4.35197131 12915
1 41692U 07052Z   21292.06133207  .00009421  00000-0  22072-2 0  9995
2 41692  65.1233 146.4608 5785821 343.9683   3.6211  4.35197131106683
1 41692U 07052Z   21293.66976563  .00007659  00000-0  17914-2 0  9992
2 41692  65.1258 145.8310 5785121 343.8847   3.6371  4.35223397 12987
1 41692U 07052Z   21293.66976563  .00007659  00000-0  17914-2 0  9992
2 41692  65.1258 145.8310 5785121 343.8847   3.6371  4.35223397106756
1 41692U 07052Z   21294.12929905  .00006792  00000-0  15853-2 0  9999
2 41692  65.1236 145.6510 5784990 343.8603   3.6408  4.35229582 13003
1 41692U 07052Z   21294.35906295  .00006214  00000-0  14479-2 0  9993
2 41692  65.1234 145.5611 5784927 343.8479   3.6425  4.35232329 13016
1 41692U 07052Z   21295.27810337  .00006919  00000-0  16318-2 0  9992
2 41692  65.1233 145.2014 5784625 343.7995   3.6488  4.35244406 13058
1 41692U 07052Z   21295.73761425  .00008254  00000-0  19636-2 0  9996
2 41692  65.1231 145.0214 5784521 343.7752   3.6516  4.35250465 13078
1 41692U 07052Z   21295.73761425  .00008254  00000-0  19636-2 0  9996
2 41692  65.1231 145.0214 5784521 343.7752   3.6516  4.35250465106846
1 41692U 07052Z   21296.42687362  .00006900  00000-0  16594-2 0  9996
2 41692  65.1237 144.7515 5784058 343.7414   3.6558  4.35260006 13106
1 41692U 07052Z   21296.65662085  .00007087  00000-0  17107-2 0  9994
2 41692  65.1239 144.6617 5783987 343.7294   3.6571  4.35264119106888
1 41692U 07052Z   21297.34585206  .00006217  00000-0  15143-2 0  9992
2 41692  65.1228 144.3919 5783741 343.6929   3.6617  4.35274333 13146
1 41692U 07052Z   21298.95400347  .00009062  00000-0  22650-2 0  9994
2 41692  65.1245 143.7624 5783200 343.6087   3.6744  4.35297688 13213
1 41692U 07052Z   21298.95400347  .00009062  00000-0  22650-2 0  9994
2 41692  65.1245 143.7624 5783200 343.6087   3.6744  4.35297688106980
1 41692U 07052Z   21300.56205613  .00007566  00000-0  19255-2 0  9998
2 41692  65.1244 143.1329 5782628 343.5235   3.6916  4.35325777 13284
1 41692U 07052Z   21300.56205613  .00007566  00000-0  19255-2 0  9998
2 41692  65.1244 143.1329 5782628 343.5235   3.6916  4.35325777107053
1 41692U 07052Z   21302.39971902  .00009037  00000-0  23257-2 0  9994
2 41692  65.1228 142.4136 5781709 343.4292   3.7161  4.35357182 13362
1 41692U 07052Z   21303.08880455  .00010240  00000-0  26346-2 0  9993
2 41692  65.1229 142.1437 5781414 343.3923   3.7263  4.35370787 13399
1 41692U 07052Z   21303.08880455  .00010240  00000-0  26346-2 0  9993
2 41692  65.1229 142.1437 5781414 343.3923   3.7263  4.35370787107168
1 41692U 07052Z   21304.00755346  .00009228  00000-0  23671-2 0  9998
2 41692  65.1228 141.7840 5781051 343.3436   3.7396  4.35386812 13435
1 41692U 07052Z   21304.00755346  .00009228  00000-0  23671-2 0  9998
2 41692  65.1228 141.7840 5781051 343.3436   3.7396  4.35386812107204
1 41692U 07052Z   21304.46691520  .00010861  00000-0  27871-2 0  9992
2 41692  65.1224 141.6050 5780860 343.3198   3.7458  4.35395524 13456
1 41692U 07052Z   21305.38560443  .00010051  00000-0  25694-2 0  9995
2 41692  65.1227 141.2456 5780453 343.2714   3.7574  4.35416275 13496
1 41692U 07052Z   21305.38560443  .00010051  00000-0  25694-2 0  9995
2 41692  65.1227 141.2456 5780453 343.2714   3.7574  4.35416275107265
1 41692U 07052Z   21305.84493505  .00008892  00000-0  22641-2 0  9999
2 41692  65.1234 141.0656 5780243 343.2472   3.7627  4.35424001 13510
1 41692U 07052Z   21306.07459540  .00011074  00000-0  28397-2 0  9996
2 41692  65.1234 140.9755 5780095 343.2356   3.7649  4.35431319 13529
1 41692U 07052Z   21306.99321346  .00008580  00000-0  21862-2 0  9997
2 41692  65.1221 140.6164 5779683 343.1883   3.7724  4.35447122 13568
1 41692U 07052Z   21307.91180209  .00016372  00000-0  42891-2 0  9994
2 41692  65.1222 140.2568 5779214 343.1413   3.7777  4.35463461107377
1 41692U 07052Z   21308.14144261  .00023050  00000-0  60943-2 0  9997
2 41692  65.1215 140.1670 5779043 343.1291   3.7789  4.35472500 13616
1 41692U 07052Z   21308.60071497  .00037344  00000-0  99672-2 0  9990
2 41692  65.1219 139.9873 5778781 343.1049   3.7807  4.35491999 13636
1 41692U 07052Z   21308.60071497  .00037344  00000-0  99672-2 0  9990
2 41692  65.1219 139.9873 5778781 343.1049   3.7807  4.35491999107405
1 41692U 07052Z   21309.05996671  .00012323  00000-0  32477-2 0  9990
2 41692  65.1215 139.8077 5778636 343.0810   3.7821  4.35494655107420
1 41692U 07052Z   21309.51920990  .00008820  00000-0  23262-2 0  9991
2 41692  65.1218 139.6278 5778308 343.0567   3.7838  4.35503747 13673
1 41692U 07052Z   21309.97844359  .00009094  00000-0  24210-2 0  9993
2 41692  65.1210 139.4482 5778085 343.0336   3.7847  4.35513236 13692
1 41692U 07052Z   21310.20805854  .00008714  00000-0  23278-2 0  9999
2 41692  65.1212 139.3582 5777987 343.0220   3.7853  4.35515947 13706
1 41692U 07052Z   21310.20805854  .00008714  00000-0  23278-2 0  9999
2 41692  65.1212 139.3582 5777987 343.0220   3.7853  4.35515947107474
1 41692U 07052Z   21310.66728320  .00008642  00000-0  23293-2 0  9998
2 41692  65.1219 139.1783 5777786 342.9987   3.7867  4.35521919 13722
1 41692U 07052Z   21311.81531176  .00005964  00000-0  16367-2 0  9995
2 41692  65.1227 138.7286 5777310 342.9386   3.7924  4.35538501 13774
1 41692U 07052Z   21311.81531176  .00005964  00000-0  16367-2 0  9995
2 41692  65.1227 138.7286 5777310 342.9386   3.7924  4.35538501107543
1 41692U 07052Z   21312.50411006  .00004786  00000-0  13313-2 0  9990
2 41692  65.1227 138.4589 5776991 342.9036   3.7971  4.35546509 13806
1 41692U 07052Z   21312.96330246  .00006463  00000-0  18120-2 0  9991
2 41692  65.1221 138.2793 5776767 342.8802   3.8009  4.35552498 13825
1 41692U 07052Z   21313.88167194  .00006137  00000-0  17394-2 0  9993
2 41692  65.1203 137.9197 5776333 342.8325   3.8108  4.35562876 13863
1 41692U 07052Z   21313.88167194  .00006137  00000-0  17394-2 0  9993
2 41692  65.1203 137.9197 5776333 342.8325   3.8108  4.35562876107632
1 41692U 07052Z   21315.02960180  .00004790  00000-0  13636-2 0  9995
2 41692  65.1202 137.4703 5775839 342.7725   3.8254  4.35577125 13914
1 41692U 07052Z   21315.48876375  .00004474  00000-0  12717-2 0  9995
2 41692  65.1205 137.2908 5775639 342.7483   3.8317  4.35582148 13934
1 41692U 07052Z   21315.94792171  .00005280  00000-0  14999-2 0  9997
2 41692  65.1206 137.1111 5775459 342.7244   3.8379  4.35586250 13953
1 41692U 07052Z   21315.94792171  .00005280  00000-0  14999-2 0  9997
2 41692  65.1206 137.1111 5775459 342.7244   3.8379  4.35586250107722
1 41692U 07052Z   21317.09579757  .00004740  00000-0  13339-2 0  9995
2 41692  65.1209 136.6620 5775047 342.6646   3.8529  4.35596388 14000
1 41692U 07052Z   21317.78450847  .00004607  00000-0  12938-2 0  9995
2 41692  65.1206 136.3927 5774656 342.6276   3.8615  4.35603034 14034
1 41692U 07052Z   21317.78450847  .00004607  00000-0  12938-2 0  9995
2 41692  65.1206 136.3927 5774656 342.6276   3.8615  4.35603034107802
1 41692U 07052Z   21318.47320900  .00003906  00000-0  10855-2 0  9995
2 41692  65.1202 136.1234 5774377 342.5912   3.8689  4.35608399 14068
1 41692U 07052Z   21318.70277409  .00003973  00000-0  11044-2 0  9991
2 41692  65.1203 136.0336 5774289 342.5792   3.8709  4.35610182 14076
1 41692U 07052Z   21318.93233833  .00004081  00000-0  11357-2 0  9997
2 41692  65.1203 135.9437 5774209 342.5672   3.8730  4.35611889 14085
1 41692U 07052Z   21320.08014572  .00004727  00000-0  13310-2 0  9991
2 41692  65.1188 135.4943 5773817 342.5074   3.8820  4.35620575107900
1 41692U 07052Z   21320.30970228  .00005406  00000-0  15352-2 0  9998
2 41692  65.1192 135.4045 5773727 342.4954   3.8834  4.35623880 14144
1 41692U 07052Z   21320.76881301  .00005340  00000-0  15224-2 0  9996
2 41692  65.1195 135.2248 5773544 342.4712   3.8865  4.35628704 14165
1 41692U 07052Z   21320.76881301  .00005340  00000-0  15224-2 0  9996
2 41692  65.1195 135.2248 5773544 342.4712   3.8865  4.35628704107933
1 41692U 07052Z   21321.45747024  .00004571  00000-0  13052-2 0  9998
2 41692  65.1187 134.9554 5773280 342.4352   3.8905  4.35634948 14194
1 41692U 07052Z   21322.14611790  .00005041  00000-0  14618-2 0  9997
2 41692  65.1191 134.6860 5773026 342.3994   3.8941  4.35641562 14229
1 41692U 07052Z   21322.60521168  .00004530  00000-0  13202-2 0  9997
2 41692  65.1203 134.5063 5772837 342.3751   3.8968  4.35644827 14245
1 41692U 07052Z   21323.75292789  .00003665  00000-0  10883-2 0  9998
2 41692  65.1193 134.0573 5772414 342.3152   3.9036  4.35653704 14296
1 41692U 07052Z   21323.75292789  .00003665  00000-0  10883-2 0  9998
2 41692  65.1193 134.0573 5772414 342.3152   3.9036  4.35653704108065
1 41692U 07052Z   21324.44154838  .00003453  00000-0  10420-2 0  9999
2 41692  65.1180 133.7882 5772168 342.2791   3.9084  4.35658081 14325
1 41692U 07052Z   21325.13016336  .00004434  00000-0  13618-2 0  9998
2 41692  65.1173 133.5184 5771929 342.2434   3.9137  4.35662885 14357
1 41692U 07052Z   21325.58923471  .00004477  00000-0  13867-2 0  9997
2 41692  65.1188 133.3392 5771762 342.2186   3.9181  4.35666722 14376
1 41692U 07052Z   21326.96642194  .00003368  00000-0  10675-2 0  9992
2 41692  65.1169 132.7998 5771272 342.1468   3.9327  4.35678860108202
1 41692U 07052Z   21327.42547828  .00003281  00000-0  10445-2 0  9991
2 41692  65.1162 132.6205 5771122 342.1226   3.9384  4.35681802 14457
1 41692U 07052Z   21328.57310259  .00004135  00000-0  13161-2 0  9991
2 41692  65.1160 132.1717 5770705 342.0615   3.9541  4.35690989 14502
1 41692U 07052Z   21329.49118294  .00003345  00000-0  10592-2 0  9995
2 41692  65.1154 131.8123 5770388 342.0132   3.9674  4.35698534 14548
1 41692U 07052Z   21329.49118294  .00003345  00000-0  10592-2 0  9995
2 41692  65.1154 131.8123 5770388 342.0132   3.9674  4.35698534108317
1 41692U 07052Z   21329.72070011  .00003459  00000-0  10924-2 0  9990
2 41692  65.1155 131.7226 5770309 342.0011   3.9708  4.35700839 14552
1 41692U 07052Z   21330.40924833  .00003314  00000-0  10356-2 0  9996
2 41692  65.1153 131.4534 5770060 341.9644   3.9810  4.35705547 14581
1 41692U 07052Z   21331.55681171  .00004231  00000-0  13110-2 0  9998
2 41692  65.1157 131.0046 5769651 341.9038   3.9969  4.35714187 14631
1 41692U 07052Z   21331.55681177  .00004275  00000-0  13254-2 0  9991
2 41692  65.1161 131.0047 5769646 341.9037   3.9969  4.35714120 14637
1 41692U 07052Z   21331.55681177  .00004275  00000-0  13254-2 0  9991
2 41692  65.1161 131.0047 5769646 341.9037   3.9969  4.35714120108406
1 41692U 07052Z   21332.47484167  .00004652  00000-0  14362-2 0  9993
2 41692  65.1141 130.6455 5769307 341.8556   4.0081  4.35722973 14678
1 41692U 07052Z   21332.70434564  .00004533  00000-0  13962-2 0  9998
2 41692  65.1144 130.5557 5769213 341.8435   4.0106  4.35725220 14682
1 41692U 07052Z   21333.39285286  .00004743  00000-0  14637-2 0  9992
2 41692  65.1142 130.2869 5768945 341.8067   4.0175  4.35731299 14718
1 41692U 07052Z   21333.39285286  .00004743  00000-0  14637-2 0  9992
2 41692  65.1142 130.2869 5768945 341.8067   4.0175  4.35731299108486
1 41692U 07052Z   21334.54033966  .00005500  00000-0  17279-2 0  9993
2 41692  65.1139 129.8380 5768426 341.7464   4.0265  4.35743002 14760
1 41692U 07052Z   21335.45830577  .00005776  00000-0  18450-2 0  9994
2 41692  65.1125 129.4793 5768034 341.6980   4.0320  4.35752841 14804
1 41692U 07052Z   21335.45830577  .00005776  00000-0  18450-2 0  9994
2 41692  65.1125 129.4793 5768034 341.6980   4.0320  4.35752841108572
1 41692U 07052Z   21335.68779394  .00005097  00000-0  16268-2 0  9999
2 41692  65.1125 129.3895 5767940 341.6859   4.0332  4.35754530 14817
1 41692U 07052Z   21337.06470211  .00005090  00000-0  16785-2 0  9996
2 41692  65.1124 128.8508 5767353 341.6131   4.0406  4.35766892108643
1 41692U 07052Z   21337.52366122  .00005257  00000-0  17541-2 0  9998
2 41692  65.1126 128.6716 5767153 341.5885   4.0437  4.35772232 14899
1 41692U 07052Z   21337.98261634  .00004212  00000-0  14178-2 0  9993
2 41692  65.1128 128.4921 5766972 341.5640   4.0470  4.35775753 14915
1 41692U 07052Z   21338.67104267  .00003631  00000-0  12425-2 0  9995
2 41692  65.1130 128.2229 5766700 341.5275   4.0530  4.35781147 14944
1 41692U 07052Z   21339.58893241  .00003866  00000-0  13470-2 0  9994
2 41692  65.1133 127.8638 5766269 341.4787   4.0630  4.35787913 14985
1 41692U 07052Z   21339.58893241  .00003866  00000-0  13470-2 0  9994
2 41692  65.1133 127.8638 5766269 341.4787   4.0630  4.35787913108754
1 41692U 07052Z   21340.50680735  .00004235  00000-0  14879-2 0  9995
2 41692  65.1104 127.5050 5765888 341.4301   4.0752  4.35796405 15023
1 41692U 07052Z   21341.42466830  .00002843  00000-0  10070-2 0  9997
2 41692  65.1115 127.1463 5765479 341.3812   4.0892  4.35802263 15060
1 41692U 07052Z   21342.80144488  .00003250  00000-0  11411-2 0  9995
2 41692  65.1118 126.6087 5764902 341.3074   4.1116  4.35808451108898
1 41692U 07052Z   21343.48981920  .00003276  00000-0  11413-2 0  9990
2 41692  65.1092 126.3397 5764731 341.2697   4.1225  4.35813942 15158
1 41692U 07052Z   21344.40764285  .00001693  00000-0  56916-3 0  9995
2 41692  65.1095 125.9809 5764352 341.2193   4.1363  4.35818313 15198
1 41692U 07052Z   21345.32546099  .00002037  00000-0  68653-3 0  9992
2 41692  65.1096 125.6223 5764051 341.1701   4.1484  4.35821282 15234
1 41692U 07052Z   21345.32546099  .00002037  00000-0  68653-3 0  9992
2 41692  65.1096 125.6223 5764051 341.1701   4.1484  4.35821282109003
1 41692U 07052Z   21347.39050750  .00002202  00000-0  75857-3 0  9993
2 41692  65.1105 124.8161 5763403 341.0580   4.1709  4.35832911 15322
1 41692U 07052Z   21347.39050750  .00002202  00000-0  75857-3 0  9993
2 41692  65.1105 124.8161 5763403 341.0580   4.1709  4.35832911109090
1 41692U 07052Z   21347.61995360  .00002672  00000-0  93430-3 0  9991
2 41692  65.1106 124.7265 5763298 341.0451   4.1733  4.35834742 15338
1 41692U 07052Z   21348.53773400  .00002733  00000-0  97547-3 0  9993
2 41692  65.1100 124.3682 5762996 340.9957   4.1820  4.35839055 15377
1 41692U 07052Z   21349.22606269  .00003003  00000-0  10918-2 0  9995
2 41692  65.1103 124.0993 5762778 340.9586   4.1886  4.35842692 15405
1 41692U 07052Z   21349.22606269  .00003003  00000-0  10918-2 0  9995
2 41692  65.1103 124.0993 5762778 340.9586   4.1886  4.35842692109173
1 41692U 07052Z   21352.66758672  .00004132  00000-0  16004-2 0  9999
2 41692  65.1078 122.7562 5761668 340.7727   4.2308  4.35870272 15556
1 41692U 07052Z   21352.66758672  .00004132  00000-0  16004-2 0  9999
2 41692  65.1078 122.7562 5761668 340.7727   4.2308  4.35870272109325
1 41692U 07052Z   21353.35586566  .00003487  00000-0  13687-2 0  9993
2 41692  65.1069 122.4876 5761417 340.7355   4.2416  4.35875791 15584
1 41692U 07052Z   21355.65004881  .00005807  00000-0  22571-2 0  9993
2 41692  65.1073 121.5927 5760690 340.6098   4.2828  4.35904233 15683
1 41692U 07052Z   21355.65004881  .00005807  00000-0  22571-2 0  9993
2 41692  65.1073 121.5927 5760690 340.6098   4.2828  4.35904233109452
1 41692U 07052Z   21356.33827403  .00004844  00000-0  18800-2 0  9992
2 41692  65.1058 121.3232 5760526 340.5717   4.2959  4.35911339 15712
1 41692U 07052Z   21356.33827403  .00004844  00000-0  18800-2 0  9992
2 41692  65.1058 121.3232 5760526 340.5717   4.2959  4.35911339109480
1 41692U 07052Z   21358.63227181  .00005432  00000-0  20690-2 0  9998
2 41692  65.1105 120.4285 5759994 340.4362   4.3391  4.35937701 15818
1 41692U 07052Z   21358.63227181  .00005432  00000-0  20690-2 0  9998
2 41692  65.1105 120.4285 5759994 340.4362   4.3391  4.35937701109586
1 41692U 07052Z   21359.32044367  .00004562  00000-0  17330-2 0  9998
2 41692  65.1080 120.1601 5759632 340.4058   4.3485  4.35944173 15848
1 41692U 07052Z   21359.32044367  .00004562  00000-0  17330-2 0  9998
2 41692  65.1080 120.1601 5759632 340.4058   4.3485  4.35944173109617
1 41692U 07052Z   21361.38489445  .00004939  00000-0  18888-2 0  9994
2 41692  65.0991 119.3498 5759182 340.2840   4.3768  4.35965076 15938
1 41692U 07052Z   21361.38489445  .00004939  00000-0  18888-2 0  9994
2 41692  65.0991 119.3498 5759182 340.2840   4.3768  4.35965076109707
1 41692U 07052Z   21361.61427292  .00004611  00000-0  17698-2 0  9997
2 41692  65.1000 119.2611 5758998 340.2777   4.3780  4.35965965 15941
1 41692U 07052Z   21362.53177093  .00004644  00000-0  18177-2 0  9999
2 41692  65.1023 118.9053 5758481 340.2353   4.3861  4.35974820 15983
1 41692U 07052Z   21362.53177093  .00004644  00000-0  18177-2 0  9999
2 41692  65.1023 118.9053 5758481 340.2353   4.3861  4.35974820109752
1 41692U 07052Z   21364.36671227  .00004686  00000-0  19018-2 0  9991
2 41692  65.1024 118.1892 5757823 340.1360   4.4059  4.35992480 16065
1 41692U 07052Z   21365.28416010  .00002804  00000-0  11698-2 0  9996
2 41692  65.1032 117.8319 5757531 340.0857   4.4178  4.35997568 16109

