1 47698U 21006ER  21055.43887128  .00001197  00000-0  73874-4 0  9998
2 47698  97.5133 118.6002 0012522 128.1866 232.0495 15.11761859  4964
1 47698U 21006ER  21056.63028837  .00000951  00000-0  59431-4 0  9995
2 47698  97.5131 119.7717 0012579 124.6905 235.5512 15.11764221  5149
1 47698U 21006ER  21057.62313490  .00001284  00000-0  78914-4 0  9994
2 47698  97.5137 120.7465 0012860 121.7684 238.4853 15.11768232  5294
1 47698U 21006ER  21058.88073555  .00001191  00000-0  73484-4 0  9992
2 47698  97.5136 121.9834 0012767 117.2007 243.0485 15.11770967  5483
1 47698U 21006ER  21060.60166093  .00001644  00000-0  10000-3 0  9992
2 47698  97.5095 123.6756 0012584 111.2773 248.9540 15.11772438  5740
1 47698U 21006ER  21061.13118093  .00000789  00000-0  49934-4 0  9996
2 47698  97.5084 124.1954 0012551 110.8312 249.4160 15.11769945  5824
1 47698U 21006ER  21066.16157296  .00002662  00000-0  15945-3 0  9998
2 47698  97.5095 129.1427 0012900  95.8039 264.5434 15.11790418  6587
1 47698U 21006ER  21067.15438629  .00001076  00000-0  66674-4 0  9994
2 47698  97.5103 130.1199 0012973  92.4325 267.8236 15.11790380  6737
1 47698U 21006ER  21068.34578313  .00002705  00000-0  16190-3 0  9998
2 47698  97.5096 131.2910 0012911  88.9101 271.3919 15.11800542  6915
1 47698U 21006ER  21069.40478601  .00002004  00000-0  12093-3 0  9995
2 47698  97.5102 132.3326 0012912  85.1725 275.0821 15.11802808  7076
1 47698U 21006ER  21070.39760844  .00002021  00000-0  12196-3 0  9991
2 47698  97.5095 133.3067 0012699  81.4422 278.8194 15.11806451  7224
1 47698U 21006ER  21071.85374363  .00002371  00000-0  14238-3 0  9997
2 47698  97.5101 134.7391 0012691  78.7375 281.5281 15.11811584  7440
1 47698U 21006ER  21072.44943153  .00002058  00000-0  12407-3 0  9990
2 47698  97.5099 135.3245 0012717  76.7155 283.5493 15.11814348  7532
1 47698U 21006ER  21072.78036891  .00002066  00000-0  12450-3 0  9996
2 47698  97.5098 135.6499 0012702  75.6798 284.5842 15.11815848  7580
1 47698U 21006ER  21073.17749324  .00002090  00000-0  12595-3 0  9999
2 47698  97.5097 136.0402 0012666  74.4532 285.8096 15.11817677  7644
1 47698U 21006ER  21074.43504843  .00003317  00000-0  19754-3 0  9991
2 47698  97.5093 137.2763 0012616  70.9062 289.3533 15.11828815  7839
1 47698U 21006ER  21074.89835615  .00002945  00000-0  17579-3 0  9994
2 47698  97.5091 137.7317 0012652  69.5914 290.6674 15.11831813  7908
1 47698U 21006ER  21075.42784944  .00002597  00000-0  15549-3 0  9990
2 47698  97.5090 138.2522 0012645  68.0076 292.2497 15.11834794  7986
1 47698U 21006ER  21075.75878239  .00002563  00000-0  15350-3 0  9990
2 47698  97.5089 138.5776 0012583  66.8861 293.3694 15.11835927  8034
1 47698U 21006ER  21075.89115578  .00002332  00000-0  14000-3 0  9990
2 47698  97.5089 138.7077 0012582  66.5021 293.7531 15.11835841  8055
1 47698U 21006ER  21076.42064765  .00002107  00000-0  12685-3 0  9998
2 47698  97.5087 139.2282 0012552  64.8940 295.3591 15.11838269  8135
1 47698U 21006ER  21076.88395278  .00001777  00000-0  10758-3 0  9995
2 47698  97.5085 139.6836 0012531  63.4748 296.7766 15.11839424  8201
1 47698U 21006ER  21077.08251195  .00001757  00000-0  10643-3 0  9998
2 47698  97.5085 139.8787 0012519  62.8571 297.3935 15.11840248  8235
1 47698U 21006ER  21077.41344354  .00001987  00000-0  11982-3 0  9997
2 47698  97.5085 140.2040 0012500  61.8516 298.3976 15.11842368  8287
1 47698U 21006ER  21077.87674810  .00001502  00000-0  91476-4 0  9990
2 47698  97.5084 140.6595 0012458  60.3750 299.8719 15.11842266  8357
1 47698U 21006ER  21078.14149327  .00001546  00000-0  94043-4 0  9992
2 47698  97.5084 140.9197 0012437  59.5414 300.7043 15.11843223  8392
1 47698U 21006ER  21078.40623801  .00001875  00000-0  11327-3 0  9993
2 47698  97.5084 141.1799 0012421  58.7346 301.5100 15.11845116  8432
1 47698U 21006ER  21078.93572795  .00002033  00000-0  12253-3 0  9992
2 47698  97.5089 141.7003 0012393  56.9142 303.3277 15.11847460  8511
1 47698U 21006ER  21079.39902958  .00002178  00000-0  13097-3 0  9998
2 47698  97.5088 142.1557 0012371  55.4939 304.7457 15.11850382  8582
1 47698U 21006ER  21079.72995910  .00002934  00000-0  17508-3 0  9996
2 47698  97.5083 142.4811 0012323  54.6376 305.6004 15.11853064  8630
1 47698U 21006ER  21080.19325911  .00003302  00000-0  19656-3 0  9993
2 47698  97.5083 142.9366 0012284  53.1161 307.1193 15.11856675  8707
1 47698U 21006ER  21080.72274377  .00003676  00000-0  21833-3 0  9995
2 47698  97.5084 143.4570 0012245  51.4993 308.7333 15.11860944  8787
1 47698U 21006ER  21081.58315273  .00004232  00000-0  25075-3 0  9992
2 47698  97.5083 144.3027 0012154  48.8299 311.3978 15.11868671  8916
1 47698U 21006ER  21081.64933780  .00004228  00000-0  25052-3 0  9998
2 47698  97.5083 144.3677 0012149  48.6617 311.5657 15.11869303  8923
1 47698U 21006ER  21082.11263285  .00004024  00000-0  23861-3 0  9997
2 47698  97.5082 144.8231 0012121  47.2908 312.9341 15.11872951  8996
1 47698U 21006ER  21082.44355748  .00003528  00000-0  20967-3 0  9991
2 47698  97.5083 145.1484 0012105  46.2936 313.9295 15.11874468  9044
1 47698U 21006ER  21082.90685079  .00003486  00000-0  20718-3 0  9992
2 47698  97.5084 145.6038 0012079  44.9512 315.2695 15.11878086  9117
1 47698U 21006ER  21083.17158933  .00003446  00000-0  20483-3 0  9991
2 47698  97.5083 145.8639 0012061  44.0994 316.1196 15.11880166  9153
1 47698U 21006ER  21083.23777399  .00003329  00000-0  19802-3 0  9994
2 47698  97.5084 145.9290 0012055  43.8942 316.3244 15.11880345  9167
1 47698U 21006ER  21083.76725006  .00003400  00000-0  20212-3 0  9997
2 47698  97.5081 146.4493 0012012  42.2110 318.0043 15.11884053  9243
1 47698U 21006ER  21084.09817227  .00003076  00000-0  18325-3 0  9992
2 47698  97.5080 146.7746 0011986  41.1408 319.0724 15.11885304  9295
1 47698U 21006ER  21085.15711896  .00003168  00000-0  18855-3 0  9995
2 47698  97.5078 147.8154 0011905  37.7294 322.4769 15.11893072  9458
1 47698U 21006ER  21085.22330299  .00003180  00000-0  18927-3 0  9991
2 47698  97.5078 147.8804 0011893  37.5022 322.7035 15.11893526  9467
1 47698U 21006ER  21085.88514214  .00003311  00000-0  19690-3 0  9998
2 47698  97.5076 148.5309 0011840  35.5709 324.6308 15.11898270  9561
1 47698U 21006ER  21086.34842852  .00003169  00000-0  18859-3 0  9999
2 47698  97.5074 148.9862 0011791  34.0245 326.1739 15.11900947  9639
1 47698U 21006ER  21086.81171423  .00002953  00000-0  17596-3 0  9997
2 47698  97.5071 149.4415 0011733  32.4420 327.7529 15.11903186  9709
1 47698U 21006ER  21087.40736654  .00003136  00000-0  18666-3 0  9999
2 47698  97.5070 150.0269 0011692  30.3711 329.8194 15.11906906  9790
1 47698U 21006ER  21087.47354990  .00003203  00000-0  19052-3 0  9990
2 47698  97.5069 150.0919 0011683  30.1330 330.0570 15.11907558  9803
1 47698U 21006ER  21087.73828367  .00003194  00000-0  19000-3 0  9995
2 47698  97.5068 150.3521 0011658  29.2635 330.9247 15.11909036  9840
1 47698U 21006ER  21088.20156760  .00002825  00000-0  16851-3 0  9990
2 47698  97.5067 150.8074 0011606  27.7070 332.4776 15.11910193  9914
1 47698U 21006ER  21088.79721699  .00002785  00000-0  16616-3 0  9997
2 47698  97.5064 151.3928 0011541  25.7763 334.4040 15.11913047 10009
1 47698U 21006ER  21089.12813286  .00002826  00000-0  16855-3 0  9990
2 47698  97.5063 151.7181 0011507  24.6707 335.5072 15.11914822 10055
1 47698U 21006ER  21089.92232966  .00002740  00000-0  16353-3 0  9996
2 47698  97.5061 152.4986 0011415  22.0195 338.1524 15.11918246 10173
1 47698U 21006ER  21090.12087845  .00002761  00000-0  16475-3 0  9992
2 47698  97.5061 152.6937 0011397  21.3120 338.8583 15.11919361 10205
1 47698U 21006ER  21090.25324425  .00002771  00000-0  16529-3 0  9995
2 47698  97.5061 152.8238 0011384  20.8831 339.2862 15.11920049 10222
1 47698U 21006ER  21091.24598498  .00003165  00000-0  18827-3 0  9999
2 47698  97.5059 153.7994 0011288  17.7005 342.4616 15.11926842 10375
1 47698U 21006ER  21091.70926261  .00003130  00000-0  18620-3 0  9996
2 47698  97.5058 154.2547 0011235  16.1733 343.9854 15.11929512 10442
1 47698U 21006ER  21092.43726897  .00002870  00000-0  17101-3 0  9993
2 47698  97.5058 154.9702 0011167  13.8366 346.3169 15.11932973 10555
1 47698U 21006ER  21092.90054469  .00002708  00000-0  16161-3 0  9999
2 47698  97.5057 155.4255 0011128  12.2516 347.8982 15.11935194 10625
1 47698U 21006ER  21093.43000159  .00002556  00000-0  15274-3 0  9990
2 47698  97.5057 155.9458 0011075  10.4422 349.7037 15.11937864 10709
1 47698U 21006ER  21093.62854772  .00002409  00000-0  14418-3 0  9995
2 47698  97.5057 156.1410 0011055   9.7600 350.3843 15.11938606 10738
1 47698U 21006ER  21093.89327581  .00002189  00000-0  13134-3 0  9996
2 47698  97.5056 156.4012 0011030   8.8544 351.2878 15.11939255 10771
1 47698U 21006ER  21094.48891344  .00001877  00000-0  11316-3 0  9998
2 47698  97.5056 156.9866 0010970   6.8090 353.3288 15.11941202 10862
1 47698U 21006ER  21094.88600475  .00001746  00000-0  10552-3 0  9991
2 47698  97.5055 157.3768 0010932   5.4327 354.7020 15.11942483 10921
1 47698U 21006ER  21095.87873164  .00001617  00000-0  97966-4 0  9990
2 47698  97.5054 158.3524 0010833   1.9363 358.1907 15.11945845 11076
1 47698U 21006ER  21095.94491336  .00001627  00000-0  98542-4 0  9997
2 47698  97.5054 158.4174 0010826   1.6889 358.4376 15.11946097 11084
1 47698U 21006ER  21096.20964019  .00001628  00000-0  98651-4 0  9992
2 47698  97.5054 158.6776 0010801   0.7367 359.3877 15.11947036 11123
1 47698U 21006ER  21096.80527507  .00001648  00000-0  99785-4 0  9996
2 47698  97.5053 159.2629 0010738 358.6159   1.5040 15.11948942 11214
1 47698U 21006ER  21097.40090918  .00001840  00000-0  11096-3 0  9996
2 47698  97.5053 159.8482 0010673 356.4459   3.6694 15.11951321 11307
1 47698U 21006ER  21097.86417928  .00002234  00000-0  13389-3 0  9995
2 47698  97.5052 160.3034 0010628 354.8253   5.2866 15.11954127 11373
1 47698U 21006ER  21098.39362984  .00002726  00000-0  16253-3 0  9994
2 47698  97.5051 160.8237 0010570 352.9128   7.1952 15.11957729 11455
1 47698U 21006ER  21098.79071751  .00002535  00000-0  15141-3 0  9990
2 47698  97.5050 161.2138 0010523 351.4580   8.6469 15.11958688 11514
1 47698U 21006ER  21098.92307995  .00002490  00000-0  14880-3 0  9996
2 47698  97.5050 161.3439 0010509 350.9718   9.1322 15.11959053 11533
1 47698U 21006ER  21099.12162345  .00002495  00000-0  14912-3 0  9998
2 47698  97.5050 161.5390 0010490 350.2132   9.8892 15.11959961 11563
1 47698U 21006ER  21099.84961521  .00002432  00000-0  14544-3 0  9992
2 47698  97.5048 162.2543 0010410 347.6873  12.4101 15.11963076 11679
1 47698U 21006ER  21099.91579619  .00002431  00000-0  14537-3 0  9994
2 47698  97.5048 162.3193 0010400 347.4160  12.6809 15.11963366 11687
1 47698U 21006ER  21100.51142451  .00002197  00000-0  13175-3 0  9999
2 47698  97.5047 162.9045 0010342 345.2892  14.8036 15.11965564 11779
1 47698U 21006ER  21100.84232862  .00002216  00000-0  13284-3 0  9994
2 47698  97.5046 163.2297 0010310 344.1345  15.9561 15.11967228 11827
1 47698U 21006ER  21101.10705117  .00002087  00000-0  12530-3 0  9991
2 47698  97.5045 163.4897 0010338 343.1083  16.9802 15.11968027 11863
1 47698U 21006ER  21101.50413576  .00002311  00000-0  13837-3 0  9991
2 47698  97.5045 163.8800 0010244 341.7092  18.3769 15.11970797 11923
1 47698U 21006ER  21101.90121962  .00001945  00000-0  11701-3 0  9990
2 47698  97.5044 164.2701 0010267 340.0826  20.0002 15.11970597 11983
1 47698U 21006ER  21102.09976144  .00001940  00000-0  11677-3 0  9998
2 47698  97.5044 164.4651 0010254 339.3375  20.7440 15.11971413 12011
1 47698U 21006ER  21103.42337077  .00001760  00000-0  10627-3 0  9996
2 47698  97.5042 165.7657 0010137 334.3559  25.7168 15.11976221 12214
1 47698U 21006ER  21104.15135328  .00001914  00000-0  11523-3 0  9999
2 47698  97.5040 166.4810 0010084 331.6165  28.4515 15.11980385 12329
1 47698U 21006ER  21104.81315482  .00001913  00000-0  11515-3 0  9993
2 47698  97.5040 167.1312 0010025 329.1677  30.8963 15.11983188 12428
1 47698U 21006ER  21105.40877467  .00002290  00000-0  13705-3 0  9997
2 47698  97.5033 167.7166 0009918 327.0930  32.9682 15.11987095 12513
1 47698U 21006ER  21105.80585518  .00001686  00000-0  10190-3 0  9997
2 47698  97.5032 168.1067 0009893 325.5489  34.5099 15.11986397 12571
1 47698U 21006ER  21106.13675502  .00001715  00000-0  10361-3 0  9990
2 47698  97.5031 168.4318 0009873 324.2499  35.8069 15.11987596 12626
1 47698U 21006ER  21106.46765437  .00001923  00000-0  11569-3 0  9995
2 47698  97.5031 168.7570 0009844 322.9820  37.0731 15.11989440 12675
1 47698U 21006ER  21106.86473316  .00002014  00000-0  12097-3 0  9990
2 47698  97.5031 169.1471 0009821 321.3914  38.6614 15.11991230 12736
1 47698U 21006ER  21107.46034918  .00002775  00000-0  16529-3 0  9996
2 47698  97.5030 169.7323 0009775 319.0245  41.0250 15.11996684 12828
1 47698U 21006ER  21107.92360478  .00003126  00000-0  18568-3 0  9996
2 47698  97.5030 170.1875 0009751 317.1943  42.8527 15.12000587 12896
1 47698U 21006ER  21108.45303872  .00004124  00000-0  24367-3 0  9993
2 47698  97.5028 170.7077 0009741 314.9495  45.0944 15.12006468 12970
1 47698U 21006ER  21108.78393388  .00003897  00000-0  23049-3 0  9992
2 47698  97.5028 171.0328 0009712 313.7113  46.3312 15.12008901 13029
1 47698U 21006ER  21108.85011272  .00004208  00000-0  24851-3 0  9998
2 47698  97.5028 171.0978 0009706 313.5005  46.5418 15.12010251 13032
1 47698U 21006ER  21109.51190047  .00004055  00000-0  23958-3 0  9997
2 47698  97.5029 171.7480 0009651 310.9212  49.1182 15.12016295 13130
1 47698U 21006ER  21109.90897185  .00003871  00000-0  22888-3 0  9993
2 47698  97.5029 172.1381 0009608 309.4065  50.6314 15.12019633 13195
1 47698U 21006ER  21110.10750719  .00003743  00000-0  22145-3 0  9992
2 47698  97.5029 172.3332 0009598 308.6124  51.4247 15.12021265 13220
1 47698U 21006ER  21110.50457732  .00003712  00000-0  21964-3 0  9999
2 47698  97.5030 172.7233 0009560 307.1077  52.9279 15.12024741 13285
1 47698U 21006ER  21110.90164676  .00003370  00000-0  19971-3 0  9990
2 47698  97.5030 173.1135 0009522 305.5633  54.4709 15.12027196 13348
1 47698U 21006ER  21111.36489334  .00003175  00000-0  18840-3 0  9999
2 47698  97.5031 173.5687 0009475 303.7561  56.2766 15.12030610 13418
1 47698U 21006ER  21111.49724941  .00003067  00000-0  18212-3 0  9992
2 47698  97.5031 173.6987 0009469 303.2382  56.7941 15.12031351 13436
1 47698U 21006ER  21111.82813919  .00002915  00000-0  17327-3 0  9990
2 47698  97.5031 174.0238 0009454 301.8846  58.1464 15.12033380 13488
1 47698U 21006ER  21112.42373994  .00002380  00000-0  14211-3 0  9996
2 47698  97.5031 174.6090 0009424 299.5253  60.5038 15.12036095 13572
1 47698U 21006ER  21112.48991788  .00002415  00000-0  14420-3 0  9990
2 47698  97.5029 174.6740 0009477 299.1414  60.8868 15.12035640 13584
1 47698U 21006ER  21112.88698440  .00002377  00000-0  14194-3 0  9998
2 47698  97.5029 175.0641 0009461 297.5710  62.4559 15.12037953 13644
1 47698U 21006ER  21113.15169541  .00002023  00000-0  12140-3 0  9991
2 47698  97.5028 175.3242 0009458 296.4875  63.5385 15.12038335 13687
1 47698U 21006ER  21113.61493887  .00001989  00000-0  11940-3 0  9992
2 47698  97.5028 175.7793 0009442 294.6454  65.3793 15.12040783 13759
1 47698U 21006ER  21114.47524648  .00002324  00000-0  13885-3 0  9991
2 47698  97.5026 176.6245 0009425 291.2018  68.8205 15.12045832 13889
1 47698U 21006ER  21114.80613334  .00002580  00000-0  15371-3 0  9995
2 47698  97.5025 176.9496 0009420 289.8180  70.2035 15.12048182 13932
1 47698U 21006ER  21114.87231071  .00002602  00000-0  15499-3 0  9992
2 47698  97.5025 177.0146 0009418 289.5593  70.4621 15.12048501 13947
1 47698U 21006ER  21115.46790600  .00003047  00000-0  18083-3 0  9992
2 47698  97.5024 177.5998 0009404 287.0816  72.9384 15.12052701 14033
1 47698U 21006ER  21115.86496854  .00003347  00000-0  19825-3 0  9998
2 47698  97.5023 177.9899 0009401 285.4853  74.5340 15.12055818 14094
1 47698U 21006ER  21116.12967652  .00003449  00000-0  20416-3 0  9998
2 47698  97.5022 178.2499 0009403 284.4080  75.6107 15.12057654 14134
1 47698U 21006ER  21116.46056081  .00003772  00000-0  22290-3 0  9991
2 47698  97.5022 178.5750 0009392 283.0092  77.0090 15.12060736 14189
1 47698U 21006ER  21116.85762176  .00004035  00000-0  23817-3 0  9992
2 47698  97.5019 178.9650 0009427 281.2813  78.7358 15.12063084 14249
1 47698U 21006ER  21117.38703460  .00003799  00000-0  22441-3 0  9990
2 47698  97.5018 179.4852 0009421 279.1217  80.8948 15.12066666 14323
1 47698U 21006ER  21117.45321108  .00003837  00000-0  22663-3 0  9992
2 47698  97.5018 179.5502 0009421 278.8700  81.1463 15.12067297 14337
1 47698U 21006ER  21118.18115109  .00003536  00000-0  20912-3 0  9996
2 47698  97.5016 180.2654 0009413 275.9328  84.0829 15.12072605 14446
1 47698U 21006ER  21118.44585589  .00003481  00000-0  20589-3 0  9997
2 47698  97.5016 180.5254 0009402 274.8625  85.1532 15.12074546 14484
1 47698U 21006ER  21118.84291286  .00003017  00000-0  17896-3 0  9991
2 47698  97.5014 180.9156 0009382 273.2169  86.7988 15.12076322 14543
1 47698U 21006ER  21119.43849725  .00002820  00000-0  16753-3 0  9996
2 47698  97.5015 181.5008 0009386 270.7532  89.2623 15.12079158 14631
1 47698U 21006ER  21119.83555275  .00002630  00000-0  15646-3 0  9993
2 47698  97.5013 181.8909 0009391 269.1354  90.8800 15.12081180 14691
1 47698U 21006ER  21120.49731090  .00002226  00000-0  13298-3 0  9990
2 47698  97.5012 182.5410 0009391 266.4671  93.5485 15.12083886 14792
1 47698U 21006ER  21120.82818951  .00002173  00000-0  12995-3 0  9993
2 47698  97.5012 182.8661 0009395 265.1385  94.8773 15.12085479 14845
1 47698U 21006ER  21121.48994585  .00002069  00000-0  12387-3 0  9993
2 47698  97.5011 183.5163 0009407 262.4634  97.5528 15.12088451 14942
1 47698U 21006ER  21121.75464808  .00002066  00000-0  12371-3 0  9993
2 47698  97.5010 183.7764 0009415 261.4160  98.6004 15.12089673 14984
1 47698U 21006ER  21121.82082357  .00002160  00000-0  12915-3 0  9995
2 47698  97.5010 183.8414 0009415 261.1503  98.8662 15.12090250 14991
1 47698U 21006ER  21122.48257843  .00002058  00000-0  12320-3 0  9998
2 47698  97.5010 184.4916 0009436 258.4801 101.5370 15.12092739 15092
1 47698U 21006ER  21122.87963070  .00002065  00000-0  12363-3 0  9992
2 47698  97.5009 184.8817 0009447 256.9211 103.0965 15.12094404 15159
1 47698U 21006ER  21123.07815675  .00002092  00000-0  12518-3 0  9994
2 47698  97.5009 185.0767 0009459 256.1361 103.8817 15.12095290 15188
1 47698U 21006ER  21123.47520857  .00002014  00000-0  12063-3 0  9992
2 47698  97.5009 185.4668 0009472 254.5180 105.5005 15.12096599 15246
1 47698U 21006ER  21123.60755911  .00002021  00000-0  12104-3 0  9992
2 47698  97.5009 185.5968 0009480 253.9953 106.0233 15.12097161 15267
1 47698U 21006ER  21124.13696090  .00002092  00000-0  12517-3 0  9999
2 47698  97.5009 186.1169 0009502 251.9219 108.0977 15.12099272 15346
1 47698U 21006ER  21124.46783672  .00001958  00000-0  11741-3 0  9996
2 47698  97.5009 186.4420 0009516 250.5617 109.4585 15.12100018 15397
1 47698U 21006ER  21124.86488731  .00002002  00000-0  11994-3 0  9999
2 47698  97.5009 186.8320 0009540 248.9740 111.0471 15.12101559 15456
1 47698U 21006ER  21125.39428746  .00002050  00000-0  12274-3 0  9993
2 47698  97.5010 187.3521 0009572 246.8363 113.1859 15.12103643 15538
1 47698U 21006ER  21126.45308573  .00001969  00000-0  11801-3 0  9999
2 47698  97.5010 188.3922 0009640 242.5572 117.4679 15.12107334 15690
1 47698U 21006ER  21126.91630843  .00001857  00000-0  11150-3 0  9991
2 47698  97.5010 188.8471 0009635 240.9548 119.0718 15.12109231 15761
1 47698U 21006ER  21127.51188023  .00001819  00000-0  10929-3 0  9997
2 47698  97.5009 189.4321 0009678 238.5968 121.4317 15.12111428 15859
1 47698U 21006ER  21127.84275315  .00001780  00000-0  10704-3 0  9992
2 47698  97.5008 189.7571 0009704 237.3266 122.7029 15.12112487 15902
1 47698U 21006ER  21127.90892771  .00001786  00000-0  10738-3 0  9993
2 47698  97.5008 189.8222 0009713 237.0514 122.9783 15.12112744 15915
1 47698U 21006ER  21128.90154469  .00001670  00000-0  10063-3 0  9992
2 47698  97.5007 190.7972 0009798 233.2309 126.8023 15.12115975 16066
1 47698U 21006ER  21129.10006780  .00001666  00000-0  10041-3 0  9998
2 47698  97.5006 190.9922 0009815 232.4926 127.5413 15.12116729 16090
1 47698U 21006ER  21129.16624226  .00001625  00000-0  98020-4 0  9994
2 47698  97.5006 191.0572 0009821 232.2422 127.7919 15.12116732 16108
1 47698U 21006ER  21129.49711387  .00001630  00000-0  98289-4 0  9998
2 47698  97.5006 191.3823 0009845 230.9477 129.0878 15.12118003 16158
1 47698U 21006ER  21129.89415950  .00001598  00000-0  96441-4 0  9990
2 47698  97.5006 191.7723 0009877 229.4436 130.5935 15.12119367 16216
1 47698U 21006ER  21130.15885643  .00001619  00000-0  97633-4 0  9999
2 47698  97.5005 192.0323 0009896 228.4501 131.5882 15.12120480 16252
1 47698U 21006ER  21130.42355319  .00001626  00000-0  98045-4 0  9997
2 47698  97.5006 192.2923 0009915 227.4313 132.6082 15.12121487 16299
1 47698U 21006ER  21130.75442393  .00001629  00000-0  98244-4 0  9996
2 47698  97.5005 192.6173 0009940 226.1634 133.8776 15.12122748 16349
1 47698U 21006ER  21131.15146837  .00001665  00000-0  10032-3 0  9993
2 47698  97.5004 193.0074 0009966 224.6592 135.3837 15.12124438 16407
1 47698U 21006ER  21131.61468624  .00001725  00000-0  10381-3 0  9999
2 47698  97.5004 193.4624 0009996 222.8195 137.2258 15.12126575 16473
1 47698U 21006ER  21131.87938229  .00001636  00000-0  98628-4 0  9992
2 47698  97.5004 193.7224 0010017 221.7891 138.2575 15.12126974 16510
1 47698U 21006ER  21132.40877354  .00001665  00000-0  10032-3 0  9997
2 47698  97.5004 194.2425 0010056 219.7548 140.2947 15.12129056 16596
1 47698U 21006ER  21132.67346763  .00002311  00000-0  13772-3 0  9994
2 47698  97.5004 194.5025 0010065 218.7893 141.2616 15.12133853 16636
1 47698U 21006ER  21133.73224663  .00002611  00000-0  15512-3 0  9993
2 47698  97.4997 195.5426 0010191 214.5745 145.4824 15.12137423 16793
1 47698U 21006ER  21134.46015467  .00002490  00000-0  14807-3 0  9995
2 47698  97.4996 196.2577 0010246 211.8225 148.2388 15.12140488 16905
1 47698U 21006ER  21134.85719457  .00002488  00000-0  14794-3 0  9990
2 47698  97.4995 196.6477 0010293 210.3927 149.6708 15.12142511 16968
1 47698U 21006ER  21135.12188757  .00002440  00000-0  14516-3 0  9994
2 47698  97.4995 196.9077 0010328 209.4231 150.6420 15.12143779 17009
1 47698U 21006ER  21135.84979150  .00002401  00000-0  14289-3 0  9992
2 47698  97.4993 197.6226 0010391 206.7049 153.3647 15.12147894 17113
1 47698U 21006ER  21136.44534788  .00002260  00000-0  13468-3 0  9994
2 47698  97.4994 198.2076 0010449 204.5135 155.5600 15.12151005 17202
1 47698U 21006ER  21136.71003911  .00002281  00000-0  13588-3 0  9999
2 47698  97.4993 198.4676 0010478 203.5829 156.4923 15.12152695 17248
1 47698U 21006ER  21137.63645665  .00001985  00000-0  11873-3 0  9994
2 47698  97.4993 199.3776 0010577 200.2027 159.8786 15.12157197 17384
1 47698U 21006ER  21137.90114689  .00001967  00000-0  11771-3 0  9998
2 47698  97.4993 199.6376 0010600 199.2882 160.7949 15.12158514 17427
1 47698U 21006ER  21138.49669857  .00002209  00000-0  13170-3 0  9990
2 47698  97.4994 200.2226 0010656 197.0868 163.0005 15.12162784 17515
1 47698U 21006ER  21138.69521564  .00002128  00000-0  12700-3 0  9992
2 47698  97.4994 200.4177 0010672 196.4352 163.6534 15.12163638 17546
1 47698U 21006ER  21138.82756018  .00002249  00000-0  13399-3 0  9990
2 47698  97.4993 200.5477 0010680 195.9455 164.1441 15.12164730 17565
1 47698U 21006ER  21139.48928239  .00002260  00000-0  13464-3 0  9995
2 47698  97.4994 201.1977 0010747 193.5340 166.5604 15.12168336 17663
1 47698U 21006ER  21139.75397097  .00002208  00000-0  13163-3 0  9995
2 47698  97.4993 201.4577 0010769 192.6101 167.4862 15.12169510 17706
1 47698U 21006ER  21139.82014318  .00002078  00000-0  12410-3 0  9994
2 47698  97.4993 201.5227 0010779 192.3654 167.7314 15.12169373 17713
1 47698U 21006ER  21140.41569174  .00001958  00000-0  11714-3 0  9998
2 47698  97.4994 202.1077 0010846 190.3799 169.7209 15.12171843 17807
1 47698U 21006ER  21140.61420746  .00002151  00000-0  12829-3 0  9995
2 47698  97.4994 202.3027 0010863 189.6791 170.4232 15.12173522 17830
1 47698U 21006ER  21141.40826968  .00002657  00000-0  15758-3 0  9994
2 47698  97.4994 203.0827 0010936 186.8926 173.2156 15.12178828 17959
1 47698U 21006ER  21141.73912837  .00002004  00000-0  11977-3 0  9996
2 47698  97.4994 203.4077 0010977 185.8071 174.3034 15.12178445 18004
1 47698U 21006ER  21141.87147188  .00002065  00000-0  12327-3 0  9997
2 47698  97.4994 203.5377 0010991 185.2939 174.8177 15.12179136 18024
1 47698U 21006ER  21142.26850163  .00002156  00000-0  12857-3 0  9994
2 47698  97.4994 203.9277 0011041 184.0282 176.0861 15.12181315 18084
1 47698U 21006ER  21142.93021690  .00002337  00000-0  13900-3 0  9994
2 47698  97.4994 204.5776 0011116 181.7262 178.3932 15.12184893 18189
1 47698U 21006ER  21143.12873119  .00002350  00000-0  13975-3 0  9994
2 47698  97.4994 204.7726 0011142 181.1029 179.0179 15.12185913 18219
1 47698U 21006ER  21143.59193078  .00002424  00000-0  14400-3 0  9990
2 47698  97.4994 205.2276 0011193 179.5603 180.5640 15.12188352 18287
1 47698U 21006ER  21143.85661620  .00002545  00000-0  15103-3 0  9997
2 47698  97.4993 205.4876 0011218 178.6685 181.4578 15.12189771 18323
1 47698U 21006ER  21144.31981457  .00002691  00000-0  15945-3 0  9998
2 47698  97.4993 205.9426 0011265 177.1254 183.0043 15.12192555 18393
1 47698U 21006ER  21144.91535442  .00002605  00000-0  15446-3 0  9994
2 47698  97.4992 206.5276 0011327 175.0811 185.0533 15.12195216 18480
1 47698U 21006ER  21145.37855119  .00002499  00000-0  14832-3 0  9990
2 47698  97.4992 206.9826 0011376 173.5273 186.6107 15.12197292 18552
1 47698U 21006ER  21145.57706407  .00002102  00000-0  12537-3 0  9998
2 47698  97.4992 207.1775 0011398 172.8478 187.2917 15.12197053 18585
1 47698U 21006ER  21145.90791756  .00002704  00000-0  16018-3 0  9992
2 47698  97.4991 207.5026 0011437 171.7467 188.3954 15.12200925 18639
1 47698U 21006ER  21146.43728395  .00002226  00000-0  13253-3 0  9997
2 47698  97.4991 208.0226 0011497 169.9624 190.1838 15.12202016 18711
1 47698U 21006ER  21146.83430921  .00001873  00000-0  11206-3 0  9999
2 47698  97.4991 208.4126 0011480 168.7680 191.3809 15.12201112 18778
1 47698U 21006ER  21146.96665057  .00001851  00000-0  11081-3 0  9990
2 47698  97.4991 208.5426 0011498 168.3560 191.7939 15.12201602 18798
1 47698U 21006ER  21147.42984516  .00001908  00000-0  11411-3 0  9996
2 47698  97.4991 208.9975 0011538 166.8491 193.3042 15.12203896 18860
1 47698U 21006ER  21147.89303680  .00002312  00000-0  13746-3 0  9997
2 47698  97.4987 209.4526 0011637 165.1107 195.0468 15.12209098 18938
1 47698U 21006ER  21148.42240006  .00002552  00000-0  15129-3 0  9992
2 47698  97.4986 209.9726 0011681 163.3278 196.8339 15.12212107 19013
1 47698U 21006ER  21148.75325076  .00001945  00000-0  11619-3 0  9994
2 47698  97.4985 210.2976 0011714 162.2738 197.8903 15.12212263 19066
1 47698U 21006ER  21149.08410193  .00003054  00000-0  18028-3 0  9990
2 47698  97.4990 210.6218 0011592 159.3666 200.8035 15.12217661 19110
1 47698U 21006ER  21149.21644188  .00001738  00000-0  10426-3 0  9999
2 47698  97.4984 210.7526 0011756 160.8284 199.3391 15.12213926 19130
1 47698U 21006ER  21149.74580257  .00001824  00000-0  10918-3 0  9995
2 47698  97.4983 211.2726 0011800 159.0779 201.0937 15.12216651 19210
1 47698U 21006ER  21150.40750244  .00001775  00000-0  10637-3 0  9998
2 47698  97.4982 211.9225 0011863 156.9680 203.2084 15.12219377 19312
1 47698U 21006ER  21150.73835182  .00001916  00000-0  11450-3 0  9990
2 47698  97.4982 212.2476 0011885 155.9141 204.2648 15.12221301 19361
1 47698U 21006ER  21151.46621951  .00002078  00000-0  12382-3 0  9993
2 47698  97.4981 212.9625 0011948 153.6754 206.5086 15.12224745 19476
1 47698U 21006ER  21151.73089837  .00002110  00000-0  12569-3 0  9998
2 47698  97.4981 213.2225 0011970 152.8602 207.3256 15.12225891 19510
1 47698U 21006ER  21151.86323767  .00002155  00000-0  12830-3 0  9995
2 47698  97.4981 213.3525 0011987 152.4517 207.7351 15.12226524 19539
1 47698U 21006ER  21152.45876389  .00002378  00000-0  14114-3 0  9998
2 47698  97.4982 213.9374 0012040 150.5980 209.5930 15.12229661 19620
1 47698U 21006ER  21152.78961130  .00002431  00000-0  14420-3 0  9993
2 47698  97.4981 214.2624 0012064 149.5530 210.6403 15.12231276 19674
1 47698U 21006ER  21153.51747475  .00002578  00000-0  15271-3 0  9996
2 47698  97.4982 214.9772 0012132 147.3193 212.8791 15.12234803 19788
1 47698U 21006ER  21154.11299806  .00002379  00000-0  14116-3 0  9999
2 47698  97.4983 215.5622 0012183 145.4687 214.7338 15.12236952 19878
1 47698U 21006ER  21154.44384369  .00002475  00000-0  14671-3 0  9997
2 47698  97.4983 215.8871 0012212 144.3960 215.8088 15.12238884 19928
1 47698U 21006ER  21154.84085800  .00002375  00000-0  14091-3 0  9994
2 47698  97.4983 216.2770 0012246 143.1654 217.0420 15.12240574 19984
1 47698U 21006ER  21155.43637846  .00002313  00000-0  13736-3 0  9990
2 47698  97.4985 216.8620 0012286 141.3701 218.8411 15.12243416 20072
1 47698U 21006ER  21155.89956054  .00002149  00000-0  12789-3 0  9999
2 47698  97.4984 217.3169 0012256 139.8718 220.3420 15.12244662 20142
1 47698U 21006ER  21156.56124870  .00002011  00000-0  11991-3 0  9999
2 47698  97.4984 217.9668 0012298 137.8430 222.3748 15.12246802 20241
1 47698U 21006ER  21156.75975489  .00001997  00000-0  11907-3 0  9999
2 47698  97.4984 218.1618 0012307 137.2248 222.9942 15.12247553 20270
1 47698U 21006ER  21156.89209266  .00001914  00000-0  11429-3 0  9995
2 47698  97.4984 218.2918 0012315 136.7913 223.4286 15.12247572 20296
1 47698U 21006ER  21157.42144178  .00001923  00000-0  11482-3 0  9994
2 47698  97.4984 218.8117 0012356 135.1649 225.0582 15.12249847 20370
1 47698U 21006ER  21157.81845370  .00001361  00000-0  82352-4 0  9990
2 47698  97.4984 219.2016 0012388 133.9509 226.2746 15.12248421 20438
1 47698U 21006ER  21158.08312809  .00001326  00000-0  80334-4 0  9995
2 47698  97.4983 219.4616 0012404 133.1413 227.0857 15.12249197 20477
1 47698U 21006ER  21158.41397017  .00001478  00000-0  89077-4 0  9997
2 47698  97.4984 219.7866 0012426 132.1080 228.1209 15.12251373 20529
1 47698U 21006ER  21158.74481197  .00001517  00000-0  91327-4 0  9991
2 47698  97.4984 220.1116 0012449 131.0965 229.1343 15.12253017 20570
1 47698U 21006ER  21159.14182090  .00001880  00000-0  11230-3 0  9993
2 47698  97.4983 220.5015 0012469 129.8414 230.3916 15.12256883 20638
1 47698U 21006ER  21159.73733582  .00001931  00000-0  11525-3 0  9990
2 47698  97.4982 221.0864 0012540 128.0783 232.1581 15.12258654 20721
1 47698U 21006ER  21160.39901765  .00002079  00000-0  12375-3 0  9992
2 47698  97.4981 221.7363 0012572 126.0871 234.1526 15.12261382 20826
1 47698U 21006ER  21160.72985798  .00002151  00000-0  12790-3 0  9999
2 47698  97.4980 222.0612 0012595 125.0336 235.2078 15.12262929 20873
1 47698U 21006ER  21161.12686579  .00002428  00000-0  14389-3 0  9992
2 47698  97.4979 222.4512 0012610 123.8788 236.3644 15.12265434 20931
1 47698U 21006ER  21161.72237648  .00002307  00000-0  13689-3 0  9995
2 47698  97.4979 223.0361 0012649 122.0790 238.1670 15.12267815 21021
1 47698U 21006ER  21161.92087986  .00002218  00000-0  13175-3 0  9996
2 47698  97.4978 223.2311 0012658 121.5129 238.7340 15.12268395 21054
1 47698U 21006ER  21162.45022096  .00002474  00000-0  14652-3 0  9991
2 47698  97.4978 223.7509 0012689 119.9288 240.3205 15.12272017 21133
1 47698U 21006ER  21162.91339322  .00002705  00000-0  15980-3 0  9997
2 47698  97.4977 224.2059 0012710 118.5644 241.6867 15.12275477 21203
1 47698U 21006ER  21163.11189549  .00002645  00000-0  15636-3 0  9995
2 47698  97.4976 224.4009 0012716 117.9811 242.2708 15.12276482 21235
1 47698U 21006ER  21163.44273222  .00002553  00000-0  15102-3 0  9999
2 47698  97.4977 224.7259 0012733 116.9788 243.2744 15.12278137 21282
1 47698U 21006ER  21163.70740111  .00002493  00000-0  14760-3 0  9996
2 47698  97.4976 224.9859 0012743 116.1784 244.0758 15.12279693 21325
1 47698U 21006ER  21164.43523979  .00002168  00000-0  12881-3 0  9999
2 47698  97.4975 225.7008 0012792 114.0125 246.2446 15.12282967 21437
1 47698U 21006ER  21164.89840844  .00002166  00000-0  12870-3 0  9998
2 47698  97.4974 226.1558 0012792 112.6071 247.6514 15.12285847 21504
1 47698U 21006ER  21165.42774332  .00001960  00000-0  11679-3 0  9993
2 47698  97.4974 226.6757 0012818 110.9880 249.2723 15.12288323 21588
1 47698U 21006ER  21165.69241053  .00001831  00000-0  10934-3 0  9991
2 47698  97.4973 226.9357 0012818 110.1959 250.0651 15.12289396 21621
1 47698U 21006ER  21165.89091075  .00001793  00000-0  10715-3 0  9994
2 47698  97.4973 227.1307 0012821 109.5941 250.6675 15.12290285 21650
1 47698U 21006ER  21166.48641076  .00001739  00000-0  10402-3 0  9995
2 47698  97.4973 227.7156 0012828 107.8326 252.4305 15.12293132 21747
1 47698U 21006ER  21166.75107718  .00001700  00000-0  10176-3 0  9991
2 47698  97.4972 227.9756 0012831 107.0293 253.2345 15.12294228 21787
1 47698U 21006ER  21166.88341017  .00001817  00000-0  10853-3 0  9998
2 47698  97.4972 228.1056 0012831 106.6314 253.6327 15.12295208 21808
1 47698U 21006ER  21167.47890813  .00002171  00000-0  12894-3 0  9998
2 47698  97.4973 228.6905 0012833 104.8518 255.4135 15.12299152 21893
1 47698U 21006ER  21167.87590631  .00002551  00000-0  15081-3 0  9990
2 47698  97.4972 229.0805 0012832 103.6540 256.6121 15.12302040 21953
1 47698U 21006ER  21168.14057131  .00002674  00000-0  15789-3 0  9995
2 47698  97.4972 229.3404 0012823 102.8671 257.3993 15.12303699 21997
1 47698U 21006ER  21168.47140237  .00002705  00000-0  15970-3 0  9998
2 47698  97.4972 229.6654 0012847 101.8499 258.4173 15.12305318 22049
1 47698U 21006ER  21168.86839891  .00002688  00000-0  15868-3 0  9998
2 47698  97.4972 230.0553 0012840 100.6869 259.5809 15.12307279 22107
1 47698U 21006ER  21169.39772733  .00002523  00000-0  14919-3 0  9992
2 47698  97.4973 230.5752 0012837  99.1354 261.1329 15.12309218 22180
1 47698U 21006ER  21169.59622493  .00002652  00000-0  15660-3 0  9998
2 47698  97.4973 230.7701 0012835  98.5772 261.6914 15.12310759 22212
1 47698U 21006ER  21170.39021459  .00002694  00000-0  15900-3 0  9996
2 47698  97.4974 231.5499 0012818  96.2794 263.9897 15.12314936 22335
1 47698U 21006ER  21170.85337433  .00002549  00000-0  15064-3 0  9999
2 47698  97.4974 232.0048 0012827  94.8960 265.3735 15.12316843 22404
1 47698U 21006ER  21170.91953994  .00002566  00000-0  15164-3 0  9992
2 47698  97.4974 232.0698 0012826  94.6958 265.5738 15.12317212 22416
1 47698U 21006ER  21172.44134481  .00002288  00000-0  13560-3 0  9993
2 47698  97.4976 233.5644 0012827  90.1839 270.0862 15.12324230 22647
1 47698U 21006ER  21172.63984088  .00002010  00000-0  11953-3 0  9997
2 47698  97.4976 233.7594 0012825  89.6155 270.6545 15.12324257 22671
1 47698U 21006ER  21173.56615273  .00002161  00000-0  12824-3 0  9992
2 47698  97.4976 234.6691 0012825  86.8358 273.4340 15.12329271 22814
1 47698U 21006ER  21174.42629746  .00001996  00000-0  11870-3 0  9993
2 47698  97.4975 235.5140 0012812  84.2817 275.9874 15.12332560 22948
1 47698U 21006ER  21174.75712175  .00001985  00000-0  11808-3 0  9997
2 47698  97.4974 235.8390 0012806  83.2817 276.9870 15.12333988 22996
1 47698U 21006ER  21175.41877057  .00002005  00000-0  11921-3 0  9992
2 47698  97.4974 236.4890 0012730  81.0846 279.1825 15.12335983 23096
1 47698U 21006ER  21175.81575849  .00001990  00000-0  11838-3 0  9999
2 47698  97.4974 236.8789 0012727  79.9023 280.3643 15.12337738 23155
1 47698U 21006ER  21176.47740395  .00002068  00000-0  12282-3 0  9993
2 47698  97.4972 237.5288 0012746  78.1199 282.1460 15.12341065 23257
1 47698U 21006ER  21176.74206211  .00002025  00000-0  12034-3 0  9995
2 47698  97.4971 237.7888 0012732  77.3131 282.9523 15.12341941 23291
1 47698U 21006ER  21177.07288446  .00002095  00000-0  12439-3 0  9998
2 47698  97.4970 238.1137 0012711  76.3130 283.9515 15.12343401 23348
1 47698U 21006ER  21177.40370675  .00002104  00000-0  12490-3 0  9999
2 47698  97.4970 238.4387 0012698  75.3310 284.9328 15.12344562 23398
1 47698U 21006ER  21177.73452824  .00002364  00000-0  13986-3 0  9991
2 47698  97.4969 238.7636 0012674  74.3540 285.9088 15.12346791 23440
1 47698U 21006ER  21178.13151384  .00002458  00000-0  14530-3 0  9993
2 47698  97.4968 239.1536 0012652  73.1334 287.1283 15.12348668 23500
1 47698U 21006ER  21178.39617089  .00002433  00000-0  14384-3 0  9990
2 47698  97.4968 239.4136 0012642  72.3551 287.9059 15.12349513 23543
1 47698U 21006ER  21178.72699146  .00002592  00000-0  15300-3 0  9996
2 47698  97.4967 239.7385 0012625  71.3822 288.8779 15.12351489 23591
1 47698U 21006ER  21179.25630363  .00002654  00000-0  15657-3 0  9995
2 47698  97.4967 240.2584 0012605  69.7662 290.4923 15.12354116 23679
1 47698U 21006ER  21179.71945116  .00002692  00000-0  15871-3 0  9991
2 47698  97.4966 240.7134 0012578  68.3956 291.8614 15.12356386 23745
1 47698U 21006ER  21180.11643376  .00002800  00000-0  16493-3 0  9992
2 47698  97.4966 241.1033 0012558  67.1669 293.0887 15.12358851 23806
1 47698U 21006ER  21180.44725273  .00002906  00000-0  17102-3 0  9990
2 47698  97.4966 241.4283 0012557  66.1188 294.1357 15.12360654 23853
1 47698U 21006ER  21180.71190741  .00002757  00000-0  16245-3 0  9997
2 47698  97.4966 241.6882 0012536  65.3933 294.8602 15.12361586 23895
1 47698U 21006ER  21181.43970615  .00002464  00000-0  14558-3 0  9993
2 47698  97.4967 242.4031 0012500  63.2043 297.0465 15.12364664 24007
1 47698U 21006ER  21181.70435966  .00002919  00000-0  17172-3 0  9998
2 47698  97.4967 242.6631 0012487  62.3869 297.8628 15.12367581 24049
1 47698U 21006ER  21182.43215485  .00003116  00000-0  18303-3 0  9998
2 47698  97.4967 243.3779 0012444  60.1455 300.1011 15.12372687 24159
1 47698U 21006ER  21182.76297075  .00002838  00000-0  16703-3 0  9991
2 47698  97.4967 243.7028 0012416  59.1395 301.1055 15.12373571 24208
1 47698U 21006ER  21183.42460091  .00002572  00000-0  15173-3 0  9990
2 47698  97.4968 244.3527 0012379  57.1032 303.1388 15.12376431 24304
1 47698U 21006ER  21183.75541529  .00002559  00000-0  15099-3 0  9994
2 47698  97.4968 244.6777 0012355  56.0814 304.1590 15.12378288 24357
1 47698U 21006ER  21184.08622914  .00002620  00000-0  15449-3 0  9997
2 47698  97.4968 245.0026 0012331  55.0324 305.2063 15.12380408 24408
1 47698U 21006ER  21184.41704309  .00002380  00000-0  14070-3 0  9995
2 47698  97.4968 245.3275 0012308  54.0056 306.2313 15.12381319 24458
1 47698U 21006ER  21184.88018166  .00002391  00000-0  14132-3 0  9996
2 47698  97.4968 245.7823 0012276  52.5953 307.6393 15.12383782 24521
1 47698U 21006ER  21185.21099491  .00002143  00000-0  12702-3 0  9990
2 47698  97.4968 246.1073 0012255  51.5478 308.6850 15.12384536 24573
1 47698U 21006ER  21185.67413247  .00002328  00000-0  13766-3 0  9995
2 47698  97.4969 246.5621 0012223  50.1262 310.1042 15.12387343 24646
1 47698U 21006ER  21186.40191913  .00002461  00000-0  14528-3 0  9995
2 47698  97.4969 247.2769 0012162  47.8295 312.3966 15.12390781 24759
1 47698U 21006ER  21186.73273081  .00002523  00000-0  14888-3 0  9996
2 47698  97.4969 247.6018 0012116  46.7734 313.4506 15.12392315 24808
1 47698U 21006ER  21187.12970423  .00002555  00000-0  15071-3 0  9994
2 47698  97.4969 247.9917 0012075  45.5063 314.7153 15.12394102 24869
1 47698U 21006ER  21187.85748712  .00002733  00000-0  16092-3 0  9990
2 47698  97.4969 248.7065 0012010  43.2443 316.9729 15.12398047 24975
1 47698U 21006ER  21187.92364913  .00002752  00000-0  16204-3 0  9991
2 47698  97.4969 248.7715 0011999  43.0403 317.1764 15.12398389 24988
1 47698U 21006ER  21188.12213515  .00002560  00000-0  15099-3 0  9993
2 47698  97.4969 248.9664 0011976  42.4042 317.8112 15.12398767 25019
1 47698U 21006ER  21188.84991526  .00002734  00000-0  16099-3 0  9991
2 47698  97.4968 249.6813 0011925  40.1460 320.0649 15.12403191 25126
1 47698U 21006ER  21189.11456208  .00002705  00000-0  15930-3 0  9996
2 47698  97.4968 249.9412 0011903  39.3333 320.8760 15.12404633 25167
1 47698U 21006ER  21189.44537011  .00002756  00000-0  16219-3 0  9991
2 47698  97.4968 250.2661 0011874  38.3247 321.8826 15.12406727 25214
1 47698U 21006ER  21189.71001632  .00002692  00000-0  15856-3 0  9991
2 47698  97.4968 250.5261 0011853  37.4899 322.7156 15.12408140 25254
1 47698U 21006ER  21190.23930787  .00002381  00000-0  14067-3 0  9990
2 47698  97.4967 251.0460 0011804  35.8260 324.3761 15.12410392 25331
1 47698U 21006ER  21190.43779200  .00002311  00000-0  13664-3 0  9998
2 47698  97.4967 251.2409 0011790  35.2145 324.9863 15.12411311 25360
1 47698U 21006ER  21190.76859859  .00002112  00000-0  12517-3 0  9998
2 47698  97.4966 251.5659 0011759  34.1377 326.0608 15.12412614 25412
1 47698U 21006ER  21191.43021087  .00001932  00000-0  11484-3 0  9998
2 47698  97.4965 252.2158 0011691  32.0462 328.1477 15.12415516 25512
1 47698U 21006ER  21191.89333889  .00001735  00000-0  10348-3 0  9993
2 47698  97.4964 252.6707 0011651  30.5442 329.6465 15.12417049 25585
1 47698U 21006ER  21192.42262727  .00001376  00000-0  82827-4 0  9998
2 47698  97.4963 253.1906 0011593  28.8181 331.3687 15.12418308 25660
1 47698U 21006ER  21192.75343275  .00001533  00000-0  91893-4 0  9990
2 47698  97.4962 253.5156 0011562  27.7198 332.4647 15.12419805 25719
1 47698U 21006ER  21193.41504372  .00001842  00000-0  10960-3 0  9999
2 47698  97.4965 254.1653 0011506  25.2184 334.9606 15.12421951 25815
1 47698U 21006ER  21193.74584818  .00001802  00000-0  10735-3 0  9994
2 47698  97.4965 254.4902 0011474  24.1438 336.0328 15.12423131 25860
1 47698U 21006ER  21194.14281329  .00001709  00000-0  10196-3 0  9997
2 47698  97.4964 254.8801 0011436  22.8513 337.3224 15.12424195 25925
1 47698U 21006ER  21194.40745657  .00001682  00000-0  10041-3 0  9994
2 47698  97.4964 255.1400 0011409  22.0177 338.1542 15.12425038 25965
1 47698U 21006ER  21194.73826073  .00001629  00000-0  97383-4 0  9998
2 47698  97.4964 255.4650 0011380  20.9575 339.2120 15.12425864 26010
1 47698U 21006ER  21195.13522488  .00001641  00000-0  98056-4 0  9998
2 47698  97.4964 255.8549 0011343  19.6799 340.4867 15.12427351 26074
1 47698U 21006ER  21195.73067166  .00001485  00000-0  89096-4 0  9991
2 47698  97.4964 256.4397 0011277  17.7592 342.4031 15.12428214 26162
1 47698U 21006ER  21196.12763458  .00001642  00000-0  98133-4 0  9999
2 47698  97.4963 256.8296 0011239  16.4300 343.7293 15.12430544 26224
1 47698U 21006ER  21197.38468364  .00001646  00000-0  98332-4 0  9991
2 47698  97.4962 258.0643 0011114  12.2630 347.8869 15.12434546 26416
1 47698U 21006ER  21198.17860750  .00001663  00000-0  99292-4 0  9999
2 47698  97.4960 258.8440 0011025   9.5310 350.6128 15.12437195 26538
1 47698U 21006ER  21198.70788904  .00001663  00000-0  99286-4 0  9991
2 47698  97.4960 259.3639 0010967   7.7080 352.4318 15.12439022 26613
1 47698U 21006ER  21199.10484963  .00001712  00000-0  10210-3 0  9998
2 47698  97.4959 259.7538 0010915   6.3156 353.8211 15.12440699 26670
1 47698U 21006ER  21199.70029027  .00001662  00000-0  99231-4 0  9995
2 47698  97.4959 260.3387 0010845   4.1919 355.9401 15.12442495 26765
1 47698U 21006ER  21200.09724986  .00001669  00000-0  99647-4 0  9994
2 47698  97.4960 260.7286 0010798   2.7349 357.3938 15.12444040 26823
1 47698U 21006ER  21200.69268847  .00001758  00000-0  10475-3 0  9999
2 47698  97.4960 261.3134 0010751   0.6633 359.4610 15.12446872 26919
1 47698U 21006ER  21201.42044570  .00001857  00000-0  11042-3 0  9997
2 47698  97.4961 262.0282 0010679 358.1064   2.0124 15.12450239 27026
1 47698U 21006ER  21201.68508420  .00001879  00000-0  11171-3 0  9991
2 47698  97.4960 262.2882 0010652 357.1993   2.9176 15.12451482 27065
1 47698U 21006ER  21202.47899856  .00002015  00000-0  11951-3 0  9994
2 47698  97.4961 263.0679 0010573 354.4256   5.6855 15.12455492 27185
1 47698U 21006ER  21202.74363623  .00002042  00000-0  12104-3 0  9993
2 47698  97.4961 263.3278 0010546 353.5614   6.5480 15.12456773 27223
1 47698U 21006ER  21203.40523026  .00002373  00000-0  14004-3 0  9990
2 47698  97.4961 263.9776 0010447 351.3885   8.7165 15.12459727 27325
1 47698U 21006ER  21203.73602595  .00003170  00000-0  18582-3 0  9996
2 47698  97.4961 264.3025 0010417 350.1803   9.9223 15.12463899 27379
1 47698U 21006ER  21204.13298047  .00003415  00000-0  19987-3 0  9996
2 47698  97.4960 264.6924 0010375 348.6490  11.4506 15.12466678 27433
1 47698U 21006ER  21204.39761702  .00002515  00000-0  14820-3 0  9998
2 47698  97.4960 264.9523 0010335 347.6978  12.3999 15.12465075 27477
1 47698U 21006ER  21204.72841206  .00003352  00000-0  19623-3 0  9999
2 47698  97.4959 265.2772 0010300 346.4653  13.6300 15.12469211 27526
1 47698U 21006ER  21205.39000040  .00003248  00000-0  19026-3 0  9997
2 47698  97.4958 265.9270 0010238 344.0374  16.0532 15.12472572 27628
1 47698U 21006ER  21206.44853824  .00003024  00000-0  17735-3 0  9997
2 47698  97.4956 266.9668 0010124 340.0696  20.0138 15.12478161 27789
1 47698U 21006ER  21206.71317170  .00003165  00000-0  18547-3 0  9994
2 47698  97.4955 267.2267 0010100 339.1460  20.9357 15.12480441 27820
1 47698U 21006ER  21207.11012151  .00003149  00000-0  18451-3 0  9996
2 47698  97.4953 267.6167 0010065 337.6409  22.4381 15.12483014 27886
1 47698U 21006ER  21208.10249421  .00002622  00000-0  15426-3 0  9992
2 47698  97.4952 268.5914 0009970 333.9306  26.1422 15.12487442 28037
1 47698U 21006ER  21208.43328444  .00002584  00000-0  15204-3 0  9992
2 47698  97.4952 268.9163 0009939 332.7108  27.3599 15.12489167 28088
1 47698U 21006ER  21208.69791629  .00002420  00000-0  14264-3 0  9993
2 47698  97.4951 269.1762 0009915 331.7377  28.3315 15.12490223 28123
1 47698U 21006ER  21209.16102144  .00002327  00000-0  13730-3 0  9997
2 47698  97.4951 269.6311 0009881 330.0000  30.0663 15.12492495 28191
1 47698U 21006ER  21209.88875644  .00002318  00000-0  13678-3 0  9999
2 47698  97.4949 270.3459 0009822 327.2652  32.7969 15.12496372 28305
1 47698U 21006ER  21210.41801754  .00002270  00000-0  13403-3 0  9994
2 47698  97.4949 270.8657 0009775 325.2002  34.8589 15.12498812 28384
1 47698U 21006ER  21210.74880521  .00002279  00000-0  13451-3 0  9991
2 47698  97.4948 271.1905 0009745 323.9531  36.1041 15.12500471 28431
1 47698U 21006ER  21211.41037978  .00002255  00000-0  13312-3 0  9996
2 47698  97.4948 271.8403 0009702 321.4042  38.6494 15.12503450 28534
1 47698U 21006ER  21211.60885191  .00002300  00000-0  13571-3 0  9993
2 47698  97.4947 272.0352 0009695 320.5557  39.4967 15.12504534 28562
1 47698U 21006ER  21212.60121094  .00002326  00000-0  13719-3 0  9991
2 47698  97.4948 273.0097 0009636 316.5361  43.5109 15.12509003 28710
1 47698U 21006ER  21212.93199678  .00002286  00000-0  13487-3 0  9997
2 47698  97.4948 273.3346 0009598 315.3202  44.7255 15.12510199 28766
1 47698U 21006ER  21213.13046798  .00002332  00000-0  13754-3 0  9993
2 47698  97.4948 273.5295 0009593 314.4809  45.5637 15.12511282 28799
1 47698U 21006ER  21213.59356753  .00002191  00000-0  12946-3 0  9993
2 47698  97.4949 273.9843 0009556 312.6054  47.4370 15.12512665 28863
1 47698U 21006ER  21214.12282305  .00002328  00000-0  13726-3 0  9993
2 47698  97.4949 274.5041 0009532 310.4795  49.5605 15.12515305 28949
1 47698U 21006ER  21214.65207823  .00002154  00000-0  12731-3 0  9995
2 47698  97.4950 275.0238 0009491 308.3633  51.6744 15.12516852 29022
1 47698U 21006ER  21215.11517509  .00002380  00000-0  14025-3 0  9991
2 47698  97.4949 275.4786 0009464 306.5649  53.4710 15.12519814 29090
1 47698U 21006ER  21215.64442796  .00002418  00000-0  14241-3 0  9996
2 47698  97.4951 275.9983 0009432 304.3933  55.6405 15.12522593 29176
1 47698U 21006ER  21216.10752354  .00002288  00000-0  13494-3 0  9996
2 47698  97.4951 276.4531 0009410 302.5084  57.5237 15.12524528 29246
1 47698U 21006ER  21216.76908704  .00002426  00000-0  14288-3 0  9996
2 47698  97.4951 277.1028 0009370 299.9055  60.1244 15.12528607 29348
1 47698U 21006ER  21217.43064971  .00001985  00000-0  11758-3 0  9998
2 47698  97.4950 277.7526 0009326 297.2771  62.7510 15.12530578 29448
1 47698U 21006ER  21218.15836709  .00001628  00000-0  97094-4 0  9996
2 47698  97.4950 278.4674 0009306 294.4002  65.6258 15.12533058 29553
1 47698U 21006ER  21218.88608333  .00001554  00000-0  92859-4 0  9998
2 47698  97.4949 279.1821 0009275 291.5184  68.5058 15.12535864 29666
1 47698U 21006ER  21219.15070690  .00001334  00000-0  80185-4 0  9993
2 47698  97.4949 279.4420 0009275 290.4360  69.5875 15.12536411 29700
1 47698U 21006ER  21219.61379792  .00001867  00000-0  11076-3 0  9992
2 47698  97.4948 279.8969 0009270 288.5083  71.5141 15.12539865 29778
1 47698U 21006ER  21220.14304430  .00002007  00000-0  11881-3 0  9990
2 47698  97.4947 280.4168 0009268 286.3748  73.6463 15.12542229 29854
1 47698U 21006ER  21220.60613482  .00001927  00000-0  11422-3 0  9992
2 47698  97.4946 280.8716 0009259 284.4629  75.5574 15.12543440 29921
1 47698U 21006ER  21221.40000243  .00002146  00000-0  12671-3 0  9997
2 47698  97.4944 281.6514 0009258 281.1943  78.8246 15.12546930 30040
1 47698U 21006ER  21222.12771301  .00001999  00000-0  11832-3 0  9990
2 47698  97.4941 282.3661 0009260 278.1923  81.8258 15.12549272 30156
1 47698U 21006ER  21223.12004357  .00001840  00000-0  10920-3 0  9993
2 47698  97.4939 283.3407 0009262 274.0401  85.9771 15.12552572 30309
1 47698U 21006ER  21223.38466374  .00001966  00000-0  11640-3 0  9991
2 47698  97.4943 283.6003 0009257 273.2473  86.7699 15.12554701 30341
1 47698U 21006ER  21223.91390544  .00001830  00000-0  10862-3 0  9990
2 47698  97.4942 284.1200 0009269 271.0263  88.9906 15.12555938 30428
1 47698U 21006ER  21224.17852598  .00001835  00000-0  10889-3 0  9995
2 47698  97.4942 284.3799 0009273 269.9778  90.0390 15.12556981 30469
1 47698U 21006ER  21224.44314632  .00001817  00000-0  10786-3 0  9993
2 47698  97.4942 284.6398 0009274 268.9137  91.1031 15.12557898 30503
1 47698U 21006ER  21225.43547136  .00001797  00000-0  10670-3 0  9999
2 47698  97.4940 285.6143 0009309 264.8128  95.2040 15.12561518 30659
1 47698U 21006ER  21226.42779442  .00001601  00000-0  95478-4 0  9990
2 47698  97.4939 286.5888 0009332 260.7276  99.2899 15.12564084 30802
1 47698U 21006ER  21226.89087756  .00001631  00000-0  97174-4 0  9999
2 47698  97.4938 287.0435 0009345 258.8510 101.1670 15.12565970 30870
1 47698U 21006ER  21227.15549643  .00001610  00000-0  95943-4 0  9996
2 47698  97.4938 287.3034 0009355 257.8001 102.2182 15.12566803 30914
1 47698U 21006ER  21227.42011513  .00001603  00000-0  95526-4 0  9995
2 47698  97.4938 287.5633 0009362 256.6865 103.3322 15.12567691 30952
1 47698U 21006ER  21227.75088814  .00001610  00000-0  95936-4 0  9992
2 47698  97.4938 287.8881 0009386 255.4013 104.6177 15.12568954 31000
1 47698U 21006ER  21228.47858807  .00001687  00000-0  10033-3 0  9997
2 47698  97.4938 288.6028 0009409 252.4256 107.5947 15.12571955 31118
1 47698U 21006ER  21228.80936074  .00001676  00000-0  99698-4 0  9990
2 47698  97.4937 288.9276 0009420 251.0997 108.9213 15.12572936 31161
1 47698U 21006ER  21229.40475075  .00001631  00000-0  97138-4 0  9994
2 47698  97.4937 289.5123 0009438 248.6838 111.3386 15.12574630 31256
1 47698U 21006ER  21229.80167673  .00001708  00000-0  10153-3 0  9996
2 47698  97.4937 289.9021 0009451 247.1000 112.9234 15.12576385 31312
1 47698U 21006ER  21230.13244820  .00001725  00000-0  10249-3 0  9999
2 47698  97.4937 290.2269 0009468 245.7762 114.2480 15.12577566 31363
1 47698U 21006ER  21230.39706536  .00001735  00000-0  10307-3 0  9990
2 47698  97.4937 290.4868 0009475 244.6905 115.3345 15.12578440 31404
1 47698U 21006ER  21230.72783656  .00001733  00000-0  10299-3 0  9993
2 47698  97.4936 290.8116 0009487 243.3768 116.6491 15.12579476 31450
1 47698U 21006ER  21231.38937814  .00001727  00000-0  10262-3 0  9996
2 47698  97.4936 291.4612 0009528 240.7518 119.2761 15.12581562 31557
1 47698U 21006ER  21231.65399423  .00001799  00000-0  10675-3 0  9991
2 47698  97.4935 291.7211 0009533 239.7013 120.3275 15.12582903 31595
1 47698U 21006ER  21232.44784153  .00001892  00000-0  11204-3 0  9990
2 47698  97.4934 292.5006 0009579 236.5268 123.5048 15.12586239 31715
1 47698U 21006ER  21233.44014850  .00002357  00000-0  13867-3 0  9995
2 47698  97.4935 293.4750 0009666 232.3682 127.6672 15.12591574 31865
1 47698U 21006ER  21233.83706966  .00002574  00000-0  15104-3 0  9991
2 47698  97.4934 293.8648 0009685 230.8188 129.2183 15.12594490 31921
1 47698U 21006ER  21233.96937664  .00002560  00000-0  15027-3 0  9995
2 47698  97.4934 293.9947 0009694 230.3239 129.7138 15.12595179 31948
1 47698U 21006ER  21234.43245104  .00002243  00000-0  13212-3 0  9991
2 47698  97.4933 294.4495 0009727 228.5181 131.5215 15.12596549 32011
1 47698U 21006ER  21234.89552467  .00002159  00000-0  12727-3 0  9990
2 47698  97.4932 294.9043 0009765 226.7587 133.2830 15.12598613 32089
1 47698U 21006ER  21235.29244473  .00001803  00000-0  10689-3 0  9990
2 47698  97.4931 295.2941 0009793 225.2344 134.8091 15.12599346 32142
1 47698U 21006ER  21235.88782475  .00002078  00000-0  12262-3 0  9998
2 47698  97.4930 295.8785 0009849 223.3905 136.6551 15.12601691 32235
1 47698U 21006ER  21236.41705070  .00002174  00000-0  12811-3 0  9991
2 47698  97.4929 296.3982 0009887 221.4042 138.6441 15.12604332 32315
1 47698U 21006ER  21236.81396980  .00001674  00000-0  99511-4 0  9998
2 47698  97.4929 296.7879 0009926 219.8751 140.1752 15.12603272 32377
1 47698U 21006ER  21237.21088766  .00002215  00000-0  13043-3 0  9990
2 47698  97.4928 297.1777 0009952 218.4112 141.6412 15.12607957 32433
1 47698U 21006ER  21237.74011086  .00002440  00000-0  14334-3 0  9993
2 47698  97.4923 297.6977 0009993 216.0379 144.0179 15.12610007 32515
1 47698U 21006ER  21237.93856967  .00002483  00000-0  14576-3 0  9994
2 47698  97.4922 297.8925 0010010 215.2929 144.7640 15.12610746 32546
1 47698U 21006ER  21238.40163996  .00002597  00000-0  15230-3 0  9994
2 47698  97.4921 298.3472 0010054 213.6052 146.4542 15.12612641 32619
1 47698U 21006ER  21238.60009821  .00002791  00000-0  16335-3 0  9995
2 47698  97.4921 298.5421 0010080 212.8724 147.1881 15.12614099 32647
1 47698U 21006ER  21239.19547260  .00003050  00000-0  17814-3 0  9996
2 47698  97.4920 299.1267 0010144 210.7493 149.3144 15.12617284 32737
1 47698U 21006ER  21240.32006288  .00005894  00000-0  34054-3 0  9996
2 47698  97.4918 300.2307 0010256 206.6425 153.4280 15.12632555 32900
1 47698U 21006ER  21240.71697686  .00008022  00000-0  46199-3 0  9996
2 47698  97.4917 300.6205 0010308 205.3631 154.7095 15.12637181 32967
1 47698U 21006ER  21241.44464569  .00007965  00000-0  45862-3 0  9990
2 47698  97.4918 301.3349 0010351 202.6467 157.4309 15.12644949 33071
1 47698U 21006ER  21241.90770660  .00007214  00000-0  41575-3 0  9997
2 47698  97.4918 301.7895 0010400 200.8579 159.2229 15.12647910 33140
1 47698U 21006ER  21242.43691692  .00006635  00000-0  38264-3 0  9990
2 47698  97.4921 302.3091 0010430 198.8856 161.1989 15.12652556 33222
1 47698U 21006ER  21242.89997800  .00004299  00000-0  24933-3 0  9992
2 47698  97.4920 302.7638 0010499 197.1456 162.9421 15.12649511 33299
1 47698U 21006ER  21243.16458344  .00003478  00000-0  20242-3 0  9995
2 47698  97.4920 303.0235 0010527 196.1786 163.9110 15.12649269 33334
1 47698U 21006ER  21243.42918798  .00003426  00000-0  19944-3 0  9998
2 47698  97.4921 303.2833 0010547 195.1753 164.9163 15.12650994 33376
1 47698U 21006ER  21243.89224701  .00002845  00000-0  16626-3 0  9991
2 47698  97.4920 303.7380 0010596 193.7614 166.3330 15.12651247 33443
1 47698U 21006ER  21244.42145523  .00002798  00000-0  16356-3 0  9992
2 47698  97.4920 304.2576 0010647 191.8841 168.2140 15.12654211 33527
1 47698U 21006ER  21244.81836076  .00002905  00000-0  16968-3 0  9994
2 47698  97.4920 304.6472 0010687 190.4781 169.6228 15.12656727 33580
1 47698U 21006ER  21245.41371861  .00002409  00000-0  14135-3 0  9990
2 47698  97.4920 305.2318 0010746 188.4034 171.7018 15.12658047 33678
1 47698U 21006ER  21245.81062298  .00002547  00000-0  14920-3 0  9990
2 47698  97.4919 305.6215 0010791 187.0733 173.0347 15.12660426 33738
1 47698U 21006ER  21246.40597953  .00002144  00000-0  12617-3 0  9991
2 47698  97.4919 306.2061 0010856 185.0153 175.0971 15.12661594 33822
1 47698U 21006ER  21246.86903310  .00002614  00000-0  15301-3 0  9994
2 47698  97.4918 306.6607 0010904 183.4582 176.6575 15.12665300 33896
1 47698U 21006ER  21247.19978603  .00002547  00000-0  14919-3 0  9997
2 47698  97.4918 306.9855 0010955 182.3637 177.7544 15.12666308 33942
1 47698U 21006ER  21247.46438780  .00002695  00000-0  15762-3 0  9995
2 47698  97.4918 307.2453 0010978 181.4487 178.6714 15.12667873 33989
1 47698U 21006ER  21247.92744019  .00002916  00000-0  17022-3 0  9998
2 47698  97.4917 307.7000 0011023 179.9002 180.2233 15.12670649 34057
1 47698U 21006ER  21248.39049188  .00003028  00000-0  17658-3 0  9995
2 47698  97.4917 308.1546 0011069 178.3319 181.7950 15.12673205 34122
1 47698U 21006ER  21249.11814219  .00003270  00000-0  19037-3 0  9993
2 47698  97.4915 308.8691 0011142 175.9234 184.2089 15.12678125 34238
1 47698U 21006ER  21249.31659214  .00003191  00000-0  18584-3 0  9995
2 47698  97.4915 309.0640 0011163 175.2490 184.8849 15.12678925 34266
1 47698U 21006ER  21249.91194026  .00003162  00000-0  18420-3 0  9993
2 47698  97.4913 309.6485 0011224 173.2665 186.8719 15.12682565 34350
1 47698U 21006ER  21250.44113742  .00003140  00000-0  18293-3 0  9993
2 47698  97.4911 310.1681 0011271 171.4899 188.6526 15.12685932 34430
1 47698U 21006ER  21250.90418390  .00002978  00000-0  17363-3 0  9996
2 47698  97.4909 310.6227 0011324 169.9599 190.1860 15.12688525 34504
1 47698U 21006ER  21251.43337844  .00003255  00000-0  18944-3 0  9994
2 47698  97.4908 311.1423 0011373 168.1990 191.9509 15.12693062 34586
1 47698U 21006ER  21251.63182639  .00002997  00000-0  17470-3 0  9991
2 47698  97.4907 311.3372 0011393 167.5567 192.5947 15.12693531 34613
1 47698U 21006ER  21251.89642298  .00002987  00000-0  17410-3 0  9994
2 47698  97.4906 311.5969 0011416 166.6874 193.4660 15.12695240 34658
1 47698U 21006ER  21252.29331789  .00002753  00000-0  16076-3 0  9997
2 47698  97.4904 311.9865 0011449 165.3795 194.7769 15.12696965 34715
1 47698U 21006ER  21252.82250943  .00002627  00000-0  15354-3 0  9996
2 47698  97.4902 312.5060 0011488 163.6350 196.5254 15.12700066 34793
1 47698U 21006ER  21253.28555170  .00002837  00000-0  16551-3 0  9990
2 47698  97.4901 312.9606 0011526 162.1028 198.0611 15.12703394 34860
1 47698U 21006ER  21253.88089049  .00002765  00000-0  16138-3 0  9994
2 47698  97.4899 313.5449 0011577 160.1954 199.9728 15.12706541 34956
1 47698U 21006ER  21254.07933626  .00002831  00000-0  16516-3 0  9999
2 47698  97.4898 313.7397 0011589 159.6741 200.4954 15.12707980 34989
1 47698U 21006ER  21254.41007838  .00003466  00000-0  20133-3 0  9999
2 47698  97.4898 314.0644 0011613 158.5089 201.6632 15.12712237 35033
1 47698U 21006ER  21254.74082115  .00003110  00000-0  18105-3 0  9998
2 47698  97.4897 314.3891 0011650 157.4626 202.7119 15.12712889 35085
1 47698U 21006ER  21255.40230465  .00003010  00000-0  17531-3 0  9996
2 47698  97.4897 315.0385 0011701 155.3803 204.7988 15.12716340 35185
1 47698U 21006ER  21255.86534184  .00003195  00000-0  18586-3 0  9996
2 47698  97.4897 315.4931 0011746 153.9347 206.2478 15.12719632 35258
1 47698U 21006ER  21256.39452648  .00003139  00000-0  18265-3 0  9991
2 47698  97.4897 316.0125 0011790 152.2374 207.9488 15.12722496 35331
1 47698U 21006ER  21256.65911801  .00003355  00000-0  19490-3 0  9992
2 47698  97.4897 316.2722 0011809 151.4178 208.7702 15.12724939 35376
1 47698U 21006ER  21257.12215288  .00003512  00000-0  20387-3 0  9993
2 47698  97.4896 316.7267 0011836 150.1690 210.0218 15.12727819 35445
1 47698U 21006ER  21257.38674373  .00003547  00000-0  20584-3 0  9992
2 47698  97.4897 316.9864 0011860 149.3122 210.8805 15.12729630 35485
1 47698U 21006ER  21257.78362936  .00003468  00000-0  20130-3 0  9994
2 47698  97.4898 317.3760 0011898 147.9754 212.2202 15.12732254 35542
1 47698U 21006ER  21258.44510350  .00003243  00000-0  18849-3 0  9998
2 47698  97.4899 318.0255 0011975 145.7652 214.4353 15.12736450 35643
1 47698U 21006ER  21258.90813460  .00003046  00000-0  17722-3 0  9997
2 47698  97.4899 318.4800 0012020 144.3748 215.8287 15.12738919 35717
1 47698U 21006ER  21259.43731188  .00002960  00000-0  17231-3 0  9991
2 47698  97.4900 318.9995 0012065 142.6950 217.5121 15.12742212 35790
1 47698U 21006ER  21260.09878211  .00002628  00000-0  15340-3 0  9994
2 47698  97.4900 319.6488 0012109 140.6437 219.5676 15.12745372 35890
1 47698U 21006ER  21260.42951710  .00002335  00000-0  13668-3 0  9993
2 47698  97.4900 319.9735 0012147 139.6170 220.5965 15.12746171 35949
1 47698U 21006ER  21260.89254470  .00002339  00000-0  13695-3 0  9997
2 47698  97.4899 320.4281 0012164 138.1896 222.0266 15.12748845 36017
1 47698U 21006ER  21261.42171808  .00002377  00000-0  13907-3 0  9998
2 47698  97.4898 320.9477 0012207 136.5029 223.7167 15.12751989 36095
1 47698U 21006ER  21262.41391708  .00001656  00000-0  98007-4 0  9995
2 47698  97.4897 321.9217 0012247 133.4961 226.7290 15.12754347 36240
1 47698U 21006ER  21262.81079576  .00001967  00000-0  11570-3 0  9999
2 47698  97.4896 322.3113 0012265 132.2688 227.9585 15.12757081 36307
1 47698U 21006ER  21263.20767447  .00001929  00000-0  11353-3 0  9991
2 47698  97.4895 322.7009 0012283 131.0753 229.1541 15.12758499 36360
1 47698U 21006ER  21263.80299226  .00001822  00000-0  10746-3 0  9999
2 47698  97.4893 323.2854 0012307 129.3149 230.9175 15.12760066 36454
1 47698U 21006ER  21264.13372426  .00001821  00000-0  10738-3 0  9990
2 47698  97.4891 323.6100 0012341 128.1645 232.0699 15.12761008 36503
1 47698U 21006ER  21264.39830990  .00001758  00000-0  10378-3 0  9992
2 47698  97.4890 323.8697 0012372 127.3113 232.9247 15.12761379 36543
1 47698U 21006ER  21265.12591852  .00001844  00000-0  10869-3 0  9996
2 47698  97.4888 324.5837 0012369 125.0631 235.1762 15.12764362 36654
1 47698U 21006ER  21266.11810905  .00002816  00000-0  16397-3 0  9991
2 47698  97.4884 325.5579 0012422 122.3067 237.9369 15.12770141 36809
1 47698U 21006ER  21266.71342063  .00003391  00000-0  19666-3 0  9993
2 47698  97.4882 326.1423 0012461 120.3838 239.8627 15.12775195 36890
1 47698U 21006ER  21267.44102109  .00003161  00000-0  18354-3 0  9997
2 47698  97.4882 326.8564 0012477 118.4734 241.7755 15.12779330 37006
1 47698U 21006ER  21267.70560234  .00003734  00000-0  21610-3 0  9998
2 47698  97.4880 327.1161 0012503 117.4505 242.7999 15.12783140 37045
1 47698U 21006ER  21267.83789258  .00003897  00000-0  22540-3 0  9994
2 47698  97.4880 327.2460 0012502 117.0612 243.1896 15.12784732 37063
1 47698U 21006ER  21268.10247331  .00003734  00000-0  21613-3 0  9996
2 47698  97.4879 327.5057 0012507 116.3163 243.9354 15.12786310 37100
1 47698U 21006ER  21268.43319824  .00004053  00000-0  23424-3 0  9996
2 47698  97.4880 327.8302 0012518 115.2944 244.9585 15.12790156 37150
1 47698U 21006ER  21269.09464615  .00004031  00000-0  23293-3 0  9998
2 47698  97.4879 328.4794 0012575 113.1561 247.0996 15.12796266 37254
1 47698U 21006ER  21269.42536950  .00004111  00000-0  23747-3 0  9990
2 47698  97.4878 328.8040 0012596 112.1624 248.0945 15.12799058 37306
1 47698U 21006ER  21269.62380329  .00004077  00000-0  23549-3 0  9990
2 47698  97.4878 328.9988 0012596 111.5841 248.6734 15.12800549 37335
1 47698U 21006ER  21270.41753633  .00003852  00000-0  22270-3 0  9991
2 47698  97.4876 329.7778 0012605 109.2252 251.0344 15.12805914 37459
1 47698U 21006ER  21270.81440199  .00003756  00000-0  21723-3 0  9990
2 47698  97.4875 330.1672 0012597 108.0873 252.1731 15.12808321 37517
1 47698U 21006ER  21271.40969910  .00003875  00000-0  22396-3 0  9992
2 47698  97.4874 330.7515 0012604 106.3038 253.9580 15.12812542 37602
1 47698U 21006ER  21272.13728224  .00004124  00000-0  23809-3 0  9992
2 47698  97.4875 331.4655 0012580 104.1389 256.1241 15.12817951 37714
1 47698U 21006ER  21272.40185827  .00003336  00000-0  19330-3 0  9996
2 47698  97.4874 331.7253 0012590 103.3954 256.8681 15.12817184 37757
1 47698U 21006ER  21273.39401427  .00003709  00000-0  21446-3 0  9997
2 47698  97.4877 332.6989 0012579 100.4034 259.8616 15.12824060 37909
1 47698U 21006ER  21274.45230650  .00004542  00000-0  26168-3 0  9995
2 47698  97.4877 333.7376 0012541  97.2720 262.9937 15.12834177 38064
1 47698U 21006ER  21274.71687918  .00004967  00000-0  28579-3 0  9996
2 47698  97.4877 333.9972 0012550  96.4634 263.8026 15.12836007 38101
1 47698U 21006ER  21275.11373671  .00004710  00000-0  27118-3 0  9993
2 47698  97.4877 334.3867 0012595  95.2958 264.9710 15.12838943 38163
1 47698U 21006ER  21275.70902207  .00003644  00000-0  21067-3 0  9993
2 47698  97.4876 334.9711 0012564  93.5016 266.7652 15.12840846 38258
1 47698U 21006ER  21276.43658969  .00003096  00000-0  17954-3 0  9998
2 47698  97.4878 335.6853 0012577  91.4605 268.8067 15.12846316 38363
1 47698U 21006ER  21276.70115913  .00003306  00000-0  19145-3 0  9993
2 47698  97.4877 335.9449 0012617  90.6437 269.6239 15.12849089 38400
1 47698U 21006ER  21277.09801265  .00003197  00000-0  18523-3 0  9995
2 47698  97.4876 336.3344 0012623  89.3946 270.8731 15.12851901 38468
1 47698U 21006ER  21277.42872375  .00003055  00000-0  17716-3 0  9998
2 47698  97.4876 336.6590 0012634  88.3352 271.9326 15.12853747 38514
1 47698U 21006ER  21277.62715032  .00002697  00000-0  15681-3 0  9996
2 47698  97.4875 336.8538 0012628  87.7738 272.4938 15.12854172 38542
1 47698U 21006ER  21278.42085619  .00002096  00000-0  12272-3 0  9992
2 47698  97.4872 337.6328 0012568  85.3433 274.9233 15.12855719 38660
1 47698U 21006ER  21279.41298661  .00001525  00000-0  90287-4 0  9994
2 47698  97.4868 338.6066 0012532  82.3330 277.9324 15.12857977 38818
1 47698U 21006ER  21279.74369553  .00001799  00000-0  10584-3 0  9993
2 47698  97.4867 338.9310 0012552  81.3905 278.8747 15.12860375 38861
1 47698U 21006ER  21280.40511135  .00002654  00000-0  15435-3 0  9994
2 47698  97.4866 339.5803 0012489  79.2518 281.0119 15.12866464 38964
1 47698U 21006ER  21280.93424258  .00003270  00000-0  18929-3 0  9997
2 47698  97.4862 340.0996 0012482  77.7451 282.5177 15.12871453 39046
1 47698U 21006ER  21281.13266656  .00003347  00000-0  19365-3 0  9996
2 47698  97.4861 340.2943 0012471  77.1225 283.1398 15.12872943 39070
1 47698U 21006ER  21281.39723164  .00003591  00000-0  20746-3 0  9992
2 47698  97.4861 340.5539 0012452  76.2965 283.9652 15.12875259 39113
1 47698U 21006ER  21281.72793727  .00003831  00000-0  22104-3 0  9998
2 47698  97.4860 340.8785 0012467  75.1790 285.0821 15.12878353 39162
1 47698U 21006ER  21282.12478303  .00004246  00000-0  24459-3 0  9999
2 47698  97.4856 341.2679 0012400  74.1287 286.1310 15.12882123 39223
1 47698U 21006ER  21282.38934636  .00004324  00000-0  24901-3 0  9992
2 47698  97.4856 341.5275 0012396  73.2537 287.0053 15.12884473 39268
1 47698U 21006ER  21282.65390926  .00004558  00000-0  26224-3 0  9999
2 47698  97.4855 341.7871 0012370  72.5102 287.7479 15.12887305 39304
1 47698U 21006ER  21283.11689348  .00004670  00000-0  26854-3 0  9994
2 47698  97.4854 342.2414 0012359  71.1071 289.1499 15.12891416 39372
1 47698U 21006ER  21283.71215732  .00005068  00000-0  29107-3 0  9998
2 47698  97.4854 342.8255 0012348  69.3343 290.9211 15.12897259 39463
1 47698U 21006ER  21283.91057755  .00005560  00000-0  31890-3 0  9998
2 47698  97.4854 343.0201 0012341  68.7429 291.5119 15.12900389 39494
1 47698U 21006ER  21284.43969547  .00007396  00000-0  42278-3 0  9998
2 47698  97.4855 343.5393 0012322  67.0559 293.1971 15.12911548 39579
1 47698U 21006ER  21284.90267567  .00005719  00000-0  32786-3 0  9993
2 47698  97.4855 343.9935 0012308  65.7782 294.4734 15.12911038 39645
1 47698U 21006ER  21285.16723377  .00006126  00000-0  35087-3 0  9998
2 47698  97.4855 344.2531 0012314  64.9859 295.2650 15.12915105 39683
1 47698U 21006ER  21285.43179150  .00006089  00000-0  34871-3 0  9990
2 47698  97.4856 344.5127 0012312  64.1718 296.0781 15.12917899 39723
1 47698U 21006ER  21285.82862656  .00006499  00000-0  37187-3 0  9991
2 47698  97.4855 344.9020 0012290  63.0220 297.2265 15.12923647 39783
1 47698U 21006ER  21286.42387930  .00004485  00000-0  25785-3 0  9999
2 47698  97.4855 345.4861 0012279  61.1679 299.0783 15.12924686 39875
1 47698U 21006ER  21287.41596401  .00002534  00000-0  14731-3 0  9996
2 47698  97.4856 346.4598 0012215  58.2263 302.0156 15.12927611 40029
1 47698U 21006ER  21287.87893513  .00002681  00000-0  15562-3 0  9996
2 47698  97.4853 346.9139 0012181  56.8028 303.4369 15.12931053 40090
1 47698U 21006ER  21288.14348950  .00002907  00000-0  16839-3 0  9996
2 47698  97.4853 347.1736 0012149  55.8963 304.3419 15.12933426 40134
1 47698U 21006ER  21288.27576649  .00002940  00000-0  17030-3 0  9999
2 47698  97.4853 347.3033 0012137  55.5279 304.7097 15.12934433 40157
1 47698U 21006ER  21288.67259754  .00003114  00000-0  18012-3 0  9993
2 47698  97.4854 347.6929 0012102  54.2295 306.0059 15.12937239 40218
1 47698U 21006ER  21289.06942815  .00003047  00000-0  17630-3 0  9994
2 47698  97.4854 348.0823 0012054  52.9102 307.3229 15.12939207 40270
1 47698U 21006ER  21289.20170481  .00002990  00000-0  17308-3 0  9990
2 47698  97.4853 348.2121 0012044  52.5055 307.7269 15.12939939 40296
1 47698U 21006ER  21290.12764146  .00002505  00000-0  14563-3 0  9992
2 47698  97.4853 349.1207 0011916  49.5039 310.7229 15.12942963 40433
1 47698U 21006ER  21290.92129826  .00003242  00000-0  18730-3 0  9999
2 47698  97.4851 349.8996 0011901  47.1117 313.1111 15.12949529 40553
1 47698U 21006ER  21291.45039960  .00004001  00000-0  23028-3 0  9997
2 47698  97.4851 350.4189 0011841  45.3113 314.9081 15.12955765 40637
1 47698U 21006ER  21291.64881258  .00004028  00000-0  23178-3 0  9998
2 47698  97.4850 350.6136 0011838  44.8354 315.3831 15.12957228 40664
1 47698U 21006ER  21292.04563789  .00003974  00000-0  22871-3 0  9997
2 47698  97.4849 351.0031 0011813  43.6050 316.6112 15.12959811 40727
1 47698U 21006ER  21292.17791294  .00003884  00000-0  22360-3 0  9998
2 47698  97.4849 351.1329 0011803  43.1721 317.0433 15.12960413 40740
1 47698U 21006ER  21292.83928726  .00003468  00000-0  20007-3 0  9997
2 47698  97.4847 351.7821 0011748  41.1690 319.0425 15.12963559 40840
1 47698U 21006ER  21293.43452277  .00002825  00000-0  16363-3 0  9993
2 47698  97.4846 352.3662 0011709  39.3956 320.8124 15.12965605 40930
1 47698U 21006ER  21293.89748334  .00001951  00000-0  11415-3 0  9997
2 47698  97.4844 352.8206 0011644  37.6768 322.5276 15.12965610 41009
1 47698U 21006ER  21294.42657995  .00001661  00000-0  97715-4 0  9995
2 47698  97.4842 353.3398 0011593  35.9600 324.2409 15.12967543 41086
1 47698U 21006ER  21294.88953836  .00001823  00000-0  10688-3 0  9991
2 47698  97.4840 353.7939 0011595  34.5074 325.6908 15.12970549 41158
1 47698U 21006ER  21295.41863282  .00001954  00000-0  11429-3 0  9995
2 47698  97.4839 354.3131 0011534  32.6047 327.5893 15.12973577 41236
1 47698U 21006ER  21295.74931699  .00001922  00000-0  11248-3 0  9993
2 47698  97.4837 354.6376 0011514  31.6176 328.5745 15.12974822 41284
1 47698U 21006ER  21296.08000049  .00001996  00000-0  11665-3 0  9991
2 47698  97.4836 354.9620 0011489  30.5651 329.6248 15.12976550 41331
1 47698U 21006ER  21296.21227400  .00002000  00000-0  11688-3 0  9990
2 47698  97.4836 355.0918 0011478  30.2326 329.9565 15.12977086 41359
1 47698U 21006ER  21296.74136776  .00001913  00000-0  11198-3 0  9991
2 47698  97.4834 355.6108 0011423  28.3175 331.8675 15.12978631 41434
1 47698U 21006ER  21297.40273455  .00001755  00000-0  10303-3 0  9992
2 47698  97.4831 356.2598 0011372  26.4329 333.7480 15.12980117 41532
1 47698U 21006ER  21297.86569129  .00001970  00000-0  11520-3 0  9999
2 47698  97.4835 356.7137 0011337  24.5692 335.6077 15.12982054 41606
1 47698U 21006ER  21298.19637401  .00001899  00000-0  11116-3 0  9996
2 47698  97.4834 357.0381 0011309  23.5398 336.6348 15.12982968 41652
1 47698U 21006ER  21298.79160159  .00001845  00000-0  10810-3 0  9994
2 47698  97.4833 357.6221 0011257  21.4553 338.7148 15.12985162 41742
1 47698U 21006ER  21299.18842017  .00001947  00000-0  11390-3 0  9995
2 47698  97.4832 358.0115 0011224  20.2044 339.9629 15.12986898 41805
1 47698U 21006ER  21299.98205528  .00001904  00000-0  11144-3 0  9993
2 47698  97.4832 358.7902 0011143  17.5175 342.6438 15.12989360 41929
1 47698U 21006ER  21300.18046377  .00001765  00000-0  10357-3 0  9993
2 47698  97.4831 358.9848 0011102  16.8134 343.3463 15.12989515 41952
1 47698U 21006ER  21301.10636774  .00005279  00000-0  30229-3 0  9996
2 47698  97.4830 359.8931 0011005  13.8828 346.2703 15.13001415 42093
1 47698U 21006ER  21301.43704577  .00004990  00000-0  28593-3 0  9999
2 47698  97.4830   0.2176 0010963  12.8274 347.3234 15.13003893 42146
1 47698U 21006ER  21301.83385808  .00005600  00000-0  32032-3 0  9997
2 47698  97.4831   0.6069 0010931  11.6656 348.4826 15.13009346 42203
1 47698U 21006ER  21302.29680515  .00005951  00000-0  34013-3 0  9991
2 47698  97.4831   1.0611 0010895  10.1720 349.9729 15.13014515 42275
1 47698U 21006ER  21302.82588542  .00006983  00000-0  39834-3 0  9999
2 47698  97.4832   1.5801 0010847   8.3649 351.7761 15.13021933 42356
1 47698U 21006ER  21303.42109902  .00005889  00000-0  33652-3 0  9991
2 47698  97.4832   2.1641 0010794   6.3564 353.7802 15.13024956 42446
1 47698U 21006ER  21304.08244747  .00003466  00000-0  19968-3 0  9994
2 47698  97.4832   2.8132 0010732   3.9932 356.1383 15.13023448 42549
1 47698U 21006ER  21304.41312047  .00003280  00000-0  18912-3 0  9992
2 47698  97.4831   3.1375 0010720   2.7182 357.4106 15.13025344 42591
1 47698U 21006ER  21305.40513957  .00003056  00000-0  17646-3 0  9999
2 47698  97.4828   4.1106 0010543 359.3465   0.7750 15.13028743 42744
1 47698U 21006ER  21305.60354355  .00002196  00000-0  12785-3 0  9999
2 47698  97.4829   4.3055 0010555 358.5637   1.5562 15.13028012 42777
1 47698U 21006ER  21306.39715625  .00002821  00000-0  16316-3 0  9996
2 47698  97.4828   5.0841 0010470 355.8515   4.2627 15.13033242 42894
1 47698U 21006ER  21306.86009686  .00003650  00000-0  20997-3 0  9992
2 47698  97.4828   5.5384 0010436 354.1354   5.9753 15.13037283 42961
1 47698U 21006ER  21307.05849923  .00003811  00000-0  21908-3 0  9992
2 47698  97.4827   5.7330 0010420 353.4120   6.6972 15.13038827 42998
1 47698U 21006ER  21307.12463354  .00003552  00000-0  20444-3 0  9996
2 47698  97.4826   5.7979 0010412 353.1274   6.9813 15.13038272 43008
1 47698U 21006ER  21307.85210764  .00003844  00000-0  22093-3 0  9997
2 47698  97.4824   6.5116 0010333 350.5341   9.5694 15.13042999 43115
1 47698U 21006ER  21308.11664249  .00004098  00000-0  23526-3 0  9992
2 47698  97.4824   6.7712 0010336 349.2621  10.8388 15.13045636 43158
1 47698U 21006ER  21308.44730797  .00005750  00000-0  32849-3 0  9994
2 47698  97.4822   7.0953 0010273 348.0131  12.0854 15.13054538 43209
1 47698U 21006ER  21308.84411133  .00004111  00000-0  23594-3 0  9995
2 47698  97.4821   7.4846 0010234 346.4168  13.6786 15.13051204 43266
1 47698U 21006ER  21309.17477351  .00004028  00000-0  23119-3 0  9996
2 47698  97.4831   7.8109 0010323 345.7548  14.3390 15.13064462 43311
1 47698U 21006ER  21309.43930452  .00003850  00000-0  22115-3 0  9998
2 47698  97.4823   8.0692 0010195 344.7861  15.3062 15.13066457 43353
1 47698U 21006ER  21309.90223220  .00001422  00000-0  83994-4 0  9994
2 47698  97.4816   8.5224 0010186 343.1217  16.9673 15.13066660 43428
1 47698U 21006ER  21310.16676290  .00001388  00000-0  82071-4 0  9999
2 47698  97.4817   8.7821 0010181 341.9699  18.1169 15.13067641 43467
1 47698U 21006ER  21310.43129333  .00001353  00000-0  80107-4 0  9990
2 47698  97.4817   9.0418 0010157 340.7613  19.3233 15.13068647 43506
1 47698U 21006ER  21311.15875018  .00001951  00000-0  11388-3 0  9996
2 47698  97.4815   9.7556 0010090 338.2422  21.8379 15.13074346 43614
1 47698U 21006ER  21312.15073028  .00001298  00000-0  76950-4 0  9999
2 47698  97.4807  10.7282 0010072 334.5207  25.5527 15.13083761 43766
1 47698U 21006ER  21312.87818194  .00001140  00000-0  68012-4 0  9995
2 47698  97.4809  11.4423 0009758 334.2220  25.8524 15.13085802 43874
1 47698U 21006ER  21313.40723395  .00001179  00000-0  70240-4 0  9991
2 47698  97.4817  11.9611 0009852 329.6801  30.3859 15.13090048 43954
1 47698U 21006ER  21314.39920967  .00002354  00000-0  13656-3 0  9997
2 47698  97.4802  12.9350 0009769 325.6253  34.4494 15.13096867 44106
1 47698U 21006ER  21314.86212808  .00002662  00000-0  15390-3 0  9996
2 47698  97.4805  13.3882 0009754 324.5879  35.4703 15.13099226 44173
1 47698U 21006ER  21315.12665340  .00002661  00000-0  15383-3 0  9990
2 47698  97.4807  13.6477 0009732 323.7119  36.3451 15.13101114 44217
1 47698U 21006ER  21315.72183537  .00002558  00000-0  14805-3 0  9992
2 47698  97.4807  14.2316 0009709 321.3177  38.7358 15.13103251 44304
1 47698U 21006ER  21316.38314783  .00002272  00000-0  13189-3 0  9991
2 47698  97.4807  14.8803 0009604 318.9877  41.0631 15.13105002 44402
1 47698U 21006ER  21316.84606580  .00001858  00000-0  10855-3 0  9997
2 47698  97.4810  15.3346 0009641 316.8982  43.1493 15.13105535 44476
1 47698U 21006ER  21316.91219689  .00001838  00000-0  10742-3 0  9998
2 47698  97.4810  15.3995 0009640 316.6156  43.4316 15.13105726 44486
1 47698U 21006ER  21317.17672145  .00001814  00000-0  10602-3 0  9996
2 47698  97.4810  15.6589 0009603 315.5988  44.4473 15.13106617 44528
1 47698U 21006ER  21317.90416277  .00001471  00000-0  86701-4 0  9992
2 47698  97.4807  16.3727 0009615 312.7754  47.2668 15.13107146 44636
1 47698U 21006ER  21318.10255570  .00001428  00000-0  84280-4 0  9994
2 47698  97.4807  16.5672 0009602 311.9404  48.1008 15.13107638 44663
1 47698U 21006ER  21318.43321021  .00001547  00000-0  90940-4 0  9997
2 47698  97.4808  16.8916 0009600 310.6461  49.3934 15.13109518 44711
1 47698U 21006ER  21318.63160275  .00001520  00000-0  89441-4 0  9996
2 47698  97.4807  17.0862 0009596 309.8239  50.2147 15.13110157 44741
1 47698U 21006ER  21319.42517149  .00001806  00000-0  10559-3 0  9990
2 47698  97.4811  17.8646 0009440 306.9724  53.0643 15.13114847 44864
1 47698U 21006ER  21319.88808613  .00001846  00000-0  10785-3 0  9994
2 47698  97.4811  18.3189 0009454 305.0555  54.9789 15.13116388 44930
1 47698U 21006ER  21320.54939333  .00001205  00000-0  71666-4 0  9998
2 47698  97.4805  18.9674 0009434 302.3232  57.7085 15.13116930 45033
1 47698U 21006ER  21320.74778525  .00001141  00000-0  68043-4 0  9998
2 47698  97.4804  19.1620 0009420 301.5524  58.4786 15.13117242 45062
1 47698U 21006ER  21321.21069926  .00001084  00000-0  64834-4 0  9999
2 47698  97.4804  19.6160 0009412 299.6980  60.3314 15.13118266 45134
1 47698U 21006ER  21322.13652516  .00001094  00000-0  65371-4 0  9992
2 47698  97.4800  20.5241 0009312 296.7198  63.3080 15.13122787 45270
1 47698U 21006ER  21323.39299541  .00001136  00000-0  67744-4 0  9999
2 47698  97.4786  21.7570 0009246 290.2337  69.7900 15.13131796 45463
1 47698U 21006ER  21324.12042549  .00001039  00000-0  62254-4 0  9998
2 47698  97.4796  22.4707 0009287 288.1807  71.8412 15.13132759 45571
1 47698U 21006ER  21324.64946424  .00002153  00000-0  12506-3 0  9992
2 47698  97.4797  22.9892 0009275 286.1104  73.9105 15.13136557 45658
1 47698U 21006ER  21325.11237301  .00002458  00000-0  14226-3 0  9991
2 47698  97.4795  23.4435 0009244 283.9665  76.0538 15.13139151 45723
1 47698U 21006ER  21325.64140866  .00002896  00000-0  16693-3 0  9994
2 47698  97.4794  23.9623 0009234 281.9796  78.0400 15.13143866 45805
1 47698U 21006ER  21326.10431417  .00003195  00000-0  18379-3 0  9997
2 47698  97.4792  24.4164 0009223 279.9642  80.0548 15.13147648 45879
1 47698U 21006ER  21326.89786622  .00002172  00000-0  12608-3 0  9997
2 47698  97.4791  25.1947 0009226 276.6871  83.3310 15.13148749 45995
1 47698U 21006ER  21327.42690007  .00001866  00000-0  10883-3 0  9990
2 47698  97.4791  25.7135 0009240 274.6851  85.3325 15.13150425 46074
1 47698U 21006ER  21327.62528737  .00001861  00000-0  10855-3 0  9996
2 47698  97.4790  25.9081 0009242 273.8881  86.1293 15.13151520 46105
1 47698U 21006ER  21328.15432102  .00001563  00000-0  91761-4 0  9990
2 47698  97.4787  26.4270 0009213 271.5694  88.4482 15.13152474 46184
1 47698U 21006ER  21329.14625650  .00001372  00000-0  81005-4 0  9990
2 47698  97.4786  27.3998 0009220 267.5860  92.4315 15.13155344 46334
1 47698U 21006ER  21329.41077203  .00001600  00000-0  93860-4 0  9991
2 47698  97.4786  27.6592 0009218 266.5205  93.4972 15.13156985 46372
1 47698U 21006ER  21329.60915867  .00001766  00000-0  10321-3 0  9992
2 47698  97.4786  27.8538 0009218 265.7025  94.3153 15.13158217 46400
1 47698U 21006ER  21330.40270370  .00002388  00000-0  13824-3 0  9997
2 47698  97.4785  28.6322 0009230 262.4779  97.5403 15.13163188 46522
1 47698U 21006ER  21330.53496056  .00002648  00000-0  15288-3 0  9997
2 47698  97.4787  28.7619 0009275 262.0449  97.9729 15.13164770 46548
1 47698U 21006ER  21330.60108921  .00002630  00000-0  15183-3 0  9991
2 47698  97.4787  28.8268 0009268 261.7495  98.2685 15.13165028 46551
1 47698U 21006ER  21331.59301776  .00002726  00000-0  15722-3 0  9998
2 47698  97.4788  29.7996 0009304 257.7218 102.2972 15.13169434 46706
1 47698U 21006ER  21332.58494078  .00003494  00000-0  20043-3 0  9991
2 47698  97.4790  30.7725 0009330 253.6937 106.3269 15.13177554 46855
1 47698U 21006ER  21333.44460244  .00004391  00000-0  25090-3 0  9999
2 47698  97.4788  31.6157 0009358 250.5163 109.5058 15.13186666 46987
1 47698U 21006ER  21333.64298566  .00004118  00000-0  23549-3 0  9991
2 47698  97.4789  31.8103 0009352 249.5381 110.4846 15.13187275 47013
1 47698U 21006ER  21334.10587823  .00004038  00000-0  23100-3 0  9994
2 47698  97.4790  32.2644 0009370 247.7760 112.2478 15.13190910 47089
1 47698U 21006ER  21334.89940532  .00003508  00000-0  20113-3 0  9992
2 47698  97.4793  33.0428 0009368 244.4639 115.5624 15.13197552 47209
1 47698U 21006ER  21335.42842101  .00004657  00000-0  26569-3 0  9992
2 47698  97.4791  33.5616 0009421 242.6343 117.3929 15.13205195 47282
1 47698U 21006ER  21335.75905512  .00004179  00000-0  23878-3 0  9993
2 47698  97.4789  33.8859 0009426 241.2621 118.7664 15.13207118 47334
1 47698U 21006ER  21336.15581508  .00004386  00000-0  25044-3 0  9990
2 47698  97.4788  34.2751 0009445 239.7922 120.2374 15.13211212 47398
1 47698U 21006ER  21336.42032110  .00004461  00000-0  25462-3 0  9998
2 47698  97.4787  34.5345 0009454 238.7467 121.2838 15.13213793 47439
1 47698U 21006ER  21336.61870066  .00004057  00000-0  23190-3 0  9996
2 47698  97.4786  34.7291 0009477 237.9721 122.0591 15.13214566 47466
1 47698U 21006ER  21337.41221623  .00003468  00000-0  19874-3 0  9993
2 47698  97.4785  35.5076 0009531 234.8262 125.2077 15.13219931 47580
1 47698U 21006ER  21338.13960233  .00004069  00000-0  23246-3 0  9996
2 47698  97.4781  36.2210 0009585 232.0042 128.0324 15.13227555 47698
1 47698U 21006ER  21338.73473459  .00003940  00000-0  22517-3 0  9998
2 47698  97.4778  36.8046 0009640 229.8132 130.2256 15.13231894 47783
1 47698U 21006ER  21338.93311189  .00003241  00000-0  18592-3 0  9993
2 47698  97.4778  36.9992 0009652 228.9876 131.0521 15.13231532 47819
1 47698U 21006ER  21339.39599122  .00003639  00000-0  20825-3 0  9992
2 47698  97.4776  37.4531 0009687 227.1949 132.8469 15.13235720 47882
1 47698U 21006ER  21339.92499476  .00003940  00000-0  22514-3 0  9994
2 47698  97.4773  37.9719 0009732 225.1683 134.8758 15.13240235 47965
1 47698U 21006ER  21340.12337062  .00004024  00000-0  22982-3 0  9993
2 47698  97.4773  38.1664 0009747 224.5289 135.5159 15.13242041 47991
1 47698U 21006ER  21340.38787173  .00003867  00000-0  22099-3 0  9996
2 47698  97.4772  38.4258 0009768 223.5032 136.5429 15.13243527 48037
1 47698U 21006ER  21340.91687301  .00003712  00000-0  21228-3 0  9999
2 47698  97.4771  38.9445 0009810 221.5229 138.5258 15.13246883 48112
1 47698U 21006ER  21341.44587282  .00003490  00000-0  19977-3 0  9996
2 47698  97.4770  39.4633 0009843 219.4765 140.5750 15.13250354 48199
1 47698U 21006ER  21341.57812276  .00003177  00000-0  18221-3 0  9997
2 47698  97.4770  39.5929 0009856 218.9312 141.1211 15.13250553 48217
1 47698U 21006ER  21342.10712126  .00002830  00000-0  16268-3 0  9994
2 47698  97.4770  40.1117 0009891 216.8801 143.1751 15.13252886 48293
1 47698U 21006ER  21342.63611862  .00002787  00000-0  16025-3 0  9999
2 47698  97.4769  40.6304 0009932 214.8888 145.1693 15.13256384 48376
1 47698U 21006ER  21343.69411123  .00002214  00000-0  12803-3 0  9999
2 47698  97.4769  41.6680 0010003 210.8402 149.2243 15.13260863 48534
1 47698U 21006ER  21344.55372792  .00001946  00000-0  11298-3 0  9991
2 47698  97.4770  42.5110 0010071 207.7139 152.3557 15.13264304 48662
1 47698U 21006ER  21344.88434922  .00001569  00000-0  91815-4 0  9996
2 47698  97.4770  42.8353 0010096 206.5230 153.5486 15.13264595 48712
1 47698U 21006ER  21344.95047351  .00001553  00000-0  90920-4 0  9999
2 47698  97.4770  42.9002 0010102 206.3170 153.7549 15.13264790 48723
1 47698U 21006ER  21345.54559170  .00001862  00000-0  10824-3 0  9999
2 47698  97.4771  43.4838 0010152 204.1475 155.9282 15.13267876 48812
1 47698U 21006ER  21345.94233676  .00001367  00000-0  80415-4 0  9997
2 47698  97.4771  43.8729 0010188 202.7233 157.3549 15.13267635 48871
1 47698U 21006ER  21346.14070924  .00001368  00000-0  80467-4 0  9993
2 47698  97.4771  44.0675 0010205 202.0151 158.0643 15.13268274 48903
1 47698U 21006ER  21346.93419754  .00001808  00000-0  10518-3 0  9996
2 47698  97.4771  44.8457 0010277 199.1234 160.9612 15.13272287 49027
1 47698U 21006ER  21347.13256940  .00001859  00000-0  10804-3 0  9999
2 47698  97.4771  45.0403 0010294 198.4482 161.6378 15.13273169 49057
1 47698U 21006ER  21347.59543624  .00002601  00000-0  14971-3 0  9992
2 47698  97.4772  45.4943 0010338 196.7680 163.3211 15.13277306 49121
1 47698U 21006ER  21347.92605553  .00002319  00000-0  13387-3 0  9995
2 47698  97.4771  45.8186 0010371 195.5952 164.4961 15.13277492 49174
1 47698U 21006ER  21348.58729212  .00002957  00000-0  16968-3 0  9993
2 47698  97.4772  46.4671 0010436 193.3041 166.7917 15.13282442 49276
1 47698U 21006ER  21349.11628001  .00002752  00000-0  15814-3 0  9999
2 47698  97.4771  46.9860 0010488 191.4768 168.6226 15.13284579 49358
1 47698U 21006ER  21349.18240346  .00003002  00000-0  17217-3 0  9996
2 47698  97.4771  47.0508 0010495 191.2366 168.8633 15.13285672 49369
1 47698U 21006ER  21349.71138951  .00003573  00000-0  20421-3 0  9997
2 47698  97.4770  47.5696 0010560 189.3172 170.7865 15.13290751 49449
1 47698U 21006ER  21350.17425074  .00004057  00000-0  23132-3 0  9994
2 47698  97.4769  48.0235 0010598 187.7641 172.3427 15.13295628 49514
1 47698U 21006ER  21350.43874275  .00003736  00000-0  21329-3 0  9993
2 47698  97.4769  48.2829 0010620 186.8423 173.2665 15.13296463 49555
1 47698U 21006ER  21350.70323370  .00004180  00000-0  23819-3 0  9998
2 47698  97.4768  48.5423 0010643 185.8594 174.2515 15.13300138 49594
1 47698U 21006ER  21351.43058290  .00004340  00000-0  24711-3 0  9995
2 47698  97.4769  49.2558 0010717 183.0146 177.1022 15.13306560 49700
1 47698U 21006ER  21351.69507290  .00003991  00000-0  22749-3 0  9992
2 47698  97.4768  49.5152 0010743 182.1227 177.9960 15.13307993 49745
1 47698U 21006ER  21352.42241746  .00004279  00000-0  24360-3 0  9996
2 47698  97.4766  50.2285 0010791 179.6854 180.4385 15.13315116 49857
1 47698U 21006ER  21352.75302756  .00004713  00000-0  26789-3 0  9991
2 47698  97.4764  50.5528 0010816 178.5805 181.5459 15.13319073 49906
1 47698U 21006ER  21352.88527120  .00004641  00000-0  26385-3 0  9991
2 47698  97.4763  50.6825 0010825 178.1534 181.9739 15.13320177 49925
1 47698U 21006ER  21353.61261021  .00005225  00000-0  29653-3 0  9998
2 47698  97.4760  51.3958 0010889 175.7401 184.3925 15.13328356 50038
1 47698U 21006ER  21353.67873170  .00005364  00000-0  30428-3 0  9994
2 47698  97.4760  51.4606 0010900 175.4620 184.6712 15.13329355 50041
1 47698U 21006ER  21354.14157994  .00008328  00000-0  47010-3 0  9994
2 47698  97.4757  51.9145 0010916 174.1067 186.0295 15.13340787 50110
1 47698U 21006ER  21354.40606325  .00010668  00000-0  60081-3 0  9993
2 47698  97.4755  52.1739 0010959 173.1465 186.9919 15.13347824 50153
1 47698U 21006ER  21354.86890748  .00010028  00000-0  56493-3 0  9999
2 47698  97.4752  52.6276 0010973 171.7526 188.3888 15.13354972 50220
1 47698U 21006ER  21355.39786807  .00010862  00000-0  61135-3 0  9993
2 47698  97.4751  53.1462 0011007 170.0884 190.0567 15.13367331 50306
1 47698U 21006ER  21355.59622737  .00009367  00000-0  52779-3 0  9998
2 47698  97.4749  53.3407 0010993 169.6882 190.4577 15.13369828 50330
1 47698U 21006ER  21355.72846680  .00008999  00000-0  50718-3 0  9999
2 47698  97.4749  53.4704 0011027 169.1753 190.9718 15.13371871 50357
1 47698U 21006ER  21356.38966016  .00009210  00000-0  51878-3 0  9993
2 47698  97.4747  54.1188 0011060 166.9980 193.1538 15.13384229 50450
1 47698U 21006ER  21356.72025491  .00009854  00000-0  55464-3 0  9993
2 47698  97.4748  54.4429 0011068 165.9421 194.2120 15.13391633 50501
1 47698U 21006ER  21357.44755858  .00009724  00000-0  54717-3 0  9996
2 47698  97.4748  55.1561 0011128 163.3125 196.8474 15.13404865 50610
1 47698U 21006ER  21357.71203116  .00009250  00000-0  52062-3 0  9996
2 47698  97.4747  55.4154 0011178 162.3583 197.8039 15.13409095 50654
1 47698U 21006ER  21358.10873790  .00008436  00000-0  47507-3 0  9994
2 47698  97.4747  55.8043 0011202 160.9543 199.2109 15.13415663 50712
1 47698U 21006ER  21358.43932571  .00008748  00000-0  49243-3 0  9998
2 47698  97.4747  56.1285 0011250 159.7043 200.4638 15.13422143 50766
1 47698U 21006ER  21358.70379514  .00008554  00000-0  48150-3 0  9991
2 47698  97.4747  56.3879 0011288 158.7023 201.4681 15.13426690 50800
1 47698U 21006ER  21359.43108223  .00007898  00000-0  44476-3 0  9996
2 47698  97.4747  57.1009 0011366 156.0922 204.0840 15.13437653 50919
1 47698U 21006ER  21359.69554890  .00008252  00000-0  46447-3 0  9994
2 47698  97.4747  57.3603 0011398 155.2078 204.9703 15.13442546 50957
1 47698U 21006ER  21360.15836373  .00007844  00000-0  44162-3 0  9994
2 47698  97.4747  57.8142 0011443 153.6581 206.5235 15.13449277 51027
1 47698U 21006ER  21360.75340838  .00006851  00000-0  38610-3 0  9994
2 47698  97.4749  58.3979 0011470 151.8544 208.3309 15.13456840 51118
1 47698U 21006ER  21361.41456523  .00006809  00000-0  38369-3 0  9991
2 47698  97.4749  59.0466 0011545 149.7412 210.4488 15.13466340 51219
1 47698U 21006ER  21361.74514238  .00006632  00000-0  37373-3 0  9993
2 47698  97.4748  59.3709 0011587 148.7630 211.4292 15.13470566 51262
1 47698U 21006ER  21362.60463711  .00008035  00000-0  45180-3 0  9992
2 47698  97.4747  60.2139 0011599 146.2705 213.9266 15.13485248 51393
1 47698U 21006ER  21362.73686615  .00008324  00000-0  46785-3 0  9999
2 47698  97.4748  60.3436 0011619 145.9112 214.2867 15.13487882 51416
1 47698U 21006ER  21363.59635254  .00007660  00000-0  43069-3 0  9991
2 47698  97.4748  61.1868 0011614 143.3474 216.8554 15.13499782 51549
1 47698U 21006ER  21363.72858030  .00007937  00000-0  44608-3 0  9992
2 47698  97.4748  61.3165 0011625 142.9010 217.3027 15.13502442 51565
1 47698U 21006ER  21364.12526320  .00007856  00000-0  44154-3 0  9997
2 47698  97.4748  61.7056 0011634 141.6481 218.5580 15.13508256 51629
1 47698U 21006ER  21364.72028508  .00007108  00000-0  39979-3 0  9997
2 47698  97.4748  62.2894 0011660 139.7398 220.4699 15.13515606 51719
1 47698U 21006ER  21365.11696481  .00006316  00000-0  35561-3 0  9995
2 47698  97.4748  62.6784 0011673 138.4272 221.7849 15.13519601 51778
1 47698U 21006ER  21365.71198169  .00005468  00000-0  30832-3 0  9994
2 47698  97.4749  63.2621 0011746 136.4669 223.7491 15.13526276 51866
1 47698U 21006ER  22001.50533434  .00004788  00000-0  27039-3 0  9996
2 47698  97.4747  64.0400 0011848 133.8468 226.3745 15.13533430 51983

