1 47612U 21006EQ  21052.52576009  .00000881  00000-0  54502-4 0  9990
2 47612  97.5092 115.7436 0012615 144.9364 215.2699 15.12329781  4521
1 47612U 21006EQ  21054.44454503  .00001082  00000-0  66076-4 0  9990
2 47612  97.5087 117.6309 0012755 138.9297 221.2896 15.12334477  4814
1 47612U 21006EQ  21054.90769894  .00001125  00000-0  68552-4 0  9992
2 47612  97.5086 118.0864 0012772 137.5551 222.6670 15.12335820  4886
1 47612U 21006EQ  21055.43701750  .00001061  00000-0  64859-4 0  9993
2 47612  97.5085 118.6070 0012804 135.9416 224.2837 15.12336703  4961
1 47612U 21006EQ  21055.76784126  .00001070  00000-0  65394-4 0  9992
2 47612  97.5084 118.9324 0012818 134.9539 225.2734 15.12337592  5016
1 47612U 21006EQ  21056.42948815  .00001098  00000-0  66993-4 0  9999
2 47612  97.5082 119.5831 0012851 132.8753 227.3559 15.12339494  5118
1 47612U 21006EQ  21056.82647614  .00000995  00000-0  61025-4 0  9992
2 47612  97.5081 119.9736 0012880 131.6404 228.5932 15.12339967  5176
1 47612U 21006EQ  21057.42195751  .00000946  00000-0  58209-4 0  9995
2 47612  97.5080 120.5593 0012912 129.7925 230.4445 15.12341221  5263
1 47612U 21006EQ  21057.88510947  .00000787  00000-0  49047-4 0  9996
2 47612  97.5080 121.0148 0012930 128.3937 231.8457 15.12341492  5339
1 47612U 21006EQ  21058.14976764  .00000768  00000-0  47947-4 0  9995
2 47612  97.5079 121.2751 0012944 127.5597 232.6811 15.12341993  5370
1 47612U 21006EQ  21058.41442571  .00000826  00000-0  51333-4 0  9998
2 47612  97.5079 121.5354 0012960 126.7291 233.5132 15.12342875  5413
1 47612U 21006EQ  21058.74524838  .00000747  00000-0  46729-4 0  9996
2 47612  97.5078 121.8608 0012980 125.7214 234.5226 15.12343104  5469
1 47612U 21006EQ  21059.40689315  .00000719  00000-0  45133-4 0  9999
2 47612  97.5078 122.5115 0013017 123.6751 236.5723 15.12344184  5569
1 47612U 21006EQ  21059.67155103  .00000654  00000-0  41420-4 0  9994
2 47612  97.5077 122.7718 0013028 122.8801 237.3685 15.12344283  5609
1 47612U 21006EQ  21060.13470205  .00000651  00000-0  41220-4 0  9995
2 47612  97.5076 123.2273 0013059 121.4190 238.8320 15.12345006  5673
1 47612U 21006EQ  21060.92867415  .00000804  00000-0  50050-4 0  9996
2 47612  97.5075 124.0081 0013100 118.9542 241.3004 15.12347173  5795
1 47612U 21006EQ  21061.06100263  .00000909  00000-0  56058-4 0  9993
2 47612  97.5074 124.1383 0013103 118.5394 241.7157 15.12348001  5811
1 47612U 21006EQ  21062.11963054  .00000948  00000-0  58311-4 0  9992
2 47612  97.5072 125.1794 0013135 115.3205 244.9388 15.12350052  5974
1 47612U 21006EQ  21063.44291234  .00001078  00000-0  65781-4 0  9997
2 47612  97.5070 126.4808 0013168 111.2845 248.9793 15.12353455  6170
1 47612U 21006EQ  21063.64140445  .00001057  00000-0  64561-4 0  9998
2 47612  97.5069 126.6760 0013169 110.7054 249.5589 15.12353764  6201
1 47612U 21006EQ  21064.43537223  .00000994  00000-0  60933-4 0  9998
2 47612  97.5068 127.4567 0013148 108.3659 251.9003 15.12355100  6322
1 47612U 21006EQ  21064.70002803  .00000955  00000-0  58714-4 0  9990
2 47612  97.5067 127.7170 0013150 107.5464 252.7205 15.12355487  6367
1 47612U 21006EQ  21065.42783050  .00000928  00000-0  57130-4 0  9991
2 47612  97.5065 128.4327 0013230 105.2740 254.9954 15.12357093  6470
1 47612U 21006EQ  21065.89097721  .00000904  00000-0  55785-4 0  9993
2 47612  97.5064 128.8882 0013213 103.8986 256.3715 15.12358073  6544
1 47612U 21006EQ  21066.15563231  .00000892  00000-0  55095-4 0  9997
2 47612  97.5063 129.1484 0013216 103.0717 257.1989 15.12358657  6586
1 47612U 21006EQ  21066.88342475  .00000851  00000-0  52709-4 0  9996
2 47612  97.5065 129.8643 0013247 100.8997 259.3725 15.12367680  6691
1 47612U 21006EQ  21067.14807795  .00000846  00000-0  52412-4 0  9992
2 47612  97.5061 130.1245 0013237 100.0422 260.2302 15.12368718  6734
1 47612U 21006EQ  21067.41273132  .00001559  00000-0  93434-4 0  9995
2 47612  97.5063 130.3847 0013227  99.1896 261.0832 15.12370138  6778
1 47612U 21006EQ  21068.47134319  .00001513  00000-0  90802-4 0  9991
2 47612  97.5060 131.4256 0013216  95.9927 264.2810 15.12373137  6939
1 47612U 21006EQ  21068.80215881  .00001599  00000-0  95747-4 0  9999
2 47612  97.5059 131.7509 0013219  94.9806 265.2934 15.12374405  6981
1 47612U 21006EQ  21069.39762623  .00001872  00000-0  11143-3 0  9996
2 47612  97.5059 132.3365 0013228  93.1452 267.1293 15.12377216  7079
1 47612U 21006EQ  21069.79460399  .00001859  00000-0  11070-3 0  9999
2 47612  97.5057 132.7268 0013231  91.9538 268.3208 15.12378631  7136
1 47612U 21006EQ  21070.12541872  .00002053  00000-0  12182-3 0  9996
2 47612  97.5056 133.0521 0013222  90.9785 269.2961 15.12379816  7181
1 47612U 21006EQ  21070.72088487  .00002287  00000-0  13528-3 0  9994
2 47612  97.5055 133.6378 0013205  89.4123 270.8621 15.12381805  7278
1 47612U 21006EQ  21071.11786156  .00002118  00000-0  12559-3 0  9992
2 47612  97.5054 134.0281 0013204  88.2166 272.0577 15.12382798  7331
1 47612U 21006EQ  21071.84565005  .00001932  00000-0  11488-3 0  9993
2 47612  97.5051 134.7435 0013199  85.8314 274.4425 15.12385909  7444
1 47612U 21006EQ  21072.17646262  .00001946  00000-0  11566-3 0  9997
2 47612  97.5050 135.0688 0013216  84.8698 275.4040 15.12387365  7498
1 47612U 21006EQ  21072.24262481  .00002034  00000-0  12070-3 0  9992
2 47612  97.5050 135.1338 0013217  84.6775 275.5964 15.12388202  7505
1 47612U 21006EQ  21072.83808620  .00002052  00000-0  12175-3 0  9994
2 47612  97.5049 135.7193 0013171  82.7756 277.4972 15.12390892  7592
1 47612U 21006EQ  21073.43354698  .00002414  00000-0  14253-3 0  9993
2 47612  97.5048 136.3050 0013141  81.2084 279.0635 15.12394760  7687
1 47612U 21006EQ  21074.42597488  .00003261  00000-0  19122-3 0  9990
2 47612  97.5043 137.2806 0013212  78.2192 282.0520 15.12404406  7839
1 47612U 21006EQ  21074.75678372  .00002702  00000-0  15907-3 0  9994
2 47612  97.5043 137.6059 0013106  77.1277 283.1417 15.12405162  7889
1 47612U 21006EQ  21075.41840331  .00001125  00000-0  68429-4 0  9990
2 47612  97.5044 138.2563 0013062  75.0039 285.2637 15.12402578  7987
1 47612U 21006EQ  21075.88153607  .00001093  00000-0  66590-4 0  9995
2 47612  97.5043 138.7117 0013045  73.5663 286.7000 15.12403430  8050
1 47612U 21006EQ  21076.41082985  .00001502  00000-0  90091-4 0  9993
2 47612  97.5043 139.2321 0013028  71.8845 288.3803 15.12405448  8136
1 47612U 21006EQ  21076.87396023  .00001368  00000-0  82391-4 0  9998
2 47612  97.5036 139.6875 0013040  70.6191 289.6448 15.12407080  8202
1 47612U 21006EQ  21077.13860668  .00001404  00000-0  84449-4 0  9996
2 47612  97.5036 139.9476 0013021  69.8009 290.4621 15.12407962  8245
1 47612U 21006EQ  21077.40325291  .00001624  00000-0  97113-4 0  9990
2 47612  97.5035 140.2079 0013008  69.0230 291.2391 15.12409397  8282
1 47612U 21006EQ  21077.73406161  .00001629  00000-0  97403-4 0  9999
2 47612  97.5041 140.5331 0012978  67.8252 292.4355 15.12409931  8331
1 47612U 21006EQ  21078.46183821  .00001436  00000-0  86255-4 0  9994
2 47612  97.5040 141.2486 0012987  65.8196 294.4391 15.12411491  8442
1 47612U 21006EQ  21078.92496816  .00001315  00000-0  79347-4 0  9996
2 47612  97.5039 141.7040 0012932  64.3539 295.9026 15.12412196  8518
1 47612U 21006EQ  21079.45425888  .00001359  00000-0  81851-4 0  9997
2 47612  97.5038 142.2243 0012925  62.7285 297.5260 15.12413954  8599
1 47612U 21006EQ  21079.71890338  .00001548  00000-0  92702-4 0  9999
2 47612  97.5038 142.4844 0012896  61.8834 298.3698 15.12415903  8630
1 47612U 21006EQ  21080.24819243  .00001638  00000-0  97879-4 0  9995
2 47612  97.5037 143.0048 0012853  60.2380 300.0127 15.12418058  8715
1 47612U 21006EQ  21080.71131970  .00001766  00000-0  10525-3 0  9995
2 47612  97.5036 143.4602 0012820  58.7887 301.4599 15.12420295  8783
1 47612U 21006EQ  21081.10828574  .00001795  00000-0  10692-3 0  9999
2 47612  97.5035 143.8504 0012804  57.5771 302.6696 15.12421741  8843
1 47612U 21006EQ  21081.24060737  .00001906  00000-0  11329-3 0  9995
2 47612  97.5035 143.9805 0012803  57.1510 303.0951 15.12422887  8867
1 47612U 21006EQ  21081.76989560  .00001713  00000-0  10219-3 0  9999
2 47612  97.5034 144.5008 0012739  55.4431 304.8000 15.12423329  8944
1 47612U 21006EQ  21082.16686126  .00001581  00000-0  94603-4 0  9999
2 47612  97.5033 144.8910 0012715  54.1932 306.0479 15.12423802  9002
1 47612U 21006EQ  21082.56382573  .00001689  00000-0  10079-3 0  9995
2 47612  97.5032 145.2812 0012706  53.0688 307.1705 15.12425875  9065
1 47612U 21006EQ  21082.89462917  .00001740  00000-0  10372-3 0  9996
2 47612  97.5031 145.6064 0012702  52.0552 308.1825 15.12427382  9117
1 47612U 21006EQ  21083.15927102  .00001913  00000-0  11368-3 0  9996
2 47612  97.5032 145.8666 0012650  50.9815 309.2540 15.12429507  9150
1 47612U 21006EQ  21083.42391314  .00001967  00000-0  11674-3 0  9995
2 47612  97.5031 146.1268 0012627  50.1964 310.0376 15.12430880  9199
1 47612U 21006EQ  21083.75471432  .00001993  00000-0  11825-3 0  9998
2 47612  97.5031 146.4522 0012642  49.5721 310.6611 15.12433728  9243
1 47612U 21006EQ  21084.41631665  .00002446  00000-0  14422-3 0  9998
2 47612  97.5030 147.1025 0012592  47.4454 312.7837 15.12438562  9347
1 47612U 21006EQ  21085.14407780  .00002719  00000-0  15989-3 0  9990
2 47612  97.5028 147.8179 0012525  45.0567 315.1678 15.12443171  9450
1 47612U 21006EQ  21085.87183632  .00003397  00000-0  19882-3 0  9996
2 47612  97.5025 148.5333 0012461  42.7854 317.4344 15.12449420  9569
1 47612U 21006EQ  21086.40111421  .00003398  00000-0  19885-3 0  9997
2 47612  97.5024 149.0536 0012407  41.0689 319.1473 15.12452431  9644
1 47612U 21006EQ  21086.46727393  .00003356  00000-0  19643-3 0  9990
2 47612  97.5024 149.1186 0012402  40.8632 319.3526 15.12452642  9652
1 47612U 21006EQ  21086.86423164  .00003356  00000-0  19643-3 0  9993
2 47612  97.5022 149.5089 0012370  39.5945 320.6187 15.12454835  9713
1 47612U 21006EQ  21087.45966694  .00003415  00000-0  19978-3 0  9996
2 47612  97.5021 150.0942 0012313  37.7212 322.4880 15.12458414  9808
1 47612U 21006EQ  21087.72430435  .00003429  00000-0  20061-3 0  9995
2 47612  97.5020 150.3543 0012287  36.8513 323.3560 15.12460040  9848
1 47612U 21006EQ  21088.12125999  .00003390  00000-0  19837-3 0  9992
2 47612  97.5018 150.7445 0012250  35.5585 324.6459 15.12462244  9901
1 47612U 21006EQ  21088.78285153  .00003152  00000-0  18469-3 0  9999
2 47612  97.5017 151.3949 0012187  33.4415 326.7583 15.12465336 10003
1 47612U 21006EQ  21088.84901081  .00002852  00000-0  16744-3 0  9991
2 47612  97.5016 151.4599 0012182  33.2383 326.9610 15.12464659 10012
1 47612U 21006EQ  21089.24596479  .00002857  00000-0  16772-3 0  9993
2 47612  97.5016 151.8501 0012141  31.9629 328.2336 15.12467020 10073
1 47612U 21006EQ  21089.84139494  .00002554  00000-0  15037-3 0  9996
2 47612  97.5014 152.4354 0012088  30.0800 330.1123 15.12469408 10163
1 47612U 21006EQ  21090.17218900  .00002439  00000-0  14371-3 0  9996
2 47612  97.5013 152.7606 0012055  29.0168 331.1730 15.12470880 10211
1 47612U 21006EQ  21090.23834788  .00002361  00000-0  13924-3 0  9998
2 47612  97.5013 152.8256 0012051  28.8184 331.3710 15.12470935 10226
1 47612U 21006EQ  21091.23072984  .00002008  00000-0  11898-3 0  9997
2 47612  97.5015 153.8010 0011982  25.3032 334.8783 15.12473036 10372
1 47612U 21006EQ  21091.75999890  .00001897  00000-0  11261-3 0  9997
2 47612  97.5014 154.3213 0011934  23.5574 336.6201 15.12474859 10458
1 47612U 21006EQ  21092.42158502  .00001674  00000-0  99799-4 0  9995
2 47612  97.5014 154.9716 0011864  21.3386 338.8337 15.12476286 10552
1 47612U 21006EQ  21092.48774384  .00001556  00000-0  93056-4 0  9992
2 47612  97.5014 155.0366 0011849  21.0996 339.0721 15.12475834 10561
1 47612U 21006EQ  21092.88469509  .00001491  00000-0  89317-4 0  9999
2 47612  97.5013 155.4269 0011813  19.8043 340.3644 15.12476974 10627
1 47612U 21006EQ  21093.41396253  .00001493  00000-0  89399-4 0  9996
2 47612  97.5013 155.9471 0011760  18.0582 342.1064 15.12478902 10705
1 47612U 21006EQ  21093.74475462  .00001403  00000-0  84242-4 0  9995
2 47612  97.5012 156.2722 0011727  16.9581 343.2040 15.12479556 10753
1 47612U 21006EQ  21094.20786338  .00001320  00000-0  79480-4 0  9990
2 47612  97.5011 156.7274 0011685  15.4549 344.7036 15.12480466 10821
1 47612U 21006EQ  21094.93560535  .00001250  00000-0  75477-4 0  9993
2 47612  97.5010 157.4427 0011607  13.0461 347.1068 15.12481925 10934
1 47612U 21006EQ  21095.72950425  .00001307  00000-0  78733-4 0  9993
2 47612  97.5009 158.2230 0011531  10.3755 349.7712 15.12484233 11058
1 47612U 21006EQ  21095.99413683  .00001373  00000-0  82519-4 0  9992
2 47612  97.5009 158.4832 0011515   9.5117 350.6330 15.12485279 11094
1 47612U 21006EQ  21096.65571740  .00001399  00000-0  84001-4 0  9991
2 47612  97.5007 159.1334 0011447   7.2976 352.8419 15.12487451 11196
1 47612U 21006EQ  21096.92034932  .00001435  00000-0  86107-4 0  9998
2 47612  97.5006 159.3935 0011423   6.4011 353.7364 15.12488443 11235
1 47612U 21006EQ  21097.44961300  .00001485  00000-0  88920-4 0  9994
2 47612  97.5005 159.9137 0011366   4.6079 355.5254 15.12490237 11315
1 47612U 21006EQ  21097.78040249  .00001573  00000-0  93977-4 0  9997
2 47612  97.5004 160.2388 0011333   3.4256 356.7051 15.12491707 11361
1 47612U 21006EQ  21098.11119174  .00001579  00000-0  94317-4 0  9994
2 47612  97.5003 160.5639 0011300   2.2535 357.8745 15.12492746 11415
1 47612U 21006EQ  21098.64045390  .00001593  00000-0  95136-4 0  9996
2 47612  97.5002 161.0841 0011244   0.4332 359.6907 15.12494537 11495
1 47612U 21006EQ  21099.43434571  .00001580  00000-0  94383-4 0  9996
2 47612  97.5001 161.8643 0011148 357.3831   2.7339 15.12497113 11615
1 47612U 21006EQ  21099.76513365  .00001557  00000-0  93059-4 0  9994
2 47612  97.5001 162.1893 0011118 356.2981   3.8166 15.12498128 11669
1 47612U 21006EQ  21099.89744875  .00001575  00000-0  94112-4 0  9991
2 47612  97.5000 162.3194 0011110 355.8393   4.2743 15.12498670 11688
1 47612U 21006EQ  21100.42670909  .00001510  00000-0  90390-4 0  9992
2 47612  97.5000 162.8395 0011056 354.0108   6.0989 15.12500051 11768
1 47612U 21006EQ  21100.75749671  .00001505  00000-0  90058-4 0  9996
2 47612  97.5000 163.1647 0011036 352.6663   7.4405 15.12501043 11816
1 47612U 21006EQ  21101.41907102  .00001481  00000-0  88688-4 0  9994
2 47612  97.4998 163.8148 0010966 350.2716   9.8300 15.12503055 11914
1 47612U 21006EQ  21101.61754301  .00001530  00000-0  91524-4 0  9995
2 47612  97.4998 164.0099 0010946 349.5776  10.5226 15.12504017 11945
1 47612U 21006EQ  21101.88217271  .00001314  00000-0  79116-4 0  9997
2 47612  97.4997 164.2700 0010912 348.7095  11.3889 15.12503594 11980
1 47612U 21006EQ  21102.08064456  .00001328  00000-0  79900-4 0  9991
2 47612  97.4997 164.4650 0010896 347.9776  12.1193 15.12504325 12019
1 47612U 21006EQ  21103.40378834  .00001347  00000-0  80982-4 0  9999
2 47612  97.4995 165.7653 0010758 343.2917  16.7957 15.12508581 12215
1 47612U 21006EQ  21104.39614518  .00001275  00000-0  76849-4 0  9997
2 47612  97.4993 166.7405 0010663 339.7362  20.3444 15.12510841 12368
1 47612U 21006EQ  21104.59461631  .00001321  00000-0  79491-4 0  9993
2 47612  97.4993 166.9355 0010643 339.0008  21.0784 15.12511574 12394
1 47612U 21006EQ  21105.45465694  .00001391  00000-0  83542-4 0  9991
2 47612  97.4992 167.7808 0010572 335.8415  24.2318 15.12514158 12526
1 47612U 21006EQ  21105.65312825  .00001284  00000-0  77384-4 0  9998
2 47612  97.4992 167.9759 0010547 335.0119  25.0600 15.12513914 12553
1 47612U 21006EQ  21106.44701168  .00001115  00000-0  67669-4 0  9996
2 47612  97.4990 168.7560 0010476 331.9989  28.0677 15.12514685 12677
1 47612U 21006EQ  21106.71163856  .00001184  00000-0  71610-4 0  9999
2 47612  97.4990 169.0160 0010453 331.1780  28.8872 15.12515893 12715
1 47612U 21006EQ  21107.43936128  .00001312  00000-0  78968-4 0  9995
2 47612  97.4989 169.7312 0010415 328.0148  32.0449 15.12518954 12820
1 47612U 21006EQ  21107.90245420  .00001763  00000-0  10481-3 0  9990
2 47612  97.4988 170.1863 0010387 326.5162  33.5411 15.12523901 12893
1 47612U 21006EQ  21108.16707905  .00001851  00000-0  10987-3 0  9999
2 47612  97.4988 170.4463 0010378 325.4141  34.6413 15.12525645 12933
1 47612U 21006EQ  21108.43170402  .00001924  00000-0  11404-3 0  9991
2 47612  97.4988 170.7064 0010348 324.3368  35.7170 15.12527151 12979
1 47612U 21006EQ  21108.89479677  .00002867  00000-0  16809-3 0  9998
2 47612  97.4985 171.1616 0010259 322.7989  37.2530 15.12534276 13048
1 47612U 21006EQ  21109.42404338  .00003041  00000-0  17806-3 0  9993
2 47612  97.4984 171.6817 0010150 320.9640  39.0858 15.12539823 13124
1 47612U 21006EQ  21109.88713286  .00003006  00000-0  17602-3 0  9993
2 47612  97.4983 172.1368 0010124 319.1091  40.9379 15.12543395 13196
1 47612U 21006EQ  21110.41637675  .00002831  00000-0  16595-3 0  9996
2 47612  97.4982 172.6569 0010107 316.9124  43.1315 15.12547001 13278
1 47612U 21006EQ  21110.81330902  .00002798  00000-0  16407-3 0  9997
2 47612  97.4980 173.0469 0010092 315.3350  44.7067 15.12549667 13335
1 47612U 21006EQ  21110.87946432  .00002802  00000-0  16430-3 0  9996
2 47612  97.4979 173.1119 0010091 315.0665  44.9748 15.12550093 13345
1 47612U 21006EQ  21111.40870644  .00002662  00000-0  15625-3 0  9996
2 47612  97.4979 173.6320 0010075 312.9107  47.1278 15.12553088 13422
1 47612U 21006EQ  21111.80563735  .00002699  00000-0  15840-3 0  9999
2 47612  97.4978 174.0220 0010065 311.2680  48.7683 15.12555524 13482
1 47612U 21006EQ  21112.13641273  .00002738  00000-0  16062-3 0  9991
2 47612  97.4978 174.3471 0010056 309.9836  50.0511 15.12557507 13535
1 47612U 21006EQ  21112.33487796  .00002534  00000-0  14889-3 0  9990
2 47612  97.4978 174.5421 0010049 309.1504  50.8833 15.12557953 13561
1 47612U 21006EQ  21112.86411777  .00002700  00000-0  15838-3 0  9994
2 47612  97.4979 175.0621 0010027 307.0940  52.9374 15.12561044 13645
1 47612U 21006EQ  21113.19489233  .00002433  00000-0  14311-3 0  9991
2 47612  97.4979 175.3871 0010006 305.7780  54.2519 15.12561891 13690
1 47612U 21006EQ  21113.59182104  .00002546  00000-0  14955-3 0  9991
2 47612  97.4979 175.7771 0009975 304.1688  55.8597 15.12564292 13754
1 47612U 21006EQ  21114.25336811  .00002552  00000-0  14990-3 0  9997
2 47612  97.4977 176.4271 0009931 301.5879  58.4382 15.12567456 13857
1 47612U 21006EQ  21114.71645043  .00002388  00000-0  14053-3 0  9995
2 47612  97.4978 176.8822 0009936 299.4807  60.5432 15.12569019 13920
1 47612U 21006EQ  21114.84875961  .00002463  00000-0  14478-3 0  9998
2 47612  97.4978 177.0123 0009917 299.0597  60.9640 15.12569780 13940
1 47612U 21006EQ  21115.44414977  .00002351  00000-0  13838-3 0  9996
2 47612  97.4978 177.5974 0009894 296.6292  63.3925 15.12572298 14030
1 47612U 21006EQ  21115.84107496  .00002862  00000-0  16761-3 0  9990
2 47612  97.4976 177.9874 0009854 295.2131  64.8078 15.12576361 14090
1 47612U 21006EQ  21116.17184560  .00002831  00000-0  16581-3 0  9990
2 47612  97.4976 178.3124 0009857 293.8677  66.1520 15.12578368 14147
1 47612U 21006EQ  21116.30415377  .00002783  00000-0  16310-3 0  9994
2 47612  97.4976 178.4425 0009853 293.3173  66.7020 15.12579034 14168
1 47612U 21006EQ  21116.83338514  .00003010  00000-0  17608-3 0  9994
2 47612  97.4974 178.9625 0009832 291.1865  68.8315 15.12583334 14241
1 47612U 21006EQ  21117.42876992  .00002683  00000-0  15735-3 0  9991
2 47612  97.4972 179.5475 0009795 288.8130  71.2038 15.12586021 14331
1 47612U 21006EQ  21118.22261568  .00001892  00000-0  11203-3 0  9994
2 47612  97.4969 180.3276 0009781 285.6103  74.4048 15.12587808 14459
1 47612U 21006EQ  21118.81799931  .00001326  00000-0  79627-4 0  9996
2 47612  97.4969 180.9126 0009804 283.1584  76.8553 15.12588505 14543
1 47612U 21006EQ  21119.14876784  .00001234  00000-0  74358-4 0  9999
2 47612  97.4967 181.2377 0009792 281.8998  78.1134 15.12589351 14598
1 47612U 21006EQ  21119.41338233  .00001266  00000-0  76196-4 0  9998
2 47612  97.4967 181.4977 0009791 280.8357  79.1771 15.12590321 14635
1 47612U 21006EQ  21119.74415040  .00001333  00000-0  80032-4 0  9995
2 47612  97.4966 181.8226 0009755 279.6104  80.4024 15.12591530 14685
1 47612U 21006EQ  21120.40568567  .00001502  00000-0  89711-4 0  9994
2 47612  97.4965 182.4727 0009777 276.8278  83.1841 15.12593861 14789
1 47612U 21006EQ  21120.60414620  .00001533  00000-0  91487-4 0  9993
2 47612  97.4964 182.6678 0009775 276.0002  84.0115 15.12594483 14819
1 47612U 21006EQ  21120.86876001  .00001819  00000-0  10782-3 0  9991
2 47612  97.4971 182.9276 0009790 275.0872  84.9241 15.12596653 14859
1 47612U 21006EQ  21121.13337298  .00001845  00000-0  10932-3 0  9998
2 47612  97.4971 183.1877 0009823 274.0445  85.9663 15.12598025 14899
1 47612U 21006EQ  21121.72875233  .00001909  00000-0  11298-3 0  9996
2 47612  97.4970 183.7727 0009792 271.6490  88.3619 15.12600659 14981
1 47612U 21006EQ  21122.58874340  .00002013  00000-0  11893-3 0  9997
2 47612  97.4969 184.6176 0009806 268.1933  91.8175 15.12604218 15113
1 47612U 21006EQ  21122.72104979  .00002002  00000-0  11830-3 0  9996
2 47612  97.4968 184.7476 0009816 267.6908  92.3199 15.12604537 15131
1 47612U 21006EQ  21123.11796815  .00001967  00000-0  11627-3 0  9999
2 47612  97.4967 185.1376 0009812 266.0509  93.9600 15.12605733 15199
1 47612U 21006EQ  21123.58103899  .00001969  00000-0  11637-3 0  9997
2 47612  97.4967 185.5926 0009805 264.1879  95.8234 15.12607395 15263
1 47612U 21006EQ  21123.64719180  .00002010  00000-0  11873-3 0  9990
2 47612  97.4967 185.6576 0009811 263.9023  96.1090 15.12607868 15270
1 47612U 21006EQ  21124.44102602  .00001887  00000-0  11168-3 0  9992
2 47612  97.4965 186.4376 0009840 260.6665  99.3453 15.12610357 15391
1 47612U 21006EQ  21125.43331882  .00001460  00000-0  87269-4 0  9999
2 47612  97.4964 187.4126 0009883 256.7807 103.2322 15.12611250 15545
1 47612U 21006EQ  21126.16099922  .00001260  00000-0  75821-4 0  9995
2 47612  97.4963 188.1274 0009912 253.7686 106.2455 15.12612383 15651
1 47612U 21006EQ  21127.41789909  .00001123  00000-0  67985-4 0  9995
2 47612  97.4962 189.3624 0009991 248.7347 111.2817 15.12615364 15848
1 47612U 21006EQ  21127.68250922  .00001094  00000-0  66293-4 0  9990
2 47612  97.4962 189.6224 0009959 247.6182 112.3994 15.12616014 15881
1 47612U 21006EQ  21127.88096678  .00001089  00000-0  66032-4 0  9993
2 47612  97.4961 189.8174 0009962 246.8401 113.1781 15.12616525 15919
1 47612U 21006EQ  21128.67479593  .00001135  00000-0  68640-4 0  9991
2 47612  97.4960 190.5972 0010004 243.6714 116.3490 15.12619036 16030
1 47612U 21006EQ  21129.13786226  .00001200  00000-0  72350-4 0  9993
2 47612  97.4961 191.0523 0010061 241.9246 118.0968 15.12620679 16105
1 47612U 21006EQ  21129.73323301  .00001281  00000-0  76996-4 0  9999
2 47612  97.4960 191.6372 0010074 239.5303 120.4933 15.12622684 16199
1 47612U 21006EQ  21130.39475563  .00001326  00000-0  79569-4 0  9990
2 47612  97.4959 192.2871 0010117 236.9109 123.1151 15.12624536 16292
1 47612U 21006EQ  21130.72551670  .00001327  00000-0  79629-4 0  9999
2 47612  97.4959 192.6121 0010157 235.6499 124.3771 15.12625345 16342
1 47612U 21006EQ  21131.12242986  .00001331  00000-0  79808-4 0  9995
2 47612  97.4959 193.0021 0010174 234.1334 125.8953 15.12626308 16402
1 47612U 21006EQ  21131.71779951  .00001281  00000-0  76965-4 0  9992
2 47612  97.4958 193.5871 0010201 231.8807 128.1505 15.12627376 16493
1 47612U 21006EQ  21132.18086434  .00001191  00000-0  71796-4 0  9998
2 47612  97.4956 194.0419 0010245 230.0356 129.9976 15.12627947 16566
1 47612U 21006EQ  21132.71008017  .00001608  00000-0  95647-4 0  9992
2 47612  97.4956 194.5619 0010295 228.0821 131.9532 15.12631607 16640
1 47612U 21006EQ  21133.70235797  .00001522  00000-0  90729-4 0  9990
2 47612  97.4955 195.5367 0010357 224.2782 135.7621 15.12634148 16793
1 47612U 21006EQ  21134.43002656  .00001397  00000-0  83556-4 0  9997
2 47612  97.4954 196.2517 0010456 221.5796 138.4640 15.12635895 16906
1 47612U 21006EQ  21134.69463295  .00001427  00000-0  85315-4 0  9994
2 47612  97.4954 196.5116 0010447 220.5305 139.5149 15.12637036 16948
1 47612U 21006EQ  21135.15769374  .00001425  00000-0  85180-4 0  9991
2 47612  97.4953 196.9665 0010485 218.9024 141.1454 15.12638713 17011
1 47612U 21006EQ  21135.68690464  .00001693  00000-0  10049-3 0  9990
2 47612  97.4952 197.4863 0010518 216.8087 143.2423 15.12642382 17093
1 47612U 21006EQ  21136.41456934  .00001693  00000-0  10046-3 0  9991
2 47612  97.4953 198.2013 0010582 214.1343 145.9208 15.12645129 17202
1 47612U 21006EQ  21136.74532425  .00001475  00000-0  88027-4 0  9990
2 47612  97.4946 198.5263 0010596 212.6353 147.4224 15.12647756 17251
1 47612U 21006EQ  21137.73759078  .00001584  00000-0  94200-4 0  9996
2 47612  97.4944 199.5011 0010705 209.0240 151.0397 15.12651754 17400
1 47612U 21006EQ  21138.13449674  .00001707  00000-0  10125-3 0  9999
2 47612  97.4944 199.8910 0010732 207.6371 152.4291 15.12653520 17467
1 47612U 21006EQ  21138.86215589  .00002344  00000-0  13761-3 0  9992
2 47612  97.4943 200.6058 0010801 204.8916 155.1796 15.12658455 17575
1 47612U 21006EQ  21139.12675903  .00002338  00000-0  13726-3 0  9996
2 47612  97.4944 200.8658 0010825 203.9311 156.1418 15.12659504 17612
1 47612U 21006EQ  21139.39136223  .00002263  00000-0  13298-3 0  9993
2 47612  97.4944 201.1257 0010848 202.9700 157.1047 15.12660165 17655
1 47612U 21006EQ  21139.78826640  .00002213  00000-0  13013-3 0  9995
2 47612  97.4945 201.5156 0010905 201.6502 158.4270 15.12661568 17715
1 47612U 21006EQ  21140.11901963  .00002127  00000-0  12520-3 0  9992
2 47612  97.4946 201.8408 0010937 200.4529 159.6265 15.12662605 17765
1 47612U 21006EQ  21141.17742653  .00002608  00000-0  15262-3 0  9998
2 47612  97.4947 202.8805 0011031 196.6131 163.4740 15.12669175 17927
1 47612U 21006EQ  21141.64047866  .00001853  00000-0  10952-3 0  9996
2 47612  97.4948 203.3354 0011094 195.0443 165.0459 15.12669107 17998
1 47612U 21006EQ  21142.50043228  .00001478  00000-0  88109-4 0  9993
2 47612  97.4946 204.1800 0011177 192.1155 167.9808 15.12669835 18124
1 47612U 21006EQ  21142.83118377  .00001339  00000-0  80161-4 0  9993
2 47612  97.4946 204.5050 0011174 190.8879 169.2112 15.12670170 18172
1 47612U 21006EQ  21142.89733401  .00001320  00000-0  79063-4 0  9999
2 47612  97.4946 204.5699 0011191 190.6711 169.4284 15.12670270 18187
1 47612U 21006EQ  21143.49268574  .00001159  00000-0  69897-4 0  9994
2 47612  97.4945 205.1548 0011271 188.6707 171.4331 15.12671439 18271
1 47612U 21006EQ  21143.88958698  .00001153  00000-0  69533-4 0  9991
2 47612  97.4945 205.5447 0011307 187.2616 172.8453 15.12672495 18337
1 47612U 21006EQ  21144.48493785  .00000996  00000-0  60556-4 0  9999
2 47612  97.4945 206.1296 0011373 185.1646 174.9470 15.12673440 18422
1 47612U 21006EQ  21144.88183827  .00001014  00000-0  61614-4 0  9994
2 47612  97.4945 206.5195 0011410 183.7816 176.3331 15.12674606 18482
1 47612U 21006EQ  21145.47718879  .00000912  00000-0  55775-4 0  9998
2 47612  97.4945 207.1044 0011474 181.6921 178.4273 15.12675484 18579
1 47612U 21006EQ  21145.80793865  .00000926  00000-0  56557-4 0  9997
2 47612  97.4945 207.4293 0011510 180.4577 179.6646 15.12676384 18626
1 47612U 21006EQ  21146.40328852  .00000855  00000-0  52528-4 0  9999
2 47612  97.4945 208.0142 0011586 178.5035 181.6233 15.12677214 18714
1 47612U 21006EQ  21146.80018872  .00000783  00000-0  48371-4 0  9992
2 47612  97.4945 208.4041 0011622 177.0771 183.0530 15.12677413 18771
1 47612U 21006EQ  21146.93248845  .00000815  00000-0  50243-4 0  9998
2 47612  97.4944 208.5341 0011630 176.5708 183.5605 15.12677859 18791
1 47612U 21006EQ  21147.13093793  .00000855  00000-0  52512-4 0  9996
2 47612  97.4944 208.7291 0011658 175.9432 184.1895 15.12678512 18823
1 47612U 21006EQ  21147.85858384  .00001411  00000-0  84228-4 0  9998
2 47612  97.4943 209.4439 0011710 173.4435 186.6952 15.12683556 18936
1 47612U 21006EQ  21148.45393130  .00001663  00000-0  98598-4 0  9992
2 47612  97.4943 210.0288 0011766 171.4279 188.7155 15.12686179 19024
1 47612U 21006EQ  21148.71852957  .00001342  00000-0  80294-4 0  9996
2 47612  97.4943 210.2887 0011800 170.5587 189.5868 15.12685229 19061
1 47612U 21006EQ  21149.44617484  .00001285  00000-0  77036-4 0  9997
2 47612  97.4942 211.0035 0011881 168.1951 191.9561 15.12686768 19179
1 47612U 21006EQ  21149.71077244  .00001375  00000-0  82142-4 0  9995
2 47612  97.4941 211.2634 0011908 167.2775 192.8759 15.12688098 19211
1 47612U 21006EQ  21150.43841534  .00001449  00000-0  86396-4 0  9994
2 47612  97.4941 211.9782 0011973 165.0072 195.1516 15.12690795 19326
1 47612U 21006EQ  21150.70301199  .00001564  00000-0  92933-4 0  9994
2 47612  97.4941 212.2381 0011993 164.1287 196.0322 15.12692440 19363
1 47612U 21006EQ  21151.09990730  .00001503  00000-0  89426-4 0  9998
2 47612  97.4940 212.6280 0012025 162.8737 197.2902 15.12693518 19427
1 47612U 21006EQ  21151.43065280  .00001568  00000-0  93185-4 0  9997
2 47612  97.4940 212.9529 0012052 161.8096 198.3569 15.12695181 19477
1 47612U 21006EQ  21151.76139849  .00001495  00000-0  89004-4 0  9990
2 47612  97.4939 213.2778 0012083 160.7292 199.4398 15.12695975 19524
1 47612U 21006EQ  21152.42288928  .00001372  00000-0  81954-4 0  9997
2 47612  97.4939 213.9277 0012155 158.5291 201.6453 15.12697622 19629
1 47612U 21006EQ  21153.41512402  .00001414  00000-0  84354-4 0  9998
2 47612  97.4938 214.9024 0012233 155.3341 204.8478 15.12701100 19772
1 47612U 21006EQ  21153.61357098  .00001342  00000-0  80230-4 0  9997
2 47612  97.4938 215.0973 0012255 154.6905 205.4929 15.12701292 19803
1 47612U 21006EQ  21154.40735622  .00001542  00000-0  91626-4 0  9991
2 47612  97.4939 215.8771 0012319 152.1289 208.0604 15.12704970 19925
1 47612U 21006EQ  21155.06884326  .00001575  00000-0  93506-4 0  9995
2 47612  97.4938 216.5269 0012375 149.9714 210.2229 15.12707225 20020
1 47612U 21006EQ  21155.13499179  .00001603  00000-0  95099-4 0  9992
2 47612  97.4938 216.5919 0012380 149.7596 210.4352 15.12707624 20037
1 47612U 21006EQ  21155.92877481  .00001688  00000-0  99973-4 0  9993
2 47612  97.4938 217.3717 0012452 147.1702 213.0304 15.12710474 20159
1 47612U 21006EQ  21156.12722045  .00001685  00000-0  99748-4 0  9998
2 47612  97.4937 217.5665 0012468 146.5321 213.6700 15.12711047 20185
1 47612U 21006EQ  21156.39181496  .00001606  00000-0  95265-4 0  9999
2 47612  97.4937 217.8265 0012495 145.6357 214.5685 15.12711240 20225
1 47612U 21006EQ  21156.72255736  .00001609  00000-0  95449-4 0  9992
2 47612  97.4937 218.1513 0012522 144.7243 215.4819 15.12712174 20271
1 47612U 21006EQ  21157.45019046  .00001547  00000-0  91896-4 0  9998
2 47612  97.4937 218.8661 0012584 142.4086 217.8026 15.12713720 20386
1 47612U 21006EQ  21157.78093233  .00001156  00000-0  69606-4 0  9994
2 47612  97.4936 219.1910 0012618 141.3981 218.8155 15.12712568 20435
1 47612U 21006EQ  21158.44241510  .00001257  00000-0  75351-4 0  9997
2 47612  97.4936 219.8408 0012658 139.2898 220.9281 15.12715042 20536
1 47612U 21006EQ  21158.64085955  .00001272  00000-0  76224-4 0  9995
2 47612  97.4935 220.0356 0012671 138.7667 221.4523 15.12715808 20562
1 47612U 21006EQ  21159.17004459  .00001450  00000-0  86368-4 0  9992
2 47612  97.4935 220.5554 0012713 137.1085 223.1140 15.12718465 20646
1 47612U 21006EQ  21159.69923038  .00001227  00000-0  73644-4 0  9997
2 47612  97.4934 221.0753 0012745 135.5688 224.6568 15.12718614 20723
1 47612U 21006EQ  21159.89767493  .00001104  00000-0  66625-4 0  9995
2 47612  97.4933 221.2702 0012762 134.9998 225.2269 15.12718436 20754
1 47612U 21006EQ  21160.62530410  .00001027  00000-0  62242-4 0  9990
2 47612  97.4933 221.9849 0012790 132.7087 227.5223 15.12719891 20862
1 47612U 21006EQ  21160.75760022  .00001003  00000-0  60886-4 0  9994
2 47612  97.4933 222.1148 0012788 132.3210 227.9106 15.12720082 20888
1 47612U 21006EQ  21161.15448867  .00001008  00000-0  61152-4 0  9991
2 47612  97.4933 222.5047 0012833 131.0655 229.1687 15.12720997 20940
1 47612U 21006EQ  21161.74982080  .00000802  00000-0  49428-4 0  9999
2 47612  97.4934 223.0895 0012875 129.2892 230.9483 15.12721257 21031
1 47612U 21006EQ  21162.47744841  .00000754  00000-0  46664-4 0  9996
2 47612  97.4934 223.8042 0012932 127.0165 233.2251 15.12722504 21143
1 47612U 21006EQ  21163.13892725  .00000782  00000-0  48242-4 0  9990
2 47612  97.4933 224.4540 0012980 124.9103 235.3349 15.12724003 21241
1 47612U 21006EQ  21163.73425788  .00000755  00000-0  46730-4 0  9997
2 47612  97.4933 225.0388 0013004 123.2076 237.0404 15.12724930 21337
1 47612U 21006EQ  21164.39573617  .00000736  00000-0  45603-4 0  9992
2 47612  97.4932 225.6885 0013047 121.1137 239.1375 15.12725856 21435
1 47612U 21006EQ  21164.72647485  .00000777  00000-0  47958-4 0  9994
2 47612  97.4932 226.0133 0013064 120.1105 240.1423 15.12726667 21481
1 47612U 21006EQ  21165.45409968  .00000769  00000-0  47498-4 0  9997
2 47612  97.4931 226.7281 0013096 117.8854 242.3705 15.12727838 21590
1 47612U 21006EQ  21165.65254265  .00000780  00000-0  48126-4 0  9999
2 47612  97.4931 226.9230 0013109 117.2700 242.9868 15.12728268 21623
1 47612U 21006EQ  21166.11557615  .00000766  00000-0  47355-4 0  9993
2 47612  97.4930 227.3778 0013120 115.8856 244.3729 15.12728974 21696
1 47612U 21006EQ  21166.71090444  .00000768  00000-0  47468-4 0  9998
2 47612  97.4930 227.9625 0013140 114.0782 246.1825 15.12730072 21783
1 47612U 21006EQ  21166.90934696  .00000785  00000-0  48417-4 0  9999
2 47612  97.4930 228.1575 0013143 113.5003 246.7611 15.12730550 21817
1 47612U 21006EQ  21167.17393698  .00000832  00000-0  51120-4 0  9998
2 47612  97.4929 228.4174 0013145 112.6839 247.5783 15.12731348 21851
1 47612U 21006EQ  21167.63696928  .00000834  00000-0  51218-4 0  9991
2 47612  97.4929 228.8722 0013160 111.3045 248.9592 15.12732322 21920
1 47612U 21006EQ  21168.16614850  .00000893  00000-0  54542-4 0  9992
2 47612  97.4929 229.3919 0013165 109.7066 250.5587 15.12733802 22000
1 47612U 21006EQ  21168.76147506  .00000839  00000-0  51507-4 0  9995
2 47612  97.4928 229.9767 0013178 107.9202 252.3467 15.12734750 22091
1 47612U 21006EQ  21169.15835936  .00000764  00000-0  47234-4 0  9999
2 47612  97.4928 230.3665 0013187 106.7122 253.5557 15.12735114 22157
1 47612U 21006EQ  21169.62139042  .00000756  00000-0  46751-4 0  9990
2 47612  97.4928 230.8213 0013197 105.3311 254.9380 15.12736088 22225
1 47612U 21006EQ  21170.41515744  .00000764  00000-0  47229-4 0  9996
2 47612  97.4928 231.6010 0013212 102.9547 257.3160 15.12737747 22340
1 47612U 21006EQ  21170.74589369  .00000700  00000-0  43544-4 0  9992
2 47612  97.4928 231.9259 0013216 101.9670 258.3043 15.12738002 22399
1 47612U 21006EQ  21171.40736553  .00000687  00000-0  42838-4 0  9994
2 47612  97.4928 232.5756 0013233  99.9790 260.2935 15.12739129 22490
1 47612U 21006EQ  21172.39957219  .00000767  00000-0  47401-4 0  9997
2 47612  97.4928 233.5502 0013249  96.9807 263.2931 15.12741274 22643
1 47612U 21006EQ  21172.66416074  .00000718  00000-0  44572-4 0  9998
2 47612  97.4928 233.8101 0013272  96.1088 264.1656 15.12741376 22681
1 47612U 21006EQ  21173.06104288  .00000781  00000-0  48195-4 0  9999
2 47612  97.4928 234.2000 0013271  94.9080 265.3666 15.12742361 22747
1 47612U 21006EQ  21174.45012711  .00001061  00000-0  64089-4 0  9994
2 47612  97.4928 235.5644 0013259  90.6994 269.5756 15.12746694 22950
1 47612U 21006EQ  21174.71471441  .00001063  00000-0  64204-4 0  9993
2 47612  97.4927 235.8243 0013254  89.9121 270.3629 15.12747228 22992
1 47612U 21006EQ  21175.44232938  .00001039  00000-0  62849-4 0  9996
2 47612  97.4927 236.5389 0013241  87.7078 272.5669 15.12748406 23105
1 47612U 21006EQ  21175.70691622  .00001025  00000-0  62081-4 0  9997
2 47612  97.4927 236.7988 0013224  86.9455 273.3289 15.12748920 23145
1 47612U 21006EQ  21176.43452921  .00001132  00000-0  68157-4 0  9994
2 47612  97.4927 237.5135 0013196  84.8161 275.4576 15.12751171 23253
1 47612U 21006EQ  21176.69911538  .00001160  00000-0  69771-4 0  9990
2 47612  97.4926 237.7734 0013221  84.0368 276.2369 15.12752051 23290
1 47612U 21006EQ  21177.42672627  .00001305  00000-0  77993-4 0  9991
2 47612  97.4926 238.4881 0013158  81.7909 278.4813 15.12754918 23400
1 47612U 21006EQ  21177.75745753  .00001437  00000-0  85512-4 0  9990
2 47612  97.4925 238.8129 0013173  80.7882 279.4838 15.12756845 23458
1 47612U 21006EQ  21178.41892043  .00001458  00000-0  86684-4 0  9993
2 47612  97.4925 239.4627 0013151  78.8105 281.4603 15.12759058 23553
1 47612U 21006EQ  21178.61735907  .00001468  00000-0  87250-4 0  9991
2 47612  97.4925 239.6577 0013142  78.1982 282.0722 15.12759784 23583
1 47612U 21006EQ  21179.34496738  .00001436  00000-0  85421-4 0  9991
2 47612  97.4926 240.3723 0013120  75.9865 284.2824 15.12761768 23691
1 47612U 21006EQ  21179.80798970  .00001603  00000-0  94949-4 0  9996
2 47612  97.4925 240.8271 0013104  74.5571 285.7106 15.12764152 23761
1 47612U 21006EQ  21179.87413541  .00001676  00000-0  99072-4 0  9993
2 47612  97.4926 240.8920 0013101  74.3588 285.9088 15.12764814 23773
1 47612U 21006EQ  21180.07257340  .00001729  00000-0  10212-3 0  9997
2 47612  97.4925 241.0869 0013098  73.7285 286.5386 15.12765714 23801
1 47612U 21006EQ  21180.73403355  .00001734  00000-0  10239-3 0  9994
2 47612  97.4925 241.7366 0013077  71.7300 288.5353 15.12767820 23900
1 47612U 21006EQ  21181.13090851  .00001779  00000-0  10492-3 0  9992
2 47612  97.4925 242.1265 0013060  70.5286 289.7355 15.12769485 23965
1 47612U 21006EQ  21181.39549254  .00001563  00000-0  92679-4 0  9995
2 47612  97.4925 242.3864 0013057  69.7524 290.5109 15.12769052 24006
1 47612U 21006EQ  21181.72622083  .00001845  00000-0  10872-3 0  9991
2 47612  97.4924 242.7112 0013057  68.7069 291.5555 15.12771782 24052
1 47612U 21006EQ  21182.45382327  .00001842  00000-0  10849-3 0  9997
2 47612  97.4923 243.4259 0013032  66.4935 293.7664 15.12774212 24169
1 47612U 21006EQ  21182.71840600  .00001794  00000-0  10581-3 0  9998
2 47612  97.4923 243.6857 0013002  65.7126 294.5461 15.12774698 24203
1 47612U 21006EQ  21183.44600798  .00001694  00000-0  10009-3 0  9995
2 47612  97.4922 244.4003 0012985  63.5146 296.7415 15.12776142 24312
1 47612U 21006EQ  21183.71059013  .00001628  00000-0  96329-4 0  9990
2 47612  97.4922 244.6602 0012953  62.7220 297.5328 15.12776593 24354
1 47612U 21006EQ  21184.10746287  .00001623  00000-0  96025-4 0  9998
2 47612  97.4921 245.0500 0012929  61.4931 298.7600 15.12777811 24410
1 47612U 21006EQ  21184.43819070  .00001497  00000-0  88906-4 0  9993
2 47612  97.4921 245.3748 0012909  60.4860 299.7656 15.12777927 24460
1 47612U 21006EQ  21184.70277212  .00001462  00000-0  86911-4 0  9995
2 47612  97.4921 245.6347 0012896  59.6943 300.5562 15.12778623 24501
1 47612U 21006EQ  21185.16579019  .00001302  00000-0  77810-4 0  9997
2 47612  97.4921 246.0895 0012837  58.2508 301.9972 15.12778997 24572
1 47612U 21006EQ  21185.43037134  .00001305  00000-0  77955-4 0  9997
2 47612  97.4921 246.3493 0012812  57.4616 302.7851 15.12779815 24613
1 47612U 21006EQ  21185.76109733  .00001341  00000-0  79995-4 0  9994
2 47612  97.4920 246.6741 0012817  56.4785 303.7668 15.12781149 24667
1 47612U 21006EQ  21186.42254889  .00001406  00000-0  83702-4 0  9994
2 47612  97.4921 247.3238 0012755  54.3566 305.8851 15.12783638 24765
1 47612U 21006EQ  21186.75327458  .00001365  00000-0  81334-4 0  9996
2 47612  97.4921 247.6486 0012730  53.3248 306.9151 15.12784447 24812
1 47612U 21006EQ  21187.41472549  .00001181  00000-0  70914-4 0  9990
2 47612  97.4921 248.2983 0012689  51.3441 308.8923 15.12785430 24919
1 47612U 21006EQ  21187.74545070  .00001159  00000-0  69655-4 0  9991
2 47612  97.4921 248.6232 0012660  50.2860 309.9485 15.12786239 24960
1 47612U 21006EQ  21188.14232079  .00001086  00000-0  65460-4 0  9997
2 47612  97.4921 249.0130 0012634  49.0534 311.1788 15.12786890 25029
1 47612U 21006EQ  21188.73762454  .00001202  00000-0  72052-4 0  9992
2 47612  97.4921 249.5977 0012615  47.2430 312.9860 15.12789303 25119
1 47612U 21006EQ  21189.13449360  .00001246  00000-0  74569-4 0  9998
2 47612  97.4921 249.9875 0012592  45.9664 314.2602 15.12790620 25177
1 47612U 21006EQ  21189.66365105  .00001394  00000-0  82990-4 0  9991
2 47612  97.4920 250.5072 0012555  44.3353 315.8881 15.12793112 25254
1 47612U 21006EQ  21190.12666410  .00001401  00000-0  83365-4 0  9993
2 47612  97.4920 250.9620 0012525  42.8688 317.3517 15.12794382 25329
1 47612U 21006EQ  21190.72196641  .00001234  00000-0  73894-4 0  9993
2 47612  97.4919 251.5467 0012460  41.0077 319.2089 15.12794981 25414
1 47612U 21006EQ  21191.11883440  .00001134  00000-0  68174-4 0  9991
2 47612  97.4918 251.9365 0012431  39.7084 320.5055 15.12795393 25476
1 47612U 21006EQ  21191.71413566  .00001090  00000-0  65715-4 0  9994
2 47612  97.4917 252.5211 0012364  37.8225 322.3872 15.12796601 25563
1 47612U 21006EQ  21192.17714733  .00000952  00000-0  57867-4 0  9990
2 47612  97.4917 252.9759 0012312  36.3218 323.8846 15.12796987 25635
1 47612U 21006EQ  21192.44172513  .00000953  00000-0  57884-4 0  9994
2 47612  97.4917 253.2357 0012283  35.4736 324.7310 15.12797661 25675
1 47612U 21006EQ  21192.77244733  .00001097  00000-0  66087-4 0  9999
2 47612  97.4917 253.5605 0012262  34.3870 325.8152 15.12799262 25729
1 47612U 21006EQ  21193.16931365  .00001127  00000-0  67776-4 0  9997
2 47612  97.4917 253.9504 0012223  33.0580 327.1413 15.12800441 25785
1 47612U 21006EQ  21193.76461277  .00001087  00000-0  65534-4 0  9998
2 47612  97.4917 254.5350 0012161  31.1309 329.0640 15.12801743 25879
1 47612U 21006EQ  21194.16147875  .00000996  00000-0  60322-4 0  9996
2 47612  97.4916 254.9248 0012125  29.8647 330.3274 15.12802192 25931
1 47612U 21006EQ  21194.75677763  .00000896  00000-0  54629-4 0  9997
2 47612  97.4916 255.5095 0012061  27.9067 332.2808 15.12802917 26022
1 47612U 21006EQ  21195.15364320  .00000819  00000-0  50298-4 0  9997
2 47612  97.4915 255.8993 0012008  26.5990 333.5855 15.12803343 26088
1 47612U 21006EQ  21195.41822067  .00000727  00000-0  45050-4 0  9991
2 47612  97.4916 256.1591 0011988  25.8043 334.3784 15.12803226 26129
1 47612U 21006EQ  21195.74894191  .00000678  00000-0  42241-4 0  9998
2 47612  97.4916 256.4839 0011959  24.7032 335.4769 15.12803593 26178
1 47612U 21006EQ  21196.14580663  .00000778  00000-0  47915-4 0  9993
2 47612  97.4915 256.8737 0011910  23.3811 336.7959 15.12805029 26233
1 47612U 21006EQ  21197.13796764  .00000907  00000-0  55293-4 0  9996
2 47612  97.4915 257.8482 0011797  20.1327 340.0366 15.12807902 26389
1 47612U 21006EQ  21198.39470427  .00000918  00000-0  55897-4 0  9992
2 47612  97.4914 259.0825 0011694  16.1097 344.0503 15.12810190 26579
1 47612U 21006EQ  21198.72542405  .00000908  00000-0  55359-4 0  9997
2 47612  97.4914 259.4073 0011645  14.9641 345.1932 15.12810723 26621
1 47612U 21006EQ  21199.12228775  .00000915  00000-0  55723-4 0  9996
2 47612  97.4913 259.7971 0011621  13.6257 346.5286 15.12811412 26682
1 47612U 21006EQ  21199.71758234  .00000963  00000-0  58482-4 0  9997
2 47612  97.4913 260.3817 0011569  11.6641 348.4855 15.12812870 26777
1 47612U 21006EQ  21200.70973734  .00001266  00000-0  75686-4 0  9995
2 47612  97.4912 261.3561 0011460   8.2706 351.8712 15.12817042 26920
1 47612U 21006EQ  21201.43731681  .00001417  00000-0  84258-4 0  9992
2 47612  97.4912 262.0707 0011409   5.7456 354.3904 15.12819774 27035
1 47612U 21006EQ  21201.70189115  .00001370  00000-0  81608-4 0  9995
2 47612  97.4912 262.3305 0011369   4.7322 355.4015 15.12820192 27073
1 47612U 21006EQ  21202.42946879  .00001515  00000-0  89829-4 0  9997
2 47612  97.4912 263.0450 0011297   2.1010 358.0267 15.12823172 27189
1 47612U 21006EQ  21202.89247185  .00001588  00000-0  93957-4 0  9999
2 47612  97.4912 263.4998 0011257   0.5107 359.6134 15.12825137 27256
1 47612U 21006EQ  21203.42161833  .00001750  00000-0  10320-3 0  9997
2 47612  97.4912 264.0195 0011209 358.6536   1.4662 15.12827610 27337
1 47612U 21006EQ  21203.75233346  .00002115  00000-0  12395-3 0  9992
2 47612  97.4912 264.3444 0011179 357.4506   2.6666 15.12830913 27389
1 47612U 21006EQ  21204.41376617  .00001532  00000-0  90770-4 0  9991
2 47612  97.4912 264.9939 0011110 355.2469   4.8654 15.12829662 27484
1 47612U 21006EQ  21204.74448162  .00001869  00000-0  10997-3 0  9997
2 47612  97.4912 265.3188 0011078 354.0335   6.0762 15.12832554 27531
1 47612U 21006EQ  21205.07519636  .00001879  00000-0  11052-3 0  9993
2 47612  97.4912 265.6436 0011035 352.7622   7.3448 15.12833866 27584
1 47612U 21006EQ  21205.40591179  .00001744  00000-0  10285-3 0  9990
2 47612  97.4913 265.9684 0011007 351.6563   8.4483 15.12834081 27631
1 47612U 21006EQ  21206.39805523  .00001671  00000-0  98680-4 0  9995
2 47612  97.4911 266.9428 0010898 348.2326  11.8649 15.12836900 27782
1 47612U 21006EQ  21206.59648348  .00001714  00000-0  10115-3 0  9991
2 47612  97.4911 267.1377 0010876 347.4649  12.6310 15.12837824 27817
1 47612U 21006EQ  21207.39019749  .00001540  00000-0  91225-4 0  9996
2 47612  97.4910 267.9173 0010806 344.7493  15.3410 15.12839060 27936
1 47612U 21006EQ  21208.11776718  .00001372  00000-0  81687-4 0  9997
2 47612  97.4908 268.6318 0010719 341.9712  18.1137 15.12840291 28046
1 47612U 21006EQ  21208.64690840  .00001298  00000-0  77470-4 0  9998
2 47612  97.4907 269.1514 0010661 339.9626  20.1185 15.12841323 28128
1 47612U 21006EQ  21209.17604874  .00001300  00000-0  77595-4 0  9991
2 47612  97.4907 269.6711 0010623 337.9666  22.1107 15.12842854 28207
1 47612U 21006EQ  21209.70518792  .00001383  00000-0  82273-4 0  9993
2 47612  97.4906 270.1907 0010583 336.1161  23.9578 15.12845070 28288
1 47612U 21006EQ  21210.43275375  .00001484  00000-0  88008-4 0  9996
2 47612  97.4905 270.9052 0010525 333.3055  26.7633 15.12847900 28392
1 47612U 21006EQ  21210.76346526  .00001431  00000-0  85022-4 0  9994
2 47612  97.4905 271.2299 0010491 331.9442  28.1222 15.12848670 28446
1 47612U 21006EQ  21211.42488753  .00001394  00000-0  82906-4 0  9993
2 47612  97.4904 271.8795 0010429 329.3762  30.6859 15.12850572 28548
1 47612U 21006EQ  21211.62331385  .00001419  00000-0  84345-4 0  9990
2 47612  97.4904 272.0743 0010432 328.6439  31.4169 15.12851436 28577
1 47612U 21006EQ  21212.08630820  .00001475  00000-0  87503-4 0  9998
2 47612  97.4905 272.5290 0010401 326.9567  33.1013 15.12853384 28648
1 47612U 21006EQ  21212.54930204  .00001527  00000-0  90485-4 0  9999
2 47612  97.4905 272.9836 0010358 325.1593  34.8958 15.12855351 28719
1 47612U 21006EQ  21213.14457961  .00001506  00000-0  89286-4 0  9994
2 47612  97.4904 273.5683 0010314 322.9021  37.1496 15.12857272 28805
1 47612U 21006EQ  21213.40914666  .00001434  00000-0  85180-4 0  9992
2 47612  97.4904 273.8281 0010270 321.9772  38.0733 15.12857954 28840
1 47612U 21006EQ  21214.40127301  .00001576  00000-0  93260-4 0  9990
2 47612  97.4904 274.8024 0010182 318.3054  41.7400 15.12862289 28996
1 47612U 21006EQ  21214.59969792  .00001618  00000-0  95627-4 0  9994
2 47612  97.4904 274.9973 0010175 317.4318  42.6123 15.12863254 29025
1 47612U 21006EQ  21215.12883055  .00001679  00000-0  99105-4 0  9993
2 47612  97.4904 275.5169 0010140 315.4153  44.6261 15.12865546 29106
1 47612U 21006EQ  21215.65796329  .00001578  00000-0  93327-4 0  9996
2 47612  97.4904 276.0366 0010106 313.3139  46.7248 15.12866721 29186
1 47612U 21006EQ  21216.12095397  .00001543  00000-0  91345-4 0  9996
2 47612  97.4903 276.4913 0010082 311.6007  48.4359 15.12867974 29256
1 47612U 21006EQ  21216.71622603  .00001753  00000-0  10329-3 0  9992
2 47612  97.4903 277.0759 0010034 309.2779  50.7562 15.12871291 29346
1 47612U 21006EQ  21217.44378079  .00001609  00000-0  95111-4 0  9991
2 47612  97.4902 277.7904 0009999 306.4047  53.6261 15.12872850 29451
1 47612U 21006EQ  21217.90676956  .00001595  00000-0  94267-4 0  9992
2 47612  97.4901 278.2450 0009975 304.4484  55.5804 15.12874242 29528
1 47612U 21006EQ  21218.17133482  .00001470  00000-0  87200-4 0  9995
2 47612  97.4901 278.5048 0009965 303.3921  56.6356 15.12874298 29566
1 47612U 21006EQ  21218.43589946  .00001433  00000-0  85105-4 0  9995
2 47612  97.4901 278.7646 0009952 302.3311  57.6956 15.12874953 29600
1 47612U 21006EQ  21219.16345133  .00001282  00000-0  76510-4 0  9996
2 47612  97.4900 279.4791 0009933 299.3643  60.6595 15.12876582 29715
1 47612U 21006EQ  21219.62643763  .00001581  00000-0  93453-4 0  9994
2 47612  97.4900 279.9338 0009914 297.5071  62.5152 15.12879956 29786
1 47612U 21006EQ  21220.42012884  .00001537  00000-0  90977-4 0  9997
2 47612  97.4899 280.7132 0009872 294.3581  65.6619 15.12882314 29907
1 47612U 21006EQ  21220.61855155  .00001455  00000-0  86330-4 0  9991
2 47612  97.4899 280.9081 0009866 293.5426  66.4768 15.12882522 29932
1 47612U 21006EQ  21221.41224237  .00001312  00000-0  78212-4 0  9993
2 47612  97.4899 281.6874 0009842 290.4172  69.6001 15.12883955 30059
1 47612U 21006EQ  21222.07365027  .00001197  00000-0  71682-4 0  9994
2 47612  97.4899 282.3369 0009832 287.7517  72.2640 15.12885204 30156
1 47612U 21006EQ  21222.40435462  .00001047  00000-0  63139-4 0  9994
2 47612  97.4898 282.6617 0009802 286.4033  73.6120 15.12885076 30201
1 47612U 21006EQ  21223.13190296  .00000917  00000-0  55745-4 0  9997
2 47612  97.4897 283.3761 0009780 283.4695  76.5446 15.12885988 30311
1 47612U 21006EQ  21224.12401225  .00001023  00000-0  61787-4 0  9996
2 47612  97.4896 284.3503 0009769 279.4178  80.5948 15.12888857 30469
1 47612U 21006EQ  21225.11612087  .00001024  00000-0  61799-4 0  9990
2 47612  97.4894 285.3245 0009758 275.4421  84.5697 15.12890886 30613
1 47612U 21006EQ  21225.31454250  .00001074  00000-0  64667-4 0  9990
2 47612  97.4894 285.5194 0009757 274.6677  85.3439 15.12891527 30640
1 47612U 21006EQ  21225.57910452  .00001049  00000-0  63249-4 0  9996
2 47612  97.4894 285.7792 0009767 273.5357  86.4757 15.12891926 30682
1 47612U 21006EQ  21226.43893091  .00000906  00000-0  55149-4 0  9992
2 47612  97.4893 286.6235 0009788 270.0076  90.0033 15.12892701 30811
1 47612U 21006EQ  21226.90191365  .00000941  00000-0  57101-4 0  9998
2 47612  97.4892 287.0781 0009786 268.1646  91.8465 15.12893848 30888
1 47612U 21006EQ  21227.43103607  .00000971  00000-0  58826-4 0  9997
2 47612  97.4892 287.5976 0009829 265.9573  94.0534 15.12895245 30965
1 47612U 21006EQ  21227.76173709  .00001048  00000-0  63204-4 0  9995
2 47612  97.4891 287.9223 0009823 264.6776  95.3334 15.12896583 31013
1 47612U 21006EQ  21228.42313917  .00001140  00000-0  68390-4 0  9990
2 47612  97.4890 288.5718 0009841 261.9904  98.0210 15.12898749 31111
1 47612U 21006EQ  21228.68770005  .00001118  00000-0  67157-4 0  9998
2 47612  97.4890 288.8316 0009859 260.9464  99.0651 15.12899262 31152
1 47612U 21006EQ  21229.08454113  .00001122  00000-0  67357-4 0  9999
2 47612  97.4890 289.2213 0009861 259.3547 100.6574 15.12900221 31218
1 47612U 21006EQ  21229.41524223  .00001047  00000-0  63121-4 0  9997
2 47612  97.4890 289.5460 0009867 258.0175 101.9950 15.12900478 31265
1 47612U 21006EQ  21229.61366275  .00001033  00000-0  62321-4 0  9996
2 47612  97.4890 289.7408 0009881 257.2069 102.8058 15.12900838 31290
1 47612U 21006EQ  21230.14278355  .00001035  00000-0  62437-4 0  9997
2 47612  97.4890 290.2604 0009887 255.0858 104.9278 15.12902041 31377
1 47612U 21006EQ  21230.40734378  .00001049  00000-0  63226-4 0  9990
2 47612  97.4890 290.5201 0009885 254.0046 106.0096 15.12902708 31415
1 47612U 21006EQ  21230.67190393  .00001053  00000-0  63462-4 0  9999
2 47612  97.4890 290.7799 0009876 252.9326 107.0823 15.12903340 31453
1 47612U 21006EQ  21231.39944367  .00001090  00000-0  65564-4 0  9993
2 47612  97.4889 291.4943 0009903 250.0117 110.0048 15.12905142 31565
1 47612U 21006EQ  21231.66400332  .00001151  00000-0  68996-4 0  9992
2 47612  97.4889 291.7540 0009920 248.9585 111.0585 15.12906074 31602
1 47612U 21006EQ  21232.39154246  .00001134  00000-0  68044-4 0  9998
2 47612  97.4888 292.4684 0009937 246.0628 113.9562 15.12907426 31713
1 47612U 21006EQ  21232.58996188  .00001057  00000-0  63684-4 0  9997
2 47612  97.4888 292.6632 0009948 245.2616 114.7581 15.12907496 31748
1 47612U 21006EQ  21233.44977887  .00001209  00000-0  72291-4 0  9991
2 47612  97.4887 293.5074 0010007 241.8874 118.1346 15.12910229 31872
1 47612U 21006EQ  21233.91275596  .00001384  00000-0  82216-4 0  9993
2 47612  97.4885 293.9619 0010012 240.0835 119.9402 15.12912496 31941
1 47612U 21006EQ  21233.97889555  .00001393  00000-0  82700-4 0  9993
2 47612  97.4885 294.0269 0010015 239.8495 120.1744 15.12912729 31958
1 47612U 21006EQ  21234.90485042  .00001344  00000-0  79957-4 0  9996
2 47612  97.4884 294.9360 0010074 236.1656 123.8617 15.12914653 32095
1 47612U 21006EQ  21235.43396717  .00001270  00000-0  75728-4 0  9995
2 47612  97.4884 295.4555 0010117 234.2006 125.8286 15.12915459 32171
1 47612U 21006EQ  21235.89694357  .00001215  00000-0  72612-4 0  9994
2 47612  97.4882 295.9100 0010175 232.3939 127.6369 15.12916375 32246
1 47612U 21006EQ  21236.42605983  .00001233  00000-0  73623-4 0  9994
2 47612  97.4882 296.4295 0010196 230.2980 129.7353 15.12917624 32326
1 47612U 21006EQ  21236.75675710  .00001148  00000-0  68803-4 0  9994
2 47612  97.4881 296.7542 0010233 229.0430 130.9916 15.12917965 32373
1 47612U 21006EQ  21236.88903612  .00000876  00000-0  53364-4 0  9996
2 47612  97.4881 296.8840 0010249 228.4699 131.5654 15.12916783 32397
1 47612U 21006EQ  21237.41815068  .00001232  00000-0  73569-4 0  9999
2 47612  97.4881 297.4035 0010288 226.5171 133.5205 15.12920115 32474
1 47612U 21006EQ  21237.88112543  .00001247  00000-0  74435-4 0  9997
2 47612  97.4879 297.8581 0010308 224.6617 135.3785 15.12921525 32545
1 47612U 21006EQ  21238.07954298  .00001283  00000-0  76433-4 0  9990
2 47612  97.4879 298.0529 0010317 223.8829 136.1583 15.12922321 32579
1 47612U 21006EQ  21238.41023910  .00001405  00000-0  83354-4 0  9992
2 47612  97.4879 298.3776 0010350 222.6668 137.3760 15.12923810 32621
1 47612U 21006EQ  21238.74093488  .00001404  00000-0  83287-4 0  9999
2 47612  97.4879 298.7022 0010389 221.4901 138.5542 15.12924711 32675
1 47612U 21006EQ  21239.40232704  .00001378  00000-0  81822-4 0  9992
2 47612  97.4878 299.3515 0010428 218.8732 141.1750 15.12925971 32775
1 47612U 21006EQ  21239.73302263  .00001367  00000-0  81227-4 0  9993
2 47612  97.4878 299.6762 0010462 217.6813 142.3686 15.12926665 32825
1 47612U 21006EQ  21240.39440822  .00002639  00000-0  15327-3 0  9991
2 47612  97.4878 300.3255 0010513 215.2995 144.7541 15.12936529 32921
1 47612U 21006EQ  21240.72510031  .00003564  00000-0  20567-3 0  9998
2 47612  97.4877 300.6502 0010496 213.9809 146.0751 15.12943154 32972
1 47612U 21006EQ  21240.79123880  .00003443  00000-0  19881-3 0  9990
2 47612  97.4876 300.7152 0010521 213.7908 146.2654 15.12942759 32985
1 47612U 21006EQ  21241.45262652  .00006310  00000-0  36108-3 0  9992
2 47612  97.4873 301.3645 0010596 211.3045 148.7556 15.12950454 33085
1 47612U 21006EQ  21241.78331844  .00007313  00000-0  41783-3 0  9997
2 47612  97.4872 301.6892 0010659 210.1737 149.8881 15.12953275 33139
1 47612U 21006EQ  21241.91559505  .00007085  00000-0  40488-3 0  9995
2 47612  97.4871 301.8190 0010667 209.6761 150.3866 15.12953710 33156
1 47612U 21006EQ  21242.51083756  .00006763  00000-0  38663-3 0  9996
2 47612  97.4873 302.4032 0010701 207.4406 152.6261 15.12958665 33249
1 47612U 21006EQ  21242.84152895  .00003928  00000-0  22619-3 0  9997
2 47612  97.4873 302.7279 0010729 206.0927 153.9765 15.12953702 33293
1 47612U 21006EQ  21243.17221923  .00002902  00000-0  16810-3 0  9990
2 47612  97.4873 303.0526 0010761 204.8068 155.2647 15.12953214 33348
1 47612U 21006EQ  21243.76746185  .00001973  00000-0  11550-3 0  9990
2 47612  97.4873 303.6369 0010832 202.7035 157.3718 15.12952450 33432
1 47612U 21006EQ  21244.16428933  .00001659  00000-0  97692-4 0  9996
2 47612  97.4873 304.0265 0010886 201.3503 158.7275 15.12953249 33492
1 47612U 21006EQ  21244.75953019  .00001281  00000-0  76268-4 0  9996
2 47612  97.4873 304.6108 0010942 199.1954 160.8867 15.12954186 33583
1 47612U 21006EQ  21244.82566953  .00002168  00000-0  12651-3 0  9991
2 47612  97.4871 304.6758 0010896 199.2226 160.8595 15.12955181 33598
1 47612U 21006EQ  21245.42090830  .00000947  00000-0  57326-4 0  9996
2 47612  97.4874 305.2601 0011035 196.9138 163.1727 15.12954966 33680
1 47612U 21006EQ  21245.81773425  .00001272  00000-0  75728-4 0  9995
2 47612  97.4873 305.6496 0011028 195.4615 164.6281 15.12957349 33747
1 47612U 21006EQ  21246.14842283  .00001090  00000-0  65451-4 0  9991
2 47612  97.4873 305.9743 0011057 194.3103 165.7816 15.12957654 33797
1 47612U 21006EQ  21246.47911190  .00001541  00000-0  90982-4 0  9999
2 47612  97.4870 306.2990 0011080 193.4012 166.6927 15.12959542 33844
1 47612U 21006EQ  21246.94207505  .00001344  00000-0  79839-4 0  9998
2 47612  97.4870 306.7534 0011134 191.6870 168.4104 15.12960232 33918
1 47612U 21006EQ  21247.47117645  .00001291  00000-0  76778-4 0  9992
2 47612  97.4870 307.2728 0011185 189.7959 170.3056 15.12961231 33997
1 47612U 21006EQ  21248.39710214  .00001290  00000-0  76764-4 0  9999
2 47612  97.4869 308.1818 0011275 186.4901 173.6186 15.12963455 34133
1 47612U 21006EQ  21248.46323945  .00001340  00000-0  79600-4 0  9996
2 47612  97.4869 308.2467 0011281 186.2561 173.8531 15.12963932 34148
1 47612U 21006EQ  21248.59551438  .00001336  00000-0  79358-4 0  9995
2 47612  97.4868 308.3765 0011294 185.7871 174.3231 15.12964253 34163
1 47612U 21006EQ  21249.12461397  .00001286  00000-0  76501-4 0  9990
2 47612  97.4867 308.8959 0011343 183.9341 176.1803 15.12965225 34243
1 47612U 21006EQ  21249.85212535  .00001240  00000-0  73922-4 0  9992
2 47612  97.4866 309.6101 0011414 181.4124 178.7077 15.12966640 34356
1 47612U 21006EQ  21250.44736127  .00001150  00000-0  68776-4 0  9998
2 47612  97.4865 310.1943 0011476 179.4426 180.6820 15.12967625 34448
1 47612U 21006EQ  21250.91032191  .00001126  00000-0  67460-4 0  9992
2 47612  97.4863 310.6488 0011524 177.8949 182.2333 15.12968591 34519
1 47612U 21006EQ  21250.97645909  .00001133  00000-0  67854-4 0  9990
2 47612  97.4863 310.7137 0011531 177.6705 182.4582 15.12968796 34523
1 47612U 21006EQ  21251.43941834  .00001396  00000-0  82711-4 0  9998
2 47612  97.4863 311.1681 0011577 176.2088 183.9233 15.12971623 34590
1 47612U 21006EQ  21251.77010355  .00001373  00000-0  81422-4 0  9993
2 47612  97.4862 311.4928 0011612 175.1284 185.0062 15.12972485 34648
1 47612U 21006EQ  21252.10078846  .00001485  00000-0  87750-4 0  9994
2 47612  97.4861 311.8173 0011636 174.0188 186.1184 15.12974069 34692
1 47612U 21006EQ  21252.76215715  .00001529  00000-0  90239-4 0  9999
2 47612  97.4860 312.4665 0011692 171.8467 188.2956 15.12976532 34799
1 47612U 21006EQ  21253.15897776  .00001773  00000-0  10404-3 0  9992
2 47612  97.4859 312.8560 0011724 170.5846 189.5607 15.12979251 34853
1 47612U 21006EQ  21253.68807084  .00001890  00000-0  11067-3 0  9999
2 47612  97.4859 313.3753 0011774 168.8059 191.3437 15.12982040 34935
1 47612U 21006EQ  21253.88648099  .00001922  00000-0  11246-3 0  9995
2 47612  97.4858 313.5701 0011787 168.1124 192.0387 15.12982821 34961
1 47612U 21006EQ  21254.41557318  .00002061  00000-0  12034-3 0  9999
2 47612  97.4858 314.0895 0011850 166.3149 193.8406 15.12985782 35049
1 47612U 21006EQ  21254.74625642  .00001884  00000-0  11028-3 0  9995
2 47612  97.4857 314.4140 0011875 165.2536 194.9044 15.12985914 35092
1 47612U 21006EQ  21255.40762183  .00001724  00000-0  10125-3 0  9991
2 47612  97.4857 315.0632 0011945 162.9806 197.1828 15.12987304 35198
1 47612U 21006EQ  21255.93671286  .00001597  00000-0  94038-4 0  9996
2 47612  97.4856 315.5826 0011999 161.2931 198.8744 15.12988727 35271
1 47612U 21006EQ  21256.39966779  .00001455  00000-0  86017-4 0  9992
2 47612  97.4855 316.0370 0012042 159.6768 200.4944 15.12989393 35349
1 47612U 21006EQ  21256.79648536  .00001473  00000-0  87012-4 0  9990
2 47612  97.4855 316.4264 0012076 158.4112 201.7631 15.12990833 35407
1 47612U 21006EQ  21257.12716674  .00001403  00000-0  83064-4 0  9993
2 47612  97.4854 316.7510 0012107 157.2915 202.8854 15.12991488 35457
1 47612U 21006EQ  21257.39171186  .00001356  00000-0  80394-4 0  9995
2 47612  97.4854 317.0107 0012136 156.4066 203.7724 15.12991942 35498
1 47612U 21006EQ  21258.44989070  .00001187  00000-0  70828-4 0  9994
2 47612  97.4852 318.0492 0012243 152.9903 207.1968 15.12993923 35651
1 47612U 21006EQ  21258.91284358  .00001125  00000-0  67320-4 0  9998
2 47612  97.4851 318.5036 0012291 151.5740 208.6164 15.12994661 35728
1 47612U 21006EQ  21259.11125172  .00001075  00000-0  64479-4 0  9995
2 47612  97.4851 318.6983 0012290 151.0009 209.1907 15.12994926 35750
1 47612U 21006EQ  21260.10329207  .00001014  00000-0  61040-4 0  9995
2 47612  97.4850 319.6719 0012363 147.8973 212.3013 15.12996907 35903
1 47612U 21006EQ  21260.43397208  .00000969  00000-0  58492-4 0  9992
2 47612  97.4850 319.9964 0012391 146.8661 213.3349 15.12997360 35954
1 47612U 21006EQ  21261.42601009  .00000958  00000-0  57869-4 0  9994
2 47612  97.4849 320.9701 0012461 143.7827 216.4250 15.12999753 36102
1 47612U 21006EQ  21262.41804757  .00000724  00000-0  44622-4 0  9993
2 47612  97.4848 321.9436 0012541 140.6805 219.5339 15.13000663 36250
1 47612U 21006EQ  21262.88099755  .00000820  00000-0  50040-4 0  9996
2 47612  97.4847 322.3980 0012574 139.2172 221.0003 15.13002276 36321
1 47612U 21006EQ  21262.94713329  .00000817  00000-0  49866-4 0  9993
2 47612  97.4847 322.4629 0012579 139.0100 221.2079 15.13002396 36335
1 47612U 21006EQ  21263.47621904  .00000839  00000-0  51108-4 0  9995
2 47612  97.4847 322.9821 0012618 137.3546 222.8667 15.13003570 36417
1 47612U 21006EQ  21263.74076185  .00000828  00000-0  50505-4 0  9998
2 47612  97.4846 323.2417 0012640 136.5140 223.7090 15.13004015 36456
1 47612U 21006EQ  21264.13757578  .00000899  00000-0  54485-4 0  9993
2 47612  97.4845 323.6311 0012662 135.2761 224.9493 15.13005127 36513
1 47612U 21006EQ  21265.39415141  .00001121  00000-0  67054-4 0  9994
2 47612  97.4843 324.8643 0012746 131.3301 228.9029 15.13008682 36701
1 47612U 21006EQ  21266.38618298  .00001246  00000-0  74126-4 0  9998
2 47612  97.4841 325.8378 0012799 128.2414 231.9971 15.13011304 36854
1 47612U 21006EQ  21266.71685940  .00001327  00000-0  78684-4 0  9996
2 47612  97.4840 326.1623 0012812 127.2292 233.0110 15.13012556 36903
1 47612U 21006EQ  21267.44434793  .00001222  00000-0  72758-4 0  9995
2 47612  97.4838 326.8762 0012849 124.9952 235.2487 15.13013498 37018
1 47612U 21006EQ  21267.70888867  .00001441  00000-0  85131-4 0  9991
2 47612  97.4837 327.1358 0012855 124.1828 236.0624 15.13015336 37052
1 47612U 21006EQ  21268.10569993  .00001490  00000-0  87897-4 0  9997
2 47612  97.4836 327.5252 0012866 122.9682 237.2788 15.13016488 37114
1 47612U 21006EQ  21268.43637540  .00001516  00000-0  89388-4 0  9993
2 47612  97.4836 327.8497 0012878 121.9793 238.2692 15.13017517 37167
1 47612U 21006EQ  21269.16386090  .00001578  00000-0  92842-4 0  9992
2 47612  97.4834 328.5635 0012896 119.7826 240.4690 15.13019837 37271
1 47612U 21006EQ  21269.62680550  .00001599  00000-0  94026-4 0  9990
2 47612  97.4834 329.0178 0012914 118.3795 241.8740 15.13021348 37349
1 47612U 21006EQ  21270.42042388  .00001549  00000-0  91193-4 0  9998
2 47612  97.4833 329.7965 0012937 115.9709 244.2857 15.13023525 37460
1 47612U 21006EQ  21270.61882863  .00001173  00000-0  69979-4 0  9999
2 47612  97.4833 329.9912 0012948 115.4038 244.8535 15.13022076 37498
1 47612U 21006EQ  21271.54471436  .00001535  00000-0  90403-4 0  9990
2 47612  97.4832 330.8997 0012989 112.5251 247.7356 15.13027042 37638
1 47612U 21006EQ  21271.74311826  .00001527  00000-0  89933-4 0  9995
2 47612  97.4832 331.0944 0012994 111.9079 248.3535 15.13027634 37666
1 47612U 21006EQ  21272.40446450  .00001548  00000-0  91122-4 0  9997
2 47612  97.4831 331.7433 0013021 109.8858 250.3777 15.13029640 37769
1 47612U 21006EQ  21273.13194373  .00001589  00000-0  93469-4 0  9993
2 47612  97.4830 332.4571 0013040 107.6337 252.6320 15.13032088 37879
1 47612U 21006EQ  21273.52875040  .00001677  00000-0  98398-4 0  9997
2 47612  97.4830 332.8465 0013054 106.4288 253.8379 15.13033665 37938
1 47612U 21006EQ  21274.45462986  .00001812  00000-0  10603-3 0  9994
2 47612  97.4829 333.7549 0013080 103.6033 256.6655 15.13037455 38070
1 47612U 21006EQ  21274.52076422  .00001805  00000-0  10564-3 0  9996
2 47612  97.4829 333.8198 0013082 103.4034 256.8656 15.13037553 38085
1 47612U 21006EQ  21274.85143505  .00001791  00000-0  10484-3 0  9994
2 47612  97.4828 334.1442 0013087 102.3993 257.8704 15.13038526 38139
1 47612U 21006EQ  21275.18210630  .00001550  00000-0  91219-4 0  9994
2 47612  97.4828 334.4687 0013089 101.4260 258.8442 15.13038151 38181
1 47612U 21006EQ  21275.71117823  .00001700  00000-0  99687-4 0  9997
2 47612  97.4827 334.9877 0013095  99.8148 260.4562 15.13040797 38268
1 47612U 21006EQ  21276.57091929  .00001639  00000-0  96259-4 0  9993
2 47612  97.4826 335.8312 0013093  97.2388 263.0332 15.13043477 38393
1 47612U 21006EQ  21276.83545458  .00001649  00000-0  96779-4 0  9991
2 47612  97.4825 336.0908 0013079  96.4133 263.8588 15.13044473 38432
1 47612U 21006EQ  21277.09998973  .00001617  00000-0  94987-4 0  9998
2 47612  97.4825 336.3503 0013073  95.6111 264.6611 15.13045292 38477
1 47612U 21006EQ  21277.49679229  .00001656  00000-0  97171-4 0  9993
2 47612  97.4824 336.7396 0013069  94.4470 265.8254 15.13046869 38534
1 47612U 21006EQ  21277.89359447  .00001573  00000-0  92513-4 0  9997
2 47612  97.4823 337.1289 0013060  93.2372 267.0353 15.13047880 38592
1 47612U 21006EQ  21278.42266344  .00001512  00000-0  89063-4 0  9999
2 47612  97.4823 337.6480 0013054  91.6509 268.6217 15.13049539 38675
1 47612U 21006EQ  21279.41466653  .00001340  00000-0  79345-4 0  9995
2 47612  97.4821 338.6213 0013044  88.6637 271.6088 15.13052002 38821
1 47612U 21006EQ  21279.74533357  .00001335  00000-0  79074-4 0  9990
2 47612  97.4821 338.9457 0013044  87.6653 272.6071 15.13053174 38870
1 47612U 21006EQ  21279.87760020  .00001348  00000-0  79787-4 0  9998
2 47612  97.4820 339.0755 0013045  87.2677 273.0047 15.13053740 38894
1 47612U 21006EQ  21280.53893346  .00001414  00000-0  83516-4 0  9990
2 47612  97.4819 339.7243 0013043  85.2703 275.0017 15.13056331 38996
1 47612U 21006EQ  21280.93573291  .00001440  00000-0  84986-4 0  9999
2 47612  97.4818 340.1136 0013037  84.0449 276.2268 15.13057705 39054
1 47612U 21006EQ  21281.20026619  .00001461  00000-0  86140-4 0  9994
2 47612  97.4818 340.3731 0013035  83.2328 277.0386 15.13058529 39091
1 47612U 21006EQ  21281.53093209  .00001453  00000-0  85708-4 0  9999
2 47612  97.4818 340.6975 0013036  82.2481 278.0230 15.13059468 39142
1 47612U 21006EQ  21281.79546463  .00001441  00000-0  85045-4 0  9993
2 47612  97.4817 340.9570 0013035  81.4453 278.8254 15.13060210 39189
1 47612U 21006EQ  21282.19226348  .00001457  00000-0  85946-4 0  9992
2 47612  97.4816 341.3463 0013026  80.2228 280.0474 15.13061409 39248
1 47612U 21006EQ  21282.45679572  .00001477  00000-0  87032-4 0  9992
2 47612  97.4816 341.6058 0013023  79.4295 280.8402 15.13062246 39285
1 47612U 21006EQ  21282.72132768  .00001518  00000-0  89370-4 0  9996
2 47612  97.4815 341.8653 0013014  78.6111 281.6582 15.13063249 39322
1 47612U 21006EQ  21283.51492332  .00001659  00000-0  97312-4 0  9991
2 47612  97.4813 342.6439 0012994  76.1975 284.0701 15.13066241 39446
1 47612U 21006EQ  21283.71332188  .00001664  00000-0  97586-4 0  9994
2 47612  97.4813 342.8385 0012985  75.5814 284.6858 15.13066880 39474
1 47612U 21006EQ  21283.91172014  .00001715  00000-0  10044-3 0  9996
2 47612  97.4812 343.0331 0012976  74.9672 285.2995 15.13067811 39500
1 47612U 21006EQ  21284.11011850  .00001712  00000-0  10027-3 0  9997
2 47612  97.4812 343.2277 0012967  74.3683 285.8978 15.13068427 39531
1 47612U 21006EQ  21284.90371113  .00001700  00000-0  99593-4 0  9998
2 47612  97.4810 344.0062 0012930  71.9467 288.3172 15.13070891 39658
1 47612U 21006EQ  21285.16824058  .00002036  00000-0  11855-3 0  9995
2 47612  97.4810 344.2657 0012898  71.0643 289.1985 15.13073743 39694
1 47612U 21006EQ  21285.43277003  .00002188  00000-0  12712-3 0  9998
2 47612  97.4810 344.5252 0012874  70.2505 290.0113 15.13075636 39732
1 47612U 21006EQ  21286.42475178  .00003534  00000-0  20300-3 0  9999
2 47612  97.4809 345.4982 0012940  67.5569 292.7032 15.13086629 39882
1 47612U 21006EQ  21286.55701588  .00003087  00000-0  17780-3 0  9991
2 47612  97.4810 345.6279 0012908  67.1682 293.0911 15.13086466 39903
1 47612U 21006EQ  21287.41673032  .00001976  00000-0  11511-3 0  9990
2 47612  97.4809 346.4712 0012868  64.6059 295.6503 15.13089371 40036
1 47612U 21006EQ  21287.54899393  .00001941  00000-0  11315-3 0  9998
2 47612  97.4809 346.6010 0012835  64.0921 296.1631 15.13090016 40053
1 47612U 21006EQ  21287.87965322  .00002133  00000-0  12399-3 0  9997
2 47612  97.4808 346.9254 0012788  62.9403 297.3131 15.13090844 40107
1 47612U 21006EQ  21288.14418056  .00001849  00000-0  10798-3 0  9999
2 47612  97.4808 347.1849 0012796  62.1711 298.0815 15.13091188 40146
1 47612U 21006EQ  21288.73936591  .00001606  00000-0  94231-4 0  9999
2 47612  97.4809 347.7687 0012715  60.1625 300.0868 15.13092840 40234
1 47612U 21006EQ  21289.13615619  .00001417  00000-0  83574-4 0  9997
2 47612  97.4808 348.1579 0012696  58.9381 301.3095 15.13093360 40290
1 47612U 21006EQ  21289.40068297  .00001405  00000-0  82933-4 0  9996
2 47612  97.4809 348.4174 0012682  58.1415 302.1048 15.13093905 40337
1 47612U 21006EQ  21290.12813094  .00001379  00000-0  81427-4 0  9997
2 47612  97.4808 349.1311 0012669  55.9197 304.3234 15.13095386 40442
1 47612U 21006EQ  21291.45075870  .00001614  00000-0  94675-4 0  9997
2 47612  97.4803 350.4285 0012590  51.7682 308.4681 15.13101141 40648
1 47612U 21006EQ  21291.64915271  .00001564  00000-0  91871-4 0  9995
2 47612  97.4802 350.6231 0012576  51.1828 309.0524 15.13101485 40677
1 47612U 21006EQ  21292.44272760  .00001530  00000-0  89964-4 0  9996
2 47612  97.4800 351.4015 0012517  48.6987 311.5320 15.13103692 40793
1 47612U 21006EQ  21292.70725235  .00001293  00000-0  76601-4 0  9995
2 47612  97.4799 351.6609 0012495  47.8989 312.3302 15.13103235 40836
1 47612U 21006EQ  21293.43469319  .00001605  00000-0  94171-4 0  9993
2 47612  97.4799 352.3745 0012440  45.4530 314.7715 15.13107457 40947
1 47612U 21006EQ  21293.69921639  .00001703  00000-0  99686-4 0  9994
2 47612  97.4798 352.6340 0012421  44.8691 315.3542 15.13109089 40982
1 47612U 21006EQ  21294.16213173  .00001857  00000-0  10840-3 0  9998
2 47612  97.4797 353.0881 0012372  43.1978 317.0222 15.13111793 41059
1 47612U 21006EQ  21294.42665512  .00001824  00000-0  10649-3 0  9996
2 47612  97.4797 353.3475 0012350  42.3734 317.8448 15.13112479 41092
1 47612U 21006EQ  21295.41861588  .00001722  00000-0  10078-3 0  9990
2 47612  97.4795 354.3205 0012265  39.1731 321.0386 15.13115667 41245
1 47612U 21006EQ  21295.68313868  .00001653  00000-0  96868-4 0  9997
2 47612  97.4795 354.5800 0012230  38.2549 321.9548 15.13116208 41282
1 47612U 21006EQ  21296.14605279  .00001601  00000-0  93953-4 0  9994
2 47612  97.4793 355.0341 0012197  36.8365 323.3702 15.13117653 41359
1 47612U 21006EQ  21296.67509737  .00001514  00000-0  89003-4 0  9998
2 47612  97.4792 355.5529 0012152  35.1520 325.0511 15.13118943 41436
1 47612U 21006EQ  21297.13801068  .00001476  00000-0  86898-4 0  9998
2 47612  97.4791 356.0069 0012116  33.6311 326.5686 15.13120280 41505
1 47612U 21006EQ  21297.73318447  .00001448  00000-0  85311-4 0  9996
2 47612  97.4791 356.5907 0012066  31.6882 328.5073 15.13122025 41596
1 47612U 21006EQ  21298.12996676  .00001400  00000-0  82588-4 0  9997
2 47612  97.4790 356.9799 0012042  30.4847 329.7081 15.13122943 41658
1 47612U 21006EQ  21299.12192078  .00001477  00000-0  86910-4 0  9999
2 47612  97.4787 357.9527 0011953  27.2152 332.9703 15.13126163 41809
1 47612U 21006EQ  21299.45257198  .00001605  00000-0  94145-4 0  9992
2 47612  97.4787 358.2770 0011933  26.1136 334.0694 15.13127620 41857
1 47612U 21006EQ  21300.18000336  .00001624  00000-0  95223-4 0  9994
2 47612  97.4785 358.9904 0011864  23.7609 336.4168 15.13129640 41960
1 47612U 21006EQ  21301.43647280  .00001831  00000-0  10685-3 0  9996
2 47612  97.4784   0.2227 0011741  19.5473 340.6206 15.13134329 42152
1 47612U 21006EQ  21301.70099213  .00001858  00000-0  10836-3 0  9990
2 47612  97.4784   0.4821 0011714  18.6313 341.5344 15.13135327 42193
1 47612U 21006EQ  21302.16390090  .00002282  00000-0  13225-3 0  9995
2 47612  97.4783   0.9360 0011673  17.0213 343.1407 15.13138972 42266
1 47612U 21006EQ  21302.56067863  .00002432  00000-0  14070-3 0  9994
2 47612  97.4783   1.3251 0011636  15.7068 344.4522 15.13141304 42324
1 47612U 21006EQ  21302.69293770  .00002495  00000-0  14425-3 0  9999
2 47612  97.4783   1.4549 0011626  15.2470 344.9109 15.13142196 42344
1 47612U 21006EQ  21303.42036304  .00002443  00000-0  14132-3 0  9997
2 47612  97.4782   2.1682 0011549  12.7523 347.3998 15.13144603 42454
1 47612U 21006EQ  21303.75101017  .00002331  00000-0  13500-3 0  9991
2 47612  97.4781   2.4925 0011522  11.6163 348.5332 15.13145375 42503
1 47612U 21006EQ  21304.41229950  .00002897  00000-0  16684-3 0  9995
2 47612  97.4781   3.1409 0011472   9.4799 350.6647 15.13152470 42600
1 47612U 21006EQ  21305.00746073  .00003826  00000-0  21917-3 0  9999
2 47612  97.4786   3.7246 0011409   7.0531 353.0858 15.13157572 42696
1 47612U 21006EQ  21305.40423342  .00003844  00000-0  22015-3 0  9994
2 47612  97.4782   4.1137 0011359   6.4862 353.6514 15.13160501 42758
1 47612U 21006EQ  21305.60261975  .00003645  00000-0  20892-3 0  9998
2 47612  97.4783   4.3083 0011325   5.2665 354.8684 15.13161213 42787
1 47612U 21006EQ  21306.13164878  .00004051  00000-0  23174-3 0  9999
2 47612  97.4782   4.8271 0011252   3.6034 356.5276 15.13165725 42868
1 47612U 21006EQ  21306.59454843  .00004487  00000-0  25626-3 0  9990
2 47612  97.4782   5.2811 0011195   1.8585 358.2685 15.13169459 42939
1 47612U 21006EQ  21307.38808927  .00004809  00000-0  27439-3 0  9996
2 47612  97.4781   6.0596 0011132 359.2651   0.8562 15.13174067 43051
1 47612U 21006EQ  21308.44613504  .00005451  00000-0  31036-3 0  9991
2 47612  97.4778   7.0973 0011059 355.6368   4.4765 15.13186289 43212
1 47612U 21006EQ  21308.57838617  .00009619  00000-0  54437-3 0  9999
2 47612  97.4777   7.2269 0011027 355.1914   4.9209 15.13202402 43234
1 47612U 21006EQ  21309.10741456  .00003664  00000-0  20988-3 0  9991
2 47612  97.4775   7.7457 0010967 353.3447   6.7636 15.13184380 43316
1 47612U 21006EQ  21309.43805281  .00003268  00000-0  18761-3 0  9990
2 47612  97.4774   8.0699 0010931 352.1789   7.9270 15.13185413 43364
1 47612U 21006EQ  21309.90094520  .00002958  00000-0  17017-3 0  9996
2 47612  97.4773   8.5238 0010907 350.4775   9.6248 15.13187872 43439
1 47612U 21006EQ  21310.16545459  .00002771  00000-0  15965-3 0  9991
2 47612  97.4772   8.7832 0010885 349.4641  10.6361 15.13189353 43473
1 47612U 21006EQ  21310.42996385  .00002568  00000-0  14819-3 0  9999
2 47612  97.4771   9.0425 0010863 348.5162  11.5820 15.13190598 43516
1 47612U 21006EQ  21311.42187169  .00001804  00000-0  10519-3 0  9997
2 47612  97.4768  10.0152 0010769 345.0012  15.0899 15.13194775 43664
1 47612U 21006EQ  21311.62025289  .00001606  00000-0  94023-4 0  9996
2 47612  97.4767  10.2097 0010754 344.2952  15.7944 15.13195423 43693
1 47612U 21006EQ  21312.41377729  .00001265  00000-0  74842-4 0  9991
2 47612  97.4765  10.9878 0010685 341.3826  18.7013 15.13197999 43810
1 47612U 21006EQ  21312.54603127  .00001219  00000-0  72278-4 0  9999
2 47612  97.4765  11.1175 0010674 340.8854  19.1975 15.13198386 43831
1 47612U 21006EQ  21313.14117404  .00001190  00000-0  70621-4 0  9992
2 47612  97.4764  11.7010 0010624 338.6935  21.3852 15.13200115 43927
1 47612U 21006EQ  21313.60406270  .00001180  00000-0  70039-4 0  9997
2 47612  97.4764  12.1548 0010582 336.9687  23.1068 15.13201247 43999
1 47612U 21006EQ  21313.93469722  .00001219  00000-0  72264-4 0  9999
2 47612  97.4763  12.4790 0010550 335.7724  24.3009 15.13202073 44047
1 47612U 21006EQ  21314.39758509  .00001468  00000-0  86257-4 0  9997
2 47612  97.4763  12.9329 0010513 334.0643  26.0060 15.13203999 44113
1 47612U 21006EQ  21315.12497978  .00001341  00000-0  79137-4 0  9998
2 47612  97.4765  13.6462 0010487 331.3417  28.7237 15.13205527 44226
1 47612U 21006EQ  21315.72011974  .00001311  00000-0  77416-4 0  9997
2 47612  97.4765  14.2297 0010427 329.1316  30.9301 15.13207244 44311
1 47612U 21006EQ  21316.11687925  .00001277  00000-0  75498-4 0  9995
2 47612  97.4764  14.6188 0010403 327.6165  32.4427 15.13208258 44370
1 47612U 21006EQ  21316.91039798  .00001126  00000-0  67023-4 0  9990
2 47612  97.4763  15.3969 0010338 324.5796  35.4747 15.13209611 44492
1 47612U 21006EQ  21317.10877754  .00001106  00000-0  65912-4 0  9997
2 47612  97.4763  15.5914 0010326 323.8299  36.2233 15.13210031 44522
1 47612U 21006EQ  21317.57166278  .00001152  00000-0  68473-4 0  9996
2 47612  97.4762  16.0453 0010293 322.0206  38.0299 15.13211527 44597
1 47612U 21006EQ  21317.90229505  .00001042  00000-0  62258-4 0  9999
2 47612  97.4762  16.3694 0010271 320.7256  39.3230 15.13211750 44646
1 47612U 21006EQ  21318.43130623  .00001136  00000-0  67572-4 0  9998
2 47612  97.4762  16.8881 0010240 318.6815  41.3641 15.13213598 44722
1 47612U 21006EQ  21318.56355889  .00001114  00000-0  66339-4 0  9991
2 47612  97.4762  17.0178 0010230 318.1478  41.8970 15.13213864 44741
1 47612U 21006EQ  21318.62968522  .00001111  00000-0  66155-4 0  9995
2 47612  97.4761  17.0826 0010226 317.8905  42.1540 15.13214031 44751
1 47612U 21006EQ  21319.55545361  .00001124  00000-0  66890-4 0  9990
2 47612  97.4761  17.9904 0010168 314.2849  45.7547 15.13216435 44891
1 47612U 21006EQ  21319.88608470  .00001099  00000-0  65501-4 0  9996
2 47612  97.4760  18.3146 0010153 312.9933  47.0447 15.13217183 44947
1 47612U 21006EQ  21320.34896744  .00001252  00000-0  74062-4 0  9995
2 47612  97.4760  18.7684 0010124 311.2191  48.8167 15.13219408 45013
1 47612U 21006EQ  21320.74572452  .00001184  00000-0  70251-4 0  9996
2 47612  97.4759  19.1575 0010097 309.6879  50.3461 15.13220021 45072
1 47612U 21006EQ  21321.14248091  .00001162  00000-0  69045-4 0  9995
2 47612  97.4759  19.5465 0010098 308.1113  51.9207 15.13220983 45139
1 47612U 21006EQ  21321.67148799  .00001332  00000-0  78551-4 0  9998
2 47612  97.4758  20.0652 0010040 306.1315  53.8986 15.13223676 45218
1 47612U 21006EQ  21322.39887270  .00001402  00000-0  82518-4 0  9998
2 47612  97.4757  20.7784 0010002 303.2808  56.7465 15.13226174 45325
1 47612U 21006EQ  21323.39076044  .00001444  00000-0  84867-4 0  9993
2 47612  97.4755  21.7509 0009954 299.4217  60.6021 15.13228948 45472
1 47612U 21006EQ  21323.58913770  .00001463  00000-0  85959-4 0  9994
2 47612  97.4755  21.9454 0009949 298.6340  61.3890 15.13229601 45508
1 47612U 21006EQ  21324.05201773  .00001309  00000-0  77289-4 0  9996
2 47612  97.4753  22.3993 0009937 296.7995  63.2219 15.13230027 45578
1 47612U 21006EQ  21324.44877168  .00001421  00000-0  83565-4 0  9995
2 47612  97.4753  22.7883 0009918 295.2424  64.7778 15.13231731 45636
1 47612U 21006EQ  21324.58102289  .00001416  00000-0  83272-4 0  9994
2 47612  97.4752  22.9180 0009905 294.7010  65.3189 15.13232112 45657
1 47612U 21006EQ  21325.44065498  .00001360  00000-0  80151-4 0  9991
2 47612  97.4750  23.7608 0009896 291.2917  68.7257 15.13234341 45789
1 47612U 21006EQ  21325.63903152  .00001347  00000-0  79389-4 0  9996
2 47612  97.4750  23.9553 0009892 290.4485  69.5684 15.13234849 45817
1 47612U 21006EQ  21326.16803496  .00001422  00000-0  83609-4 0  9999
2 47612  97.4749  24.4739 0009890 288.3670  71.6485 15.13236841 45892
1 47612U 21006EQ  21326.89541484  .00001183  00000-0  70175-4 0  9993
2 47612  97.4748  25.1870 0009889 285.4545  74.5593 15.13237462 46008
1 47612U 21006EQ  21327.15991631  .00001156  00000-0  68648-4 0  9998
2 47612  97.4747  25.4463 0009888 284.4081  75.6053 15.13238033 46043
1 47612U 21006EQ  21327.55666825  .00001167  00000-0  69264-4 0  9993
2 47612  97.4747  25.8353 0009884 282.7819  77.2308 15.13239171 46103
1 47612U 21006EQ  21328.41629689  .00001097  00000-0  65335-4 0  9993
2 47612  97.4746  26.6780 0009852 279.2704  80.7413 15.13241011 46230
1 47612U 21006EQ  21329.40817475  .00001078  00000-0  64267-4 0  9997
2 47612  97.4746  27.6505 0009862 275.3457  84.6649 15.13243372 46381
1 47612U 21006EQ  21330.40005096  .00001257  00000-0  74318-4 0  9994
2 47612  97.4745  28.6229 0009834 271.3582  88.6522 15.13246771 46535
1 47612U 21006EQ  21330.92905086  .00001137  00000-0  67581-4 0  9990
2 47612  97.4744  29.1415 0009831 269.2291  90.7814 15.13247432 46619
1 47612U 21006EQ  21331.39192570  .00001315  00000-0  77584-4 0  9990
2 47612  97.4744  29.5953 0009829 267.3971  92.6135 15.13249409 46681
1 47612U 21006EQ  21331.85479977  .00001251  00000-0  73974-4 0  9998
2 47612  97.4743  30.0490 0009831 265.5555  94.4553 15.13250226 46755
1 47612U 21006EQ  21332.05317436  .00001253  00000-0  74094-4 0  9998
2 47612  97.4743  30.2435 0009837 264.7725  95.2384 15.13250713 46787
1 47612U 21006EQ  21332.44992293  .00001441  00000-0  84670-4 0  9991
2 47612  97.4743  30.6325 0009840 263.2084  96.8027 15.13252793 46843
1 47612U 21006EQ  21332.58217244  .00001427  00000-0  83861-4 0  9997
2 47612  97.4742  30.7621 0009841 262.6659  97.3454 15.13253080 46866
1 47612U 21006EQ  21333.11117063  .00001335  00000-0  78679-4 0  9994
2 47612  97.4742  31.2807 0009856 260.5585  99.4533 15.13253846 46949
1 47612U 21006EQ  21333.44179318  .00001584  00000-0  92684-4 0  9999
2 47612  97.4741  31.6048 0009861 259.2416 100.7705 15.13256325 46990
1 47612U 21006EQ  21333.57404268  .00001483  00000-0  87017-4 0  9990
2 47612  97.4741  31.7345 0009866 258.6921 101.3202 15.13256096 47018
1 47612U 21006EQ  21334.89653338  .00001414  00000-0  83093-4 0  9994
2 47612  97.4739  33.0309 0009917 253.4268 106.5874 15.13259618 47211
1 47612U 21006EQ  21335.42552755  .00001811  00000-0  10540-3 0  9992
2 47612  97.4738  33.5494 0009938 251.3853 108.6299 15.13263747 47290
1 47612U 21006EQ  21335.75614949  .00001613  00000-0  94305-4 0  9994
2 47612  97.4737  33.8735 0009954 250.0429 109.9731 15.13263714 47348
1 47612U 21006EQ  21336.02064646  .00001645  00000-0  96097-4 0  9993
2 47612  97.4737  34.1328 0009966 249.0139 111.0027 15.13264823 47387
1 47612U 21006EQ  21336.61576416  .00001655  00000-0  96623-4 0  9997
2 47612  97.4736  34.7162 0009992 246.6683 113.3497 15.13267036 47479
1 47612U 21006EQ  21337.14475686  .00001543  00000-0  90308-4 0  9993
2 47612  97.4735  35.2347 0010013 244.6129 115.4066 15.13268408 47556
1 47612U 21006EQ  21337.54150139  .00001533  00000-0  89775-4 0  9995
2 47612  97.4735  35.6237 0010032 243.0255 116.9952 15.13269697 47610
1 47612U 21006EQ  21338.13661665  .00001624  00000-0  94893-4 0  9990
2 47612  97.4734  36.2070 0010053 240.7309 119.2918 15.13272459 47706
1 47612U 21006EQ  21338.40111234  .00001610  00000-0  94090-4 0  9996
2 47612  97.4734  36.4663 0010063 239.6782 120.3454 15.13273280 47744
1 47612U 21006EQ  21338.93010370  .00001353  00000-0  79643-4 0  9994
2 47612  97.4733  36.9849 0010089 237.5805 122.4450 15.13273561 47825
1 47612U 21006EQ  21339.59134136  .00001446  00000-0  84884-4 0  9990
2 47612  97.4732  37.6330 0010126 235.0252 125.0029 15.13276311 47926
1 47612U 21006EQ  21339.72358883  .00001436  00000-0  84316-4 0  9991
2 47612  97.4732  37.7627 0010132 234.5106 125.5180 15.13276681 47940
1 47612U 21006EQ  21339.92195982  .00001434  00000-0  84169-4 0  9996
2 47612  97.4731  37.9571 0010145 233.7408 126.2887 15.13277335 47971
1 47612U 21006EQ  21340.45094918  .00001404  00000-0  82486-4 0  9990
2 47612  97.4731  38.4757 0010171 231.7254 128.3063 15.13278847 48057
1 47612U 21006EQ  21340.91381455  .00001354  00000-0  79688-4 0  9990
2 47612  97.4729  38.9294 0010203 229.9162 130.1175 15.13279985 48125
1 47612U 21006EQ  21341.11218525  .00001339  00000-0  78860-4 0  9994
2 47612  97.4729  39.1239 0010215 229.1731 130.8615 15.13280530 48151
1 47612U 21006EQ  21341.44280297  .00001281  00000-0  75566-4 0  9991
2 47612  97.4729  39.4479 0010239 227.9042 132.1320 15.13281214 48201
1 47612U 21006EQ  21341.64117369  .00001193  00000-0  70630-4 0  9991
2 47612  97.4729  39.6424 0010259 227.1216 132.9155 15.13281313 48237
1 47612U 21006EQ  21342.03791471  .00001102  00000-0  65529-4 0  9998
2 47612  97.4728  40.0313 0010289 225.6601 134.3788 15.13281937 48299
1 47612U 21006EQ  21342.69914913  .00001071  00000-0  63781-4 0  9991
2 47612  97.4727  40.6794 0010348 223.1555 136.8866 15.13283657 48390
1 47612U 21006EQ  21343.69100010  .00000967  00000-0  57953-4 0  9994
2 47612  97.4727  41.6516 0010433 219.4375 140.6097 15.13285636 48541
1 47612U 21006EQ  21344.55060335  .00000902  00000-0  54299-4 0  9994
2 47612  97.4726  42.4942 0010506 216.2201 143.8320 15.13287342 48670
1 47612U 21006EQ  21344.94734315  .00000746  00000-0  45540-4 0  9998
2 47612  97.4726  42.8831 0010540 214.7309 145.3235 15.13287361 48731
1 47612U 21006EQ  21345.41020590  .00000853  00000-0  51501-4 0  9997
2 47612  97.4726  43.3368 0010574 212.9938 147.0634 15.13288916 48804
1 47612U 21006EQ  21345.60857552  .00000847  00000-0  51180-4 0  9990
2 47612  97.4726  43.5312 0010592 212.2355 147.8230 15.13289346 48832
1 47612U 21006EQ  21345.93919179  .00000684  00000-0  42018-4 0  9999
2 47612  97.4725  43.8553 0010616 210.9915 149.0691 15.13289044 48880
1 47612U 21006EQ  21346.40205402  .00000829  00000-0  50155-4 0  9991
2 47612  97.4725  44.3089 0010652 209.2668 150.7968 15.13290712 48954
1 47612U 21006EQ  21346.60042348  .00000822  00000-0  49763-4 0  9997
2 47612  97.4726  44.5034 0010669 208.5518 151.5131 15.13291055 48986
1 47612U 21006EQ  21346.93103930  .00000743  00000-0  45354-4 0  9992
2 47612  97.4725  44.8274 0010697 207.3410 152.7259 15.13291159 49039
1 47612U 21006EQ  21347.59227008  .00000937  00000-0  56256-4 0  9996
2 47612  97.4725  45.4756 0010749 204.9141 155.1573 15.13293411 49133
1 47612U 21006EQ  21348.12125501  .00000833  00000-0  50367-4 0  9993
2 47612  97.4724  45.9941 0010796 203.0183 157.0566 15.13293571 49210
1 47612U 21006EQ  21348.58411580  .00001019  00000-0  60851-4 0  9994
2 47612  97.4723  46.4477 0010831 201.2997 158.7785 15.13295455 49283
1 47612U 21006EQ  21348.65023875  .00001027  00000-0  61258-4 0  9999
2 47612  97.4723  46.5125 0010834 201.0273 159.0514 15.13295628 49299
1 47612U 21006EQ  21349.11309950  .00000950  00000-0  56954-4 0  9993
2 47612  97.4722  46.9662 0010879 199.3767 160.7052 15.13296033 49369
1 47612U 21006EQ  21349.70820313  .00001450  00000-0  84992-4 0  9998
2 47612  97.4721  47.5495 0010911 197.1584 162.9280 15.13300662 49450
1 47612U 21006EQ  21350.43555222  .00001588  00000-0  92723-4 0  9997
2 47612  97.4721  48.2624 0010982 194.6672 165.4242 15.13303529 49563
1 47612U 21006EQ  21350.70004260  .00001702  00000-0  99112-4 0  9995
2 47612  97.4721  48.5218 0011006 194.0148 166.0780 15.13304908 49606
1 47612U 21006EQ  21350.89841065  .00001661  00000-0  96843-4 0  9999
2 47612  97.4720  48.7162 0011030 193.2948 166.7995 15.13305168 49638
1 47612U 21006EQ  21351.89024806  .00001794  00000-0  10428-3 0  9997
2 47612  97.4719  49.6883 0011118 189.8657 170.2358 15.13309060 49785
1 47612U 21006EQ  21352.08861522  .00001826  00000-0  10610-3 0  9992
2 47612  97.4718  49.8827 0011136 189.1701 170.9328 15.13309923 49813
1 47612U 21006EQ  21352.41922678  .00002018  00000-0  11683-3 0  9994
2 47612  97.4718  50.2067 0011164 187.9880 172.1175 15.13312165 49861
1 47612U 21006EQ  21352.88208243  .00002130  00000-0  12310-3 0  9993
2 47612  97.4716  50.6604 0011208 186.3648 173.7443 15.13314539 49934
1 47612U 21006EQ  21353.14657105  .00002156  00000-0  12455-3 0  9996
2 47612  97.4715  50.9196 0011229 185.4158 174.6954 15.13315760 49979
1 47612U 21006EQ  21353.41105963  .00002080  00000-0  12029-3 0  9999
2 47612  97.4715  51.1788 0011269 184.4795 175.6338 15.13316651 50013
1 47612U 21006EQ  21353.74166950  .00002251  00000-0  12986-3 0  9990
2 47612  97.4715  51.5028 0011285 183.3206 176.7952 15.13318985 50068
1 47612U 21006EQ  21354.40288313  .00005297  00000-0  30044-3 0  9990
2 47612  97.4711  52.1512 0011356 180.7581 179.3635 15.13333213 50164
1 47612U 21006EQ  21354.73349191  .00005406  00000-0  30654-3 0  9997
2 47612  97.4710  52.4753 0011374 179.7814 180.3425 15.13333624 50211
1 47612U 21006EQ  21355.59306838  .00004906  00000-0  27852-3 0  9993
2 47612  97.4707  53.3176 0011454 176.9978 183.1324 15.13340030 50347
1 47612U 21006EQ  21355.72531073  .00004732  00000-0  26877-3 0  9992
2 47612  97.4706  53.4472 0011465 176.5710 183.5602 15.13340652 50363
1 47612U 21006EQ  21356.38652014  .00004700  00000-0  26691-3 0  9993
2 47612  97.4706  54.0952 0011519 174.3549 185.7814 15.13346210 50465
1 47612U 21006EQ  21356.71712289  .00005366  00000-0  30417-3 0  9991
2 47612  97.4706  54.4189 0011586 173.2711 186.8678 15.13351252 50512
1 47612U 21006EQ  21357.11384453  .00005628  00000-0  31876-3 0  9995
2 47612  97.4704  54.8078 0011567 171.9852 188.1566 15.13356676 50573
1 47612U 21006EQ  21357.70892529  .00006424  00000-0  36320-3 0  9992
2 47612  97.4702  55.3907 0011638 169.9132 190.2335 15.13365714 50666
1 47612U 21006EQ  21358.43624293  .00005551  00000-0  31430-3 0  9991
2 47612  97.4704  56.1036 0011719 166.7937 193.3603 15.13373025 50776
1 47612U 21006EQ  21358.89908014  .00004101  00000-0  23320-3 0  9996
2 47612  97.4705  56.5570 0011777 165.4667 194.6906 15.13374882 50844
1 47612U 21006EQ  21359.56027402  .00004381  00000-0  24877-3 0  9992
2 47612  97.4705  57.2050 0011859 163.0767 197.0862 15.13381219 50942
1 47612U 21006EQ  21359.75863137  .00004577  00000-0  25972-3 0  9990
2 47612  97.4705  57.3993 0011871 162.4055 197.7590 15.13383570 50976
1 47612U 21006EQ  21360.15534417  .00004960  00000-0  28111-3 0  9996
2 47612  97.4706  57.7883 0011856 161.3556 198.8112 15.13389075 51032
1 47612U 21006EQ  21360.41981896  .00005293  00000-0  29969-3 0  9994
2 47612  97.4706  58.0475 0011879 160.4374 199.7315 15.13392814 51070
1 47612U 21006EQ  21360.75041176  .00005633  00000-0  31867-3 0  9997
2 47612  97.4704  58.3716 0011934 159.2595 200.9123 15.13397623 51123
1 47612U 21006EQ  21361.41159387  .00006345  00000-0  35835-3 0  9995
2 47612  97.4704  59.0198 0011957 157.2108 202.9656 15.13407897 51227
1 47612U 21006EQ  21361.74218449  .00005696  00000-0  32204-3 0  9991
2 47612  97.4704  59.3439 0011980 156.3020 203.8765 15.13410371 51274
1 47612U 21006EQ  21362.60171801  .00004870  00000-0  27586-3 0  9997
2 47612  97.4704  60.1862 0012060 153.7337 206.4508 15.13415937 51408
1 47612U 21006EQ  21362.73395377  .00004721  00000-0  26753-3 0  9997
2 47612  97.4704  60.3159 0012019 153.4056 206.7794 15.13416444 51424
1 47612U 21006EQ  21363.39513164  .00003996  00000-0  22702-3 0  9999
2 47612  97.4704  60.9640 0012124 151.0794 209.1112 15.13419246 51520
1 47612U 21006EQ  21363.72571943  .00004010  00000-0  22776-3 0  9994
2 47612  97.4706  61.2881 0012150 150.0279 210.1651 15.13421543 51577
1 47612U 21006EQ  21364.12242404  .00004013  00000-0  22789-3 0  9993
2 47612  97.4706  61.6769 0012175 148.7834 211.4122 15.13424329 51633
1 47612U 21006EQ  21364.18854148  .00003907  00000-0  22197-3 0  9997
2 47612  97.4704  61.7416 0012192 148.4641 211.7324 15.13424543 51649
1 47612U 21006EQ  21364.65136191  .00003866  00000-0  21965-3 0  9996
2 47612  97.4704  62.1952 0012246 146.9820 213.2178 15.13428258 51710
1 47612U 21006EQ  21365.11418030  .00004295  00000-0  24358-3 0  9999
2 47612  97.4704  62.6491 0012230 145.5504 214.6523 15.13433787 51789
1 47612U 21006EQ  21365.70923022  .00004475  00000-0  25360-3 0  9990
2 47612  97.4706  63.2322 0012300 143.5671 216.6400 15.13440620 51872
1 47612U 21006EQ  22001.56874245  .00004898  00000-0  27715-3 0  9999
2 47612  97.4702  64.0743 0012341 140.8867 219.3259 15.13451048 52000
1 47612U 21006EQ  22001.70097487  .00004711  00000-0  26666-3 0  9998
2 47612  97.4702  64.2039 0012343 140.4745 219.7389 15.13451905 52025

