1 47617U 21006EJ  21036.11618929  .00000905  00000-0  56612-4 0  9991
2 47617  97.5086  99.5935 0008552 192.4626 167.6394 15.11873202  3012
1 47617U 21006EJ  21041.47716106  .00000920  00000-0  57505-4 0  9991
2 47617  97.5081 104.8602 0008984 172.6673 187.4664 15.11883627  3820
1 47617U 21006EJ  21042.13900739  .00000857  00000-0  53817-4 0  9993
2 47617  97.5080 105.5115 0009339 170.5130 189.6258 15.11884402  3922
1 47617U 21006EJ  21042.66432643  .00000499  00000-0  31992-4 0  9997
2 47617  97.5094 106.0514 0012761 158.7844 201.3918 15.12880778  4007
1 47617U 21006EJ  21043.59030084  .00000493  00000-0  31694-4 0  9996
2 47617  97.5091 106.9628 0012844 155.7880 204.3957 15.12881725  4142
1 47617U 21006EJ  21043.78872384  .00000492  00000-0  31594-4 0  9992
2 47617  97.5090 107.1581 0012863 155.1395 205.0458 15.12881908  4178
1 47617U 21006EJ  21043.85486485  .00000472  00000-0  30495-4 0  9990
2 47617  97.5090 107.2232 0012868 154.9240 205.2619 15.12881894  4189
1 47617U 21006EJ  21044.45013338  .00000597  00000-0  37545-4 0  9991
2 47617  97.5088 107.8092 0012916 153.0205 207.1700 15.12883220  4278
1 47617U 21006EJ  21044.84697873  .00000713  00000-0  44123-4 0  9996
2 47617  97.5087 108.1999 0012934 151.7215 208.4721 15.12884348  4339
1 47617U 21006EJ  21044.91311968  .00000651  00000-0  40612-4 0  9992
2 47617  97.5087 108.2650 0012947 151.5115 208.6826 15.12884082  4349
1 47617U 21006EJ  21045.57452853  .00000616  00000-0  38626-4 0  9997
2 47617  97.5086 108.9161 0012990 149.4677 210.7312 15.12884712  4444
1 47617U 21006EJ  21045.90523280  .00000586  00000-0  36919-4 0  9996
2 47617  97.5085 109.2416 0013009 148.4260 211.7754 15.12884904  4498
1 47617U 21006EJ  21046.16979615  .00000580  00000-0  36615-4 0  9999
2 47617  97.5085 109.5020 0013026 147.6062 212.5971 15.12885251  4533
1 47617U 21006EJ  21046.56664099  .00000594  00000-0  37405-4 0  9993
2 47617  97.5084 109.8927 0013062 146.3590 213.8472 15.12885913  4594
1 47617U 21006EJ  21046.89734501  .00000546  00000-0  34696-4 0  9991
2 47617  97.5084 110.2182 0013081 145.3464 214.8622 15.12886122  4640
1 47617U 21006EJ  21047.42647109  .00000612  00000-0  38434-4 0  9996
2 47617  97.5083 110.7391 0013115 143.6741 216.5383 15.12887317  4722
1 47617U 21006EJ  21047.55875226  .00000785  00000-0  48226-4 0  9994
2 47617  97.5083 110.8693 0013123 143.2578 216.9555 15.12888552  4740
1 47617U 21006EJ  21048.48472256  .00000497  00000-0  31886-4 0  9997
2 47617  97.5082 111.7808 0013204 140.3407 219.8792 15.12888412  4881
1 47617U 21006EJ  21048.55086311  .00000574  00000-0  36231-4 0  9993
2 47617  97.5082 111.8459 0013205 140.1232 220.0972 15.12888959  4890
1 47617U 21006EJ  21048.88156644  .00000525  00000-0  33444-4 0  9995
2 47617  97.5081 112.1714 0013231 139.0705 221.1522 15.12889184  4948
1 47617U 21006EJ  21049.47683223  .00000519  00000-0  33125-4 0  9998
2 47617  97.5081 112.7574 0013280 137.1813 223.0454 15.12889993  5035
1 47617U 21006EJ  21049.74139471  .00000513  00000-0  32796-4 0  9996
2 47617  97.5081 113.0178 0013297 136.3334 223.8951 15.12890307  5071
1 47617U 21006EJ  21049.93981648  .00000525  00000-0  33478-4 0  9999
2 47617  97.5080 113.2131 0013314 135.7060 224.5238 15.12890629  5107
1 47617U 21006EJ  21050.46894118  .00000528  00000-0  33660-4 0  9990
2 47617  97.5080 113.7340 0013353 134.0364 226.1969 15.12891286  5183
1 47617U 21006EJ  21050.79964400  .00000533  00000-0  33945-4 0  9990
2 47617  97.5079 114.0595 0013370 132.9809 227.2545 15.12891690  5234
1 47617U 21006EJ  21051.46104883  .00000603  00000-0  37869-4 0  9993
2 47617  97.5079 114.7105 0013411 130.9013 229.3382 15.12892963  5336
1 47617U 21006EJ  21051.85789158  .00000635  00000-0  39685-4 0  9993
2 47617  97.5077 115.1011 0013433 129.6534 230.5884 15.12893646  5398
1 47617U 21006EJ  21051.92403169  .00000694  00000-0  43030-4 0  9990
2 47617  97.5077 115.1662 0013439 129.4546 230.7876 15.12894170  5405
1 47617U 21006EJ  21052.58543506  .00000854  00000-0  52130-4 0  9992
2 47617  97.5076 115.8172 0013470 127.3994 232.8466 15.12896219  5501
1 47617U 21006EJ  21052.78385606  .00000851  00000-0  51947-4 0  9991
2 47617  97.5075 116.0125 0013477 126.7800 233.4670 15.12896525  5534
1 47617U 21006EJ  21053.18069776  .00000904  00000-0  54929-4 0  9995
2 47617  97.5074 116.4031 0013490 125.5532 234.6959 15.12897536  5599
1 47617U 21006EJ  21053.51139895  .00000936  00000-0  56768-4 0  9990
2 47617  97.5074 116.7286 0013503 124.5465 235.7042 15.12898345  5643
1 47617U 21006EJ  21053.84209998  .00000966  00000-0  58489-4 0  9993
2 47617  97.5073 117.0541 0013512 123.5219 236.7305 15.12899157  5696
1 47617U 21006EJ  21054.37122143  .00000976  00000-0  59021-4 0  9992
2 47617  97.5072 117.5748 0013526 121.9138 238.3411 15.12900267  5776
1 47617U 21006EJ  21054.90034219  .00001046  00000-0  62976-4 0  9999
2 47617  97.5070 118.0956 0013537 120.2909 239.9663 15.12901817  5858
1 47617U 21006EJ  21055.42946273  .00000987  00000-0  59665-4 0  9993
2 47617  97.5070 118.6164 0013553 118.6927 241.5668 15.12902700  5939
1 47617U 21006EJ  21055.56174270  .00001027  00000-0  61930-4 0  9992
2 47617  97.5069 118.7466 0013556 118.2894 241.9707 15.12903262  5959
1 47617U 21006EJ  21055.76016268  .00001020  00000-0  61526-4 0  9990
2 47617  97.5069 118.9419 0013563 117.6733 242.5876 15.12903698  5982
1 47617U 21006EJ  21056.42156194  .00001082  00000-0  65028-4 0  9996
2 47617  97.5068 119.5928 0013591 115.6327 244.6310 15.12905736  6084
1 47617U 21006EJ  21056.88454075  .00000962  00000-0  58206-4 0  9991
2 47617  97.5066 120.0485 0013611 114.2205 246.0450 15.12906395  6151
1 47617U 21006EJ  21057.41365976  .00000990  00000-0  59787-4 0  9998
2 47617  97.5066 120.5692 0013630 112.5887 247.6787 15.12907721  6237
1 47617U 21006EJ  21057.81049851  .00000986  00000-0  59582-4 0  9991
2 47617  97.5065 120.9598 0013652 111.3607 248.9082 15.12908654  6290
1 47617U 21006EJ  21058.14119744  .00000840  00000-0  51319-4 0  9996
2 47617  97.5064 121.2853 0013675 110.3524 249.9178 15.12908603  6346
1 47617U 21006EJ  21058.47189613  .00000903  00000-0  54879-4 0  9998
2 47617  97.5064 121.6108 0013677 109.3450 250.9261 15.12909641  6394
1 47617U 21006EJ  21058.86873474  .00000767  00000-0  47158-4 0  9996
2 47617  97.5063 122.0013 0013691 108.1208 252.1516 15.12909609  6455
1 47617U 21006EJ  21059.13329356  .00000760  00000-0  46758-4 0  9990
2 47617  97.5062 122.2617 0013696 107.3020 252.9711 15.12910079  6496
1 47617U 21006EJ  21059.59627116  .00000774  00000-0  47587-4 0  9991
2 47617  97.5062 122.7174 0013714 105.9021 254.3723 15.12911046  6567
1 47617U 21006EJ  21060.12538826  .00000733  00000-0  45213-4 0  9990
2 47617  97.5060 123.2381 0013719 104.2748 256.0007 15.12911726  6642
1 47617U 21006EJ  21060.58836499  .00000872  00000-0  53100-4 0  9995
2 47617  97.5060 123.6937 0013733 102.8598 257.4168 15.12913406  6714
1 47617U 21006EJ  21060.98520214  .00000872  00000-0  53135-4 0  9992
2 47617  97.5058 124.0843 0013738 101.6431 258.6343 15.12914123  6771
1 47617U 21006EJ  21061.44817836  .00000909  00000-0  55195-4 0  9992
2 47617  97.5058 124.5399 0013732 100.2525 260.0255 15.12915238  6840
1 47617U 21006EJ  21061.58045724  .00000901  00000-0  54737-4 0  9999
2 47617  97.5057 124.6700 0013731  99.8531 260.4251 15.12915470  6865
1 47617U 21006EJ  21062.44026887  .00001030  00000-0  62053-4 0  9998
2 47617  97.5056 125.5162 0013713  97.2375 263.0415 15.12918001  6992
1 47617U 21006EJ  21062.57254732  .00001106  00000-0  66342-4 0  9993
2 47617  97.5056 125.6464 0013710  96.8397 263.4394 15.12918762  7012
1 47617U 21006EJ  21063.43235777  .00001091  00000-0  65533-4 0  9991
2 47617  97.5054 126.4925 0013703  94.2185 266.0612 15.12920592  7140
1 47617U 21006EJ  21063.63077546  .00001067  00000-0  64170-4 0  9990
2 47617  97.5054 126.6877 0013691  93.6333 266.6464 15.12920918  7178
1 47617U 21006EJ  21064.42444572  .00000994  00000-0  60023-4 0  9996
2 47617  97.5052 127.4687 0013690  91.2166 269.0634 15.12922270  7293
1 47617U 21006EJ  21064.68900231  .00000954  00000-0  57764-4 0  9997
2 47617  97.5052 127.7291 0013680  90.4259 269.8539 15.12922658  7337
1 47617U 21006EJ  21065.41653245  .00000904  00000-0  54901-4 0  9994
2 47617  97.5051 128.4450 0013678  88.2043 272.0754 15.12923960  7448
1 47617U 21006EJ  21065.94564469  .00000889  00000-0  54065-4 0  9994
2 47617  97.5050 128.9656 0013676  86.5977 273.6818 15.12925055  7529
1 47617U 21006EJ  21066.14406169  .00000883  00000-0  53703-4 0  9991
2 47617  97.5049 129.1609 0013677  85.9856 274.2938 15.12925459  7559
1 47617U 21006EJ  21066.40861763  .00000894  00000-0  54342-4 0  9997
2 47617  97.5049 129.4212 0013679  85.1830 275.0963 15.12926059  7596
1 47617U 21006EJ  21066.93772927  .00000872  00000-0  53066-4 0  9996
2 47617  97.5048 129.9418 0013678  83.5868 276.6920 15.12926982  7674
1 47617U 21006EJ  21067.13614604  .00000871  00000-0  53014-4 0  9998
2 47617  97.5047 130.1371 0013679  82.9745 277.3041 15.12927377  7708
1 47617U 21006EJ  21067.59911846  .00000863  00000-0  52577-4 0  9990
2 47617  97.5047 130.5926 0013677  81.5881 278.6900 15.12928141  7777
1 47617U 21006EJ  21068.45892363  .00000846  00000-0  51600-4 0  9995
2 47617  97.5045 131.4387 0013661  78.9580 281.3186 15.12929454  7905
1 47617U 21006EJ  21068.78961769  .00000835  00000-0  50988-4 0  9994
2 47617  97.5044 131.7641 0013649  77.9330 282.3430 15.12929924  7958
1 47617U 21006EJ  21069.45100551  .00000796  00000-0  48792-4 0  9999
2 47617  97.5043 132.4149 0013627  75.9200 284.3544 15.12930722  8056
1 47617U 21006EJ  21069.91397670  .00000755  00000-0  46454-4 0  9998
2 47617  97.5041 132.8704 0013601  74.5031 285.7700 15.12931187  8127
1 47617U 21006EJ  21070.17853149  .00000753  00000-0  46373-4 0  9994
2 47617  97.5041 133.1307 0013583  73.6759 286.5965 15.12931617  8160
1 47617U 21006EJ  21070.44308634  .00000733  00000-0  45236-4 0  9993
2 47617  97.5040 133.3910 0013573  72.8541 287.4175 15.12931885  8205
1 47617U 21006EJ  21070.77377964  .00000732  00000-0  45165-4 0  9991
2 47617  97.5039 133.7164 0013555  71.8299 288.4407 15.12932420  8257
1 47617U 21006EJ  21071.17061165  .00000666  00000-0  41421-4 0  9996
2 47617  97.5038 134.1069 0013527  70.5845 289.6846 15.12932653  8312
1 47617U 21006EJ  21071.76585898  .00000717  00000-0  44333-4 0  9997
2 47617  97.5037 134.6925 0013501  68.7286 291.5386 15.12933941  8409
1 47617U 21006EJ  21072.42724424  .00000766  00000-0  47058-4 0  9992
2 47617  97.5036 135.3432 0013462  66.6748 293.5898 15.12935400  8508
1 47617U 21006EJ  21072.75793645  .00000816  00000-0  49904-4 0  9997
2 47617  97.5035 135.6686 0013445  65.6501 294.6132 15.12936378  8551
1 47617U 21006EJ  21073.15476724  .00000791  00000-0  48512-4 0  9994
2 47617  97.5034 136.0590 0013421  64.4163 295.8454 15.12936982  8612
1 47617U 21006EJ  21073.22090545  .00000859  00000-0  52335-4 0  9998
2 47617  97.5034 136.1241 0013420  64.2211 296.0403 15.12937541  8627
1 47617U 21006EJ  21074.41139548  .00000998  00000-0  60244-4 0  9999
2 47617  97.5032 137.2953 0013365  60.5607 299.6956 15.12940823  8802
1 47617U 21006EJ  21074.74208684  .00001003  00000-0  60526-4 0  9994
2 47617  97.5032 137.6207 0013349  59.5238 300.7309 15.12941546  8852
1 47617U 21006EJ  21075.20505493  .00000935  00000-0  56644-4 0  9993
2 47617  97.5031 138.0761 0013326  58.0971 302.1555 15.12941988  8921
1 47617U 21006EJ  21075.73416063  .00000941  00000-0  56963-4 0  9996
2 47617  97.5030 138.5967 0013302  56.4698 303.7801 15.12943030  9006
1 47617U 21006EJ  21075.93257540  .00000911  00000-0  55265-4 0  9992
2 47617  97.5030 138.7919 0013290  55.8703 304.3787 15.12943149  9035
1 47617U 21006EJ  21076.13098988  .00000911  00000-0  55299-4 0  9991
2 47617  97.5029 138.9871 0013278  55.2476 305.0003 15.12943544  9060
1 47617U 21006EJ  21076.72623316  .00000892  00000-0  54203-4 0  9997
2 47617  97.5028 139.5727 0013246  53.4082 306.8366 15.12944524  9154
1 47617U 21006EJ  21077.05692377  .00000860  00000-0  52404-4 0  9993
2 47617  97.5028 139.8981 0013223  52.3635 307.8794 15.12944909  9205
1 47617U 21006EJ  21077.45375191  .00000928  00000-0  56272-4 0  9991
2 47617  97.5027 140.2884 0013203  51.1150 309.1257 15.12946089  9265
1 47617U 21006EJ  21077.85058050  .00000771  00000-0  47353-4 0  9993
2 47617  97.5026 140.6788 0013163  49.8582 310.3800 15.12945841  9329
1 47617U 21006EJ  21078.11513245  .00000813  00000-0  49720-4 0  9992
2 47617  97.5026 140.9391 0013141  49.0059 311.2306 15.12946578  9362
1 47617U 21006EJ  21078.71037415  .00000810  00000-0  49581-4 0  9990
2 47617  97.5025 141.5247 0013091  47.1150 313.1177 15.12947671  9455
1 47617U 21006EJ  21079.43789137  .00000767  00000-0  47101-4 0  9992
2 47617  97.5023 142.2403 0013026  44.8025 315.4256 15.12948696  9561
1 47617U 21006EJ  21079.76858031  .00000894  00000-0  54304-4 0  9992
2 47617  97.5023 142.5657 0013006  43.7555 316.4704 15.12950129  9618
1 47617U 21006EJ  21080.23154480  .00000926  00000-0  56140-4 0  9999
2 47617  97.5022 143.0211 0012962  42.2649 317.9579 15.12951275  9683
1 47617U 21006EJ  21080.76064670  .00000994  00000-0  59975-4 0  9992
2 47617  97.5021 143.5416 0012913  40.5659 319.6532 15.12952770  9760
1 47617U 21006EJ  21081.22361036  .00001095  00000-0  65688-4 0  9991
2 47617  97.5020 143.9970 0012877  39.0961 321.1198 15.12954389  9838
1 47617U 21006EJ  21081.75271185  .00001059  00000-0  63638-4 0  9997
2 47617  97.5020 144.5175 0012827  37.3896 322.8225 15.12955277  9910
1 47617U 21006EJ  21082.14953742  .00001067  00000-0  64097-4 0  9996
2 47617  97.5019 144.9078 0012797  36.1138 324.0955 15.12956238  9974
1 47617U 21006EJ  21082.41408802  .00001005  00000-0  60610-4 0  9997
2 47617  97.5019 145.1681 0012775  35.2697 324.9376 15.12956394 10019
1 47617U 21006EJ  21082.74477563  .00001072  00000-0  64401-4 0  9999
2 47617  97.5018 145.4934 0012751  34.2061 325.9989 15.12957542 10062
1 47617U 21006EJ  21083.20773833  .00001052  00000-0  63253-4 0  9992
2 47617  97.5017 145.9488 0012709  32.7234 327.4782 15.12958418 10137
1 47617U 21006EJ  21083.40615077  .00001056  00000-0  63476-4 0  9990
2 47617  97.5017 146.1440 0012693  32.1000 328.1001 15.12958859 10169
1 47617U 21006EJ  21083.73683787  .00001113  00000-0  66733-4 0  9992
2 47617  97.5016 146.4693 0012670  31.0446 329.1531 15.12959950 10216
1 47617U 21006EJ  21084.13366238  .00001130  00000-0  67697-4 0  9995
2 47617  97.5015 146.8596 0012635  29.7637 330.4311 15.12960890 10270
1 47617U 21006EJ  21085.39027150  .00001167  00000-0  69764-4 0  9998
2 47617  97.5013 148.0957 0012529  25.7094 334.4757 15.12963838 10462
1 47617U 21006EJ  21085.72095749  .00001214  00000-0  72435-4 0  9996
2 47617  97.5012 148.4209 0012500  24.6069 335.5756 15.12964892 10512
1 47617U 21006EJ  21085.78709476  .00001225  00000-0  73032-4 0  9997
2 47617  97.5012 148.4860 0012493  24.3858 335.7962 15.12965069 10528
1 47617U 21006EJ  21086.44846645  .00001208  00000-0  72075-4 0  9998
2 47617  97.5010 149.1366 0012427  22.1825 337.9941 15.12966477 10628
1 47617U 21006EJ  21086.91142644  .00001170  00000-0  69909-4 0  9998
2 47617  97.5009 149.5920 0012380  20.6247 339.5481 15.12967250 10699
1 47617U 21006EJ  21087.10983770  .00001161  00000-0  69446-4 0  9999
2 47617  97.5009 149.7871 0012364  19.9538 340.2174 15.12967669 10728
1 47617U 21006EJ  21087.44052314  .00001123  00000-0  67298-4 0  9998
2 47617  97.5008 150.1124 0012323  18.8606 341.3079 15.12968163 10774
1 47617U 21006EJ  21087.70507124  .00001110  00000-0  66547-4 0  9993
2 47617  97.5008 150.3726 0012294  17.9316 342.2346 15.12968717 10816
1 47617U 21006EJ  21088.16803052  .00000986  00000-0  59501-4 0  9995
2 47617  97.5007 150.8279 0012247  16.3523 343.8101 15.12969015 10889
1 47617U 21006EJ  21088.89553723  .00000896  00000-0  54420-4 0  9997
2 47617  97.5005 151.5435 0012168  13.8513 346.3050 15.12970110 10993
1 47617U 21006EJ  21089.42463256  .00000880  00000-0  53509-4 0  9998
2 47617  97.5005 152.0639 0012116  12.0441 348.1077 15.12971183 11079
1 47617U 21006EJ  21089.88759084  .00000809  00000-0  49482-4 0  9991
2 47617  97.5004 152.5193 0012067  10.4637 349.6843 15.12971771 11140
1 47617U 21006EJ  21090.15213836  .00000792  00000-0  48503-4 0  9997
2 47617  97.5004 152.7795 0012043   9.5662 350.5796 15.12972217 11189
1 47617U 21006EJ  21090.94578007  .00000797  00000-0  48834-4 0  9990
2 47617  97.5003 153.5601 0011961   6.9189 353.2204 15.12973872 11302
1 47617U 21006EJ  21091.14419030  .00000852  00000-0  51941-4 0  9998
2 47617  97.5002 153.7552 0011944   6.2384 353.8994 15.12974595 11337
1 47617U 21006EJ  21091.67328424  .00000870  00000-0  52970-4 0  9995
2 47617  97.5002 154.2756 0011889   4.4571 355.6764 15.12975705 11413
1 47617U 21006EJ  21092.13624147  .00000838  00000-0  51117-4 0  9994
2 47617  97.5001 154.7309 0011841   2.8804 357.2493 15.12976267 11488
1 47617U 21006EJ  21092.73147184  .00000810  00000-0  49546-4 0  9994
2 47617  97.5000 155.3164 0011779   0.8445 359.2804 15.12977030 11579
1 47617U 21006EJ  21093.39283831  .00000848  00000-0  51687-4 0  9997
2 47617  97.4998 155.9668 0011712 358.5450   1.5744 15.12978245 11675
1 47617U 21006EJ  21093.78965798  .00000835  00000-0  50941-4 0  9997
2 47617  97.4997 156.3571 0011675 357.1486   2.9677 15.12978787 11732
1 47617U 21006EJ  21094.58329699  .00000761  00000-0  46753-4 0  9994
2 47617  97.4996 157.1376 0011591 354.3313   5.7785 15.12979577 11850
1 47617U 21006EJ  21095.83989069  .00000669  00000-0  41532-4 0  9993
2 47617  97.4993 158.3734 0011479 349.7322  10.3673 15.12981007 12042
1 47617U 21006EJ  21095.97216361  .00000667  00000-0  41468-4 0  9992
2 47617  97.4993 158.5035 0011462 349.2672  10.8312 15.12981214 12060
1 47617U 21006EJ  21096.83193737  .00000603  00000-0  37806-4 0  9990
2 47617  97.4991 159.3490 0011388 346.1161  13.9756 15.12982216 12191
1 47617U 21006EJ  21097.09648299  .00000600  00000-0  37645-4 0  9995
2 47617  97.4991 159.6092 0011363 345.1116  14.9779 15.12982627 12231
1 47617U 21006EJ  21097.89011939  .00000646  00000-0  40238-4 0  9990
2 47617  97.4989 160.3897 0011291 342.2264  17.8570 15.12984160 12350
1 47617U 21006EJ  21098.41920968  .00000742  00000-0  45703-4 0  9999
2 47617  97.4989 160.9100 0011241 340.2888  19.7907 15.12985648 12434
1 47617U 21006EJ  21098.88216401  .00000642  00000-0  40039-4 0  9996
2 47617  97.4988 161.3652 0011200 338.5859  21.4902 15.12985776 12508
1 47617U 21006EJ  21099.41125415  .00000649  00000-0  40411-4 0  9991
2 47617  97.4987 161.8855 0011146 336.6855  23.3869 15.12986647 12580
1 47617U 21006EJ  21099.80807171  .00000637  00000-0  39767-4 0  9999
2 47617  97.4987 162.2757 0011110 335.2508  24.8188 15.12987143 12646
1 47617U 21006EJ  21100.40329784  .00000620  00000-0  38773-4 0  9995
2 47617  97.4986 162.8611 0011047 333.1041  26.9616 15.12987834 12734
1 47617U 21006EJ  21100.80011509  .00000657  00000-0  40869-4 0  9991
2 47617  97.4985 163.2513 0011013 331.6621  28.4009 15.12988527 12798
1 47617U 21006EJ  21101.13079598  .00000668  00000-0  41527-4 0  9994
2 47617  97.4984 163.5765 0010985 330.4181  29.6427 15.12989015 12840
1 47617U 21006EJ  21101.46147671  .00000742  00000-0  45708-4 0  9996
2 47617  97.4984 163.9016 0010954 329.1937  30.8649 15.12989838 12891
1 47617U 21006EJ  21101.92442979  .00000650  00000-0  40458-4 0  9991
2 47617  97.4983 164.3569 0010915 327.4481  32.6076 15.12989876 12964
1 47617U 21006EJ  21102.12283810  .00000658  00000-0  40942-4 0  9997
2 47617  97.4982 164.5520 0010900 326.6994  33.3550 15.12990199 12994
1 47617U 21006EJ  21102.98260694  .00000719  00000-0  44413-4 0  9991
2 47617  97.4981 165.3974 0010834 323.4100  36.6390 15.12991707 13125
1 47617U 21006EJ  21104.17305500  .00000688  00000-0  42644-4 0  9999
2 47617  97.4978 166.5680 0010763 318.7609  41.2808 15.12993293 13308
1 47617U 21006EJ  21105.16509413  .00000654  00000-0  40726-4 0  9990
2 47617  97.4977 167.5434 0010704 314.8700  45.1661 15.12994623 13453
1 47617U 21006EJ  21105.69418088  .00000731  00000-0  45054-4 0  9990
2 47617  97.4976 168.0636 0010667 312.8037  47.2296 15.12996024 13534
1 47617U 21006EJ  21106.42167563  .00000621  00000-0  38831-4 0  9994
2 47617  97.4975 168.7789 0010626 309.9768  50.0530 15.12996510 13647
1 47617U 21006EJ  21106.75235470  .00000613  00000-0  38382-4 0  9995
2 47617  97.4975 169.1040 0010605 308.6770  51.3512 15.12997051 13698
1 47617U 21006EJ  21107.41371197  .00000673  00000-0  41758-4 0  9993
2 47617  97.4974 169.7543 0010569 306.0728  53.9523 15.12998659 13791
1 47617U 21006EJ  21107.94279648  .00000848  00000-0  51655-4 0  9990
2 47617  97.4974 170.2745 0010539 304.0418  55.9812 15.13000936 13878
1 47617U 21006EJ  21108.14120343  .00000843  00000-0  51388-4 0  9998
2 47617  97.4974 170.4696 0010531 303.2671  56.7550 15.13001311 13909
1 47617U 21006EJ  21108.40574591  .00000851  00000-0  51856-4 0  9994
2 47617  97.4974 170.7297 0010512 302.2380  57.7831 15.13001870 13941
1 47617U 21006EJ  21108.60415226  .00000971  00000-0  58632-4 0  9997
2 47617  97.4974 170.9248 0010502 301.4643  58.5561 15.13003065 13971
1 47617U 21006EJ  21109.13323658  .00001028  00000-0  61884-4 0  9990
2 47617  97.4973 171.4450 0010477 299.4241  60.5943 15.13004480 14051
1 47617U 21006EJ  21109.72845584  .00001098  00000-0  65799-4 0  9998
2 47617  97.4972 172.0302 0010445 297.1070  62.9095 15.13006151 14144
1 47617U 21006EJ  21110.12526831  .00001143  00000-0  68393-4 0  9999
2 47617  97.4971 172.4203 0010428 295.5376  64.4776 15.13007299 14203
1 47617U 21006EJ  21110.72048639  .00001190  00000-0  71039-4 0  9993
2 47617  97.4970 173.0055 0010405 293.1850  66.8285 15.13009003 14295
1 47617U 21006EJ  21111.11729821  .00001161  00000-0  69406-4 0  9999
2 47617  97.4969 173.3957 0010394 291.6344  68.3779 15.13009814 14357
1 47617U 21006EJ  21111.71251532  .00001141  00000-0  68230-4 0  9996
2 47617  97.4969 173.9809 0010381 289.2411  70.7697 15.13011247 14442
1 47617U 21006EJ  21112.44000235  .00001052  00000-0  63182-4 0  9991
2 47617  97.4967 174.6962 0010371 286.3409  73.6681 15.13012611 14555
1 47617U 21006EJ  21112.83681310  .00001036  00000-0  62306-4 0  9992
2 47617  97.4967 175.0863 0010373 284.6833  75.3248 15.13013553 14615
1 47617U 21006EJ  21113.16748875  .00000935  00000-0  56593-4 0  9997
2 47617  97.4966 175.4114 0010375 283.3451  76.6623 15.13013817 14660
1 47617U 21006EJ  21113.43202906  .00000917  00000-0  55592-4 0  9995
2 47617  97.4966 175.6715 0010372 282.3220  77.6850 15.13014378 14700
1 47617U 21006EJ  21114.42405420  .00000901  00000-0  54683-4 0  9994
2 47617  97.4964 176.6469 0010367 278.3546  81.6509 15.13016801 14850
1 47617U 21006EJ  21114.88699858  .00000965  00000-0  58293-4 0  9995
2 47617  97.4963 177.1020 0010374 276.4832  83.5218 15.13018361 14922
1 47617U 21006EJ  21115.48221264  .00001002  00000-0  60350-4 0  9994
2 47617  97.4963 177.6872 0010371 274.0936  85.9109 15.13019997 15010
1 47617U 21006EJ  21115.74675204  .00001002  00000-0  60382-4 0  9995
2 47617  97.4963 177.9472 0010366 273.0420  86.9625 15.13020645 15050
1 47617U 21006EJ  21115.87902151  .00001083  00000-0  64917-4 0  9990
2 47617  97.4963 178.0773 0010367 272.5214  87.4831 15.13021430 15072
1 47617U 21006EJ  21116.47423481  .00001056  00000-0  63392-4 0  9997
2 47617  97.4962 178.6624 0010352 270.1372  89.8673 15.13022640 15169
1 47617U 21006EJ  21116.87104323  .00001101  00000-0  65972-4 0  9999
2 47617  97.4962 179.0526 0010352 268.5578  91.4467 15.13023789 15226
1 47617U 21006EJ  21117.13558209  .00001110  00000-0  66440-4 0  9996
2 47617  97.4961 179.3126 0010354 267.5015  92.5031 15.13024435 15263
1 47617U 21006EJ  21117.46625575  .00001076  00000-0  64521-4 0  9992
2 47617  97.4961 179.6378 0010348 266.1781  93.8267 15.13024902 15313
1 47617U 21006EJ  21118.12760222  .00001122  00000-0  67114-4 0  9998
2 47617  97.4960 180.2879 0010355 263.5625  96.4427 15.13026572 15415
1 47617U 21006EJ  21118.39214073  .00001111  00000-0  66537-4 0  9991
2 47617  97.4960 180.5480 0010356 262.4840  97.5215 15.13027048 15454
1 47617U 21006EJ  21118.78894837  .00001067  00000-0  64049-4 0  9992
2 47617  97.4959 180.9381 0010363 260.9190  99.0868 15.13027616 15514
1 47617U 21006EJ  21119.45029388  .00001020  00000-0  61392-4 0  9995
2 47617  97.4958 181.5882 0010382 258.2788 101.7279 15.13028733 15619
1 47617U 21006EJ  21119.78096632  .00001012  00000-0  60902-4 0  9994
2 47617  97.4957 181.9133 0010396 256.9722 103.0349 15.13029416 15666
1 47617U 21006EJ  21120.44231101  .00000941  00000-0  56908-4 0  9992
2 47617  97.4956 182.5635 0010424 254.3166 105.6915 15.13030421 15761
1 47617U 21006EJ  21120.83911749  .00000916  00000-0  55501-4 0  9998
2 47617  97.4956 182.9536 0010448 252.7490 107.2597 15.13031148 15821
1 47617U 21006EJ  21121.50046131  .00000894  00000-0  54211-4 0  9999
2 47617  97.4955 183.6037 0010485 250.1386 109.8715 15.13032432 15929
1 47617U 21006EJ  21121.69886435  .00000885  00000-0  53705-4 0  9995
2 47617  97.4955 183.7988 0010496 249.3723 110.6382 15.13032817 15952
1 47617U 21006EJ  21121.83113291  .00000912  00000-0  55247-4 0  9998
2 47617  97.4954 183.9288 0010503 248.8664 111.1445 15.13033256 15979
1 47617U 21006EJ  21122.49247606  .00000870  00000-0  52852-4 0  9991
2 47617  97.4954 184.5789 0010540 246.2584 113.7542 15.13034389 16072
1 47617U 21006EJ  21122.88928159  .00000838  00000-0  51065-4 0  9992
2 47617  97.4953 184.9690 0010560 244.7041 115.3096 15.13035052 16136
1 47617U 21006EJ  21123.08768432  .00000836  00000-0  50938-4 0  9997
2 47617  97.4953 185.1640 0010572 243.9262 116.0881 15.13035458 16166
1 47617U 21006EJ  21123.48448982  .00000777  00000-0  47585-4 0  9994
2 47617  97.4952 185.5541 0010593 242.3410 117.6746 15.13035891 16225
1 47617U 21006EJ  21123.61675827  .00000774  00000-0  47424-4 0  9998
2 47617  97.4952 185.6841 0010601 241.8213 118.1948 15.13036143 16247
1 47617U 21006EJ  21124.14583184  .00000770  00000-0  47233-4 0  9995
2 47617  97.4951 186.2042 0010628 239.7521 120.2658 15.13037105 16323
1 47617U 21006EJ  21124.47650282  .00000749  00000-0  46012-4 0  9995
2 47617  97.4952 186.5293 0010644 238.4317 121.5876 15.13037532 16377
1 47617U 21006EJ  21124.87330783  .00000703  00000-0  43410-4 0  9999
2 47617  97.4951 186.9193 0010667 236.8716 123.1492 15.13037926 16435
1 47617U 21006EJ  21125.40238107  .00000679  00000-0  42091-4 0  9992
2 47617  97.4951 187.4394 0010695 234.7886 125.2344 15.13038588 16513
1 47617U 21006EJ  21126.46052677  .00000640  00000-0  39857-4 0  9999
2 47617  97.4949 188.4796 0010751 230.6640 129.3639 15.13039847 16671
1 47617U 21006EJ  21126.85733120  .00000638  00000-0  39750-4 0  9990
2 47617  97.4948 188.8696 0010775 229.1524 130.8774 15.13040339 16735
1 47617U 21006EJ  21127.58480553  .00000636  00000-0  39637-4 0  9992
2 47617  97.4948 189.5847 0010827 226.3754 133.6579 15.13041317 16846
1 47617U 21006EJ  21127.78320755  .00000636  00000-0  39623-4 0  9996
2 47617  97.4947 189.7797 0010841 225.6515 134.3828 15.13041566 16878
1 47617U 21006EJ  21127.91547551  .00000628  00000-0  39177-4 0  9991
2 47617  97.4947 189.9097 0010854 225.1447 134.8903 15.13041697 16892
1 47617U 21006EJ  21128.90748497  .00000585  00000-0  36763-4 0  9993
2 47617  97.4945 190.8848 0010949 221.4554 138.5847 15.13042813 17045
1 47617U 21006EJ  21129.10588680  .00000584  00000-0  36658-4 0  9994
2 47617  97.4945 191.0798 0010966 220.7365 139.3047 15.13043074 17077
1 47617U 21006EJ  21129.17202076  .00000567  00000-0  35746-4 0  9991
2 47617  97.4945 191.1448 0010973 220.4896 139.5520 15.13043071 17080
1 47617U 21006EJ  21129.50269036  .00000563  00000-0  35480-4 0  9998
2 47617  97.4945 191.4698 0011004 219.2390 140.8045 15.13043499 17138
1 47617U 21006EJ  21129.89949371  .00000560  00000-0  35320-4 0  9997
2 47617  97.4944 191.8598 0011044 217.7719 142.2738 15.13044038 17193
1 47617U 21006EJ  21130.42856478  .00000574  00000-0  36123-4 0  9990
2 47617  97.4944 192.3799 0011086 215.8047 144.2442 15.13044847 17272
1 47617U 21006EJ  21130.75923403  .00000577  00000-0  36263-4 0  9997
2 47617  97.4943 192.7049 0011114 214.5853 145.4656 15.13045355 17327
1 47617U 21006EJ  21131.15603687  .00000653  00000-0  40584-4 0  9997
2 47617  97.4943 193.0949 0011147 213.1268 146.9266 15.13046393 17383
1 47617U 21006EJ  21131.75124111  .00000605  00000-0  37892-4 0  9998
2 47617  97.4942 193.6799 0011203 210.8949 149.1624 15.13047025 17470
1 47617U 21006EJ  21131.88350867  .00000568  00000-0  35796-4 0  9990
2 47617  97.4942 193.8099 0011215 210.3980 149.6602 15.13047011 17496
1 47617U 21006EJ  21132.47871250  .00000585  00000-0  36717-4 0  9993
2 47617  97.4942 194.3950 0011265 208.1615 151.9009 15.13047982 17587
1 47617U 21006EJ  21132.67711328  .00000842  00000-0  51267-4 0  9997
2 47617  97.4942 194.5900 0011277 207.4523 152.6114 15.13049782 17616
1 47617U 21006EJ  21133.73525147  .00000853  00000-0  51893-4 0  9994
2 47617  97.4941 195.6301 0011365 203.5161 156.5551 15.13051619 17772
1 47617U 21006EJ  21134.33045366  .00000814  00000-0  49674-4 0  9992
2 47617  97.4941 196.2151 0011421 201.3150 158.7607 15.13052391 17863
1 47617U 21006EJ  21134.99178909  .00000802  00000-0  48975-4 0  9994
2 47617  97.4939 196.8651 0011485 198.9382 161.1424 15.13053369 17961
1 47617U 21006EJ  21135.12405611  .00000797  00000-0  48726-4 0  9990
2 47617  97.4939 196.9951 0011496 198.4673 161.6142 15.13053574 17987
1 47617U 21006EJ  21135.85152394  .00000814  00000-0  49641-4 0  9994
2 47617  97.4938 197.7101 0011564 195.8956 164.1914 15.13054996 18090
1 47617U 21006EJ  21136.44672451  .00000797  00000-0  48689-4 0  9992
2 47617  97.4938 198.2951 0011628 193.8025 166.2889 15.13056026 18185
1 47617U 21006EJ  21136.77739119  .00000812  00000-0  49570-4 0  9991
2 47617  97.4937 198.6201 0011660 192.6968 167.3971 15.13056776 18237
1 47617U 21006EJ  21136.84352451  .00000804  00000-0  49103-4 0  9992
2 47617  97.4937 198.6851 0011668 192.4681 167.6263 15.13056857 18244
1 47617U 21006EJ  21137.90165699  .00000769  00000-0  47083-4 0  9991
2 47617  97.4936 199.7250 0011782 188.8404 171.2622 15.13058853 18403
1 47617U 21006EJ  21138.16618986  .00000786  00000-0  48075-4 0  9993
2 47617  97.4936 199.9850 0011811 187.9586 172.1460 15.13059529 18440
1 47617U 21006EJ  21138.43072239  .00000860  00000-0  52242-4 0  9992
2 47617  97.4936 200.2450 0011838 187.0253 173.0815 15.13060572 18481
1 47617U 21006EJ  21138.82752130  .00000879  00000-0  53303-4 0  9999
2 47617  97.4935 200.6350 0011870 185.6352 174.4748 15.13061572 18541
1 47617U 21006EJ  21139.42271946  .00000853  00000-0  51840-4 0  9993
2 47617  97.4935 201.2200 0011933 183.5723 176.5425 15.13062732 18635
1 47617U 21006EJ  21139.81951798  .00000841  00000-0  51165-4 0  9993
2 47617  97.4935 201.6100 0011972 182.2197 177.8983 15.13063525 18692
1 47617U 21006EJ  21140.48084826  .00000883  00000-0  53548-4 0  9990
2 47617  97.4935 202.2599 0012039 179.9186 180.2049 15.13065189 18797
1 47617U 21006EJ  21140.61311426  .00000879  00000-0  53332-4 0  9990
2 47617  97.4935 202.3899 0012054 179.4570 180.6677 15.13065465 18811
1 47617U 21006EJ  21141.34057625  .00001067  00000-0  63939-4 0  9993
2 47617  97.4934 203.1049 0012124 176.9320 183.1988 15.13068145 18922
1 47617U 21006EJ  21141.73737398  .00000832  00000-0  50635-4 0  9996
2 47617  97.4934 203.4949 0012170 175.5642 184.5699 15.13067615 18988
1 47617U 21006EJ  21141.80350692  .00000843  00000-0  51292-4 0  9994
2 47617  97.4934 203.5599 0012175 175.3344 184.8003 15.13067778 18995
1 47617U 21006EJ  21142.39870270  .00000851  00000-0  51702-4 0  9993
2 47617  97.4934 204.1449 0012232 173.2527 186.8871 15.13068971 19082
1 47617U 21006EJ  21142.79549955  .00000872  00000-0  52924-4 0  9990
2 47617  97.4933 204.5349 0012271 171.9183 188.2248 15.13069860 19149
1 47617U 21006EJ  21143.45682720  .00000892  00000-0  54051-4 0  9997
2 47617  97.4932 205.1849 0012336 169.6767 190.4719 15.13071241 19249
1 47617U 21006EJ  21143.85362375  .00000934  00000-0  56401-4 0  9990
2 47617  97.4932 205.5749 0012369 168.3759 191.7760 15.13072130 19300
1 47617U 21006EJ  21143.91975646  .00000931  00000-0  56201-4 0  9993
2 47617  97.4932 205.6398 0012379 168.1808 191.9716 15.13072229 19318
1 47617U 21006EJ  21144.44881756  .00000950  00000-0  57313-4 0  9996
2 47617  97.4931 206.1598 0012433 166.4172 193.7396 15.13073468 19399
1 47617U 21006EJ  21144.77948081  .00000862  00000-0  52336-4 0  9999
2 47617  97.4931 206.4848 0012462 165.3486 194.8108 15.13073626 19443
1 47617U 21006EJ  21145.17627652  .00000862  00000-0  52335-4 0  9991
2 47617  97.4931 206.8748 0012495 164.0682 196.0944 15.13074386 19509
1 47617U 21006EJ  21146.16826470  .00000808  00000-0  49295-4 0  9991
2 47617  97.4930 207.8497 0012589 160.8688 199.3018 15.13076092 19654
1 47617U 21006EJ  21146.89572267  .00000689  00000-0  42561-4 0  9999
2 47617  97.4929 208.5646 0012662 158.5091 201.6674 15.13076694 19765
1 47617U 21006EJ  21147.16025259  .00000675  00000-0  41777-4 0  9997
2 47617  97.4929 208.8246 0012681 157.6575 202.5211 15.13077110 19808
1 47617U 21006EJ  21148.41676743  .00001033  00000-0  61963-4 0  9994
2 47617  97.4929 210.0595 0012793 153.6003 206.5883 15.13081637 19994
1 47617U 21006EJ  21148.74742876  .00000803  00000-0  49005-4 0  9998
2 47617  97.4929 210.3845 0012830 152.5189 207.6723 15.13081176 20041
1 47617U 21006EJ  21149.21035482  .00000745  00000-0  45704-4 0  9996
2 47617  97.4928 210.8394 0012875 151.0429 209.1519 15.13081729 20116
1 47617U 21006EJ  21149.73941275  .00000777  00000-0  47489-4 0  9996
2 47617  97.4928 211.3593 0012928 149.3115 210.8874 15.13082894 20199
1 47617U 21006EJ  21150.20233825  .00000765  00000-0  46812-4 0  9991
2 47617  97.4928 211.8143 0012970 147.8473 212.3551 15.13083637 20265
1 47617U 21006EJ  21150.73139544  .00000801  00000-0  48849-4 0  9995
2 47617  97.4928 212.3342 0013018 146.1379 214.0686 15.13084799 20340
1 47617U 21006EJ  21151.12818832  .00000755  00000-0  46270-4 0  9997
2 47617  97.4927 212.7242 0013052 144.8864 215.3230 15.13085195 20401
1 47617U 21006EJ  21151.72337712  .00000768  00000-0  46983-4 0  9991
2 47617  97.4926 213.3091 0013100 143.0096 217.2041 15.13086276 20492
1 47617U 21006EJ  21152.45082962  .00000737  00000-0  45266-4 0  9995
2 47617  97.4926 214.0240 0013152 140.6988 219.5200 15.13087313 20604
1 47617U 21006EJ  21153.44280928  .00000817  00000-0  49731-4 0  9997
2 47617  97.4924 214.9989 0013209 137.6080 222.6174 15.13089392 20753
1 47617U 21006EJ  21153.64120522  .00000770  00000-0  47094-4 0  9990
2 47617  97.4924 215.1938 0013225 137.0100 223.2167 15.13089453 20785
1 47617U 21006EJ  21154.17026046  .00000749  00000-0  45891-4 0  9994
2 47617  97.4924 215.7137 0013253 135.3716 224.8584 15.13090222 20862
1 47617U 21006EJ  21155.09610651  .00000726  00000-0  44611-4 0  9991
2 47617  97.4923 216.6236 0013306 132.5301 227.7056 15.13091630 21006
1 47617U 21006EJ  21155.42676556  .00000736  00000-0  45153-4 0  9997
2 47617  97.4923 216.9485 0013330 131.4816 228.7561 15.13092239 21054
1 47617U 21006EJ  21155.88968795  .00000740  00000-0  45391-4 0  9995
2 47617  97.4923 217.4034 0013359 130.0202 230.2203 15.13093090 21120
1 47617U 21006EJ  21156.15421508  .00000715  00000-0  44007-4 0  9997
2 47617  97.4922 217.6634 0013374 129.1862 231.0559 15.13093395 21160
1 47617U 21006EJ  21156.74940069  .00000720  00000-0  44254-4 0  9990
2 47617  97.4922 218.2483 0013417 127.3210 232.9246 15.13094416 21252
1 47617U 21006EJ  21157.47684934  .00000721  00000-0  44312-4 0  9993
2 47617  97.4923 218.9631 0013464 125.0987 235.1509 15.13095555 21367
1 47617U 21006EJ  21157.74137593  .00000730  00000-0  44806-4 0  9995
2 47617  97.4923 219.2231 0013475 124.2706 235.9803 15.13096028 21405
1 47617U 21006EJ  21158.13816580  .00000573  00000-0  35959-4 0  9993
2 47617  97.4922 219.6130 0013501 123.0637 237.1893 15.13095777 21465
1 47617U 21006EJ  21158.73335001  .00000619  00000-0  38553-4 0  9997
2 47617  97.4922 220.1979 0013540 121.2060 239.0500 15.13096940 21555
1 47617U 21006EJ  21159.13013877  .00000797  00000-0  48583-4 0  9997
2 47617  97.4922 220.5878 0013556 119.9647 240.2931 15.13098641 21618
1 47617U 21006EJ  21159.92371709  .00000741  00000-0  45430-4 0  9992
2 47617  97.4921 221.3676 0013595 117.5556 242.7058 15.13099392 21732
1 47617U 21006EJ  21160.12211144  .00000741  00000-0  45457-4 0  9991
2 47617  97.4921 221.5626 0013599 116.9473 243.3149 15.13099719 21768
1 47617U 21006EJ  21160.45276860  .00000783  00000-0  47814-4 0  9998
2 47617  97.4921 221.8875 0013613 115.9051 244.3585 15.13100453 21814
1 47617U 21006EJ  21160.84955701  .00000846  00000-0  51355-4 0  9994
2 47617  97.4920 222.2775 0013620 114.6820 245.5831 15.13101403 21874
1 47617U 21006EJ  21161.51087047  .00000743  00000-0  45535-4 0  9997
2 47617  97.4920 222.9273 0013639 112.7248 247.5426 15.13101997 21978
1 47617U 21006EJ  21161.77539572  .00000730  00000-0  44809-4 0  9999
2 47617  97.4920 223.1872 0013638 111.9251 248.3431 15.13102381 22019
1 47617U 21006EJ  21162.50283952  .00000754  00000-0  46149-4 0  9994
2 47617  97.4919 223.9021 0013650 109.7378 250.5326 15.13103864 22127
1 47617U 21006EJ  21162.89962663  .00000783  00000-0  47813-4 0  9990
2 47617  97.4918 224.2920 0013654 108.5289 251.7427 15.13104815 22188
1 47617U 21006EJ  21163.09802020  .00000768  00000-0  46970-4 0  9999
2 47617  97.4918 224.4869 0013655 107.9326 252.3395 15.13105130 22214
1 47617U 21006EJ  21163.42867595  .00000754  00000-0  46175-4 0  9996
2 47617  97.4918 224.8118 0013667 106.9266 253.3465 15.13105718 22266
1 47617U 21006EJ  21163.75933149  .00000743  00000-0  45524-4 0  9996
2 47617  97.4918 225.1368 0013672 105.9379 254.3360 15.13106378 22311
1 47617U 21006EJ  21164.42064239  .00000720  00000-0  44232-4 0  9996
2 47617  97.4918 225.7866 0013683 103.9276 256.3478 15.13107576 22410
1 47617U 21006EJ  21164.88355939  .00000763  00000-0  46676-4 0  9997
2 47617  97.4917 226.2415 0013690 102.5266 257.7497 15.13108829 22482
1 47617U 21006EJ  21165.41260724  .00000728  00000-0  44698-4 0  9997
2 47617  97.4918 226.7614 0013703 100.9309 259.3464 15.13109747 22565
1 47617U 21006EJ  21165.74326198  .00000728  00000-0  44687-4 0  9999
2 47617  97.4917 227.0863 0013713  99.9168 260.3612 15.13110420 22618
1 47617U 21006EJ  21165.80939291  .00000733  00000-0  44986-4 0  9998
2 47617  97.4917 227.1513 0013713  99.7137 260.5644 15.13110564 22622
1 47617U 21006EJ  21166.47070186  .00000759  00000-0  46470-4 0  9999
2 47617  97.4917 227.8012 0013729  97.7130 262.5661 15.13111978 22723
1 47617U 21006EJ  21166.73522534  .00000751  00000-0  46021-4 0  9991
2 47617  97.4917 228.0611 0013734  96.8987 263.3807 15.13112415 22769
1 47617U 21006EJ  21167.13201030  .00000760  00000-0  46485-4 0  9995
2 47617  97.4917 228.4510 0013738  95.7038 264.5760 15.13113182 22820
1 47617U 21006EJ  21167.33040248  .00000840  00000-0  50982-4 0  9995
2 47617  97.4917 228.6460 0013742  95.0882 265.1918 15.13114028 22856
1 47617U 21006EJ  21167.79331774  .00000862  00000-0  52242-4 0  9997
2 47617  97.4916 229.1008 0013746  93.6715 266.6088 15.13115014 22920
1 47617U 21006EJ  21168.38849402  .00000916  00000-0  55315-4 0  9999
2 47617  97.4916 229.6857 0013746  91.8578 268.4227 15.13116431 23014
1 47617U 21006EJ  21168.45462460  .00000942  00000-0  56780-4 0  9998
2 47617  97.4916 229.7507 0013746  91.6614 268.6191 15.13116724 23024
1 47617U 21006EJ  21168.85140863  .00000939  00000-0  56570-4 0  9995
2 47617  97.4916 230.1406 0013743  90.4347 269.8459 15.13117400 23083
1 47617U 21006EJ  21169.38045359  .00000848  00000-0  51466-4 0  9996
2 47617  97.4915 230.6605 0013737  88.8633 271.4171 15.13117912 23167
1 47617U 21006EJ  21169.44658402  .00000876  00000-0  53036-4 0  9998
2 47617  97.4915 230.7255 0013736  88.6555 271.6249 15.13118238 23170
1 47617U 21006EJ  21170.50467256  .00000852  00000-0  51665-4 0  9992
2 47617  97.4915 231.7652 0013699  85.4623 274.8173 15.13120137 23331
1 47617U 21006EJ  21170.90145550  .00000778  00000-0  47483-4 0  9996
2 47617  97.4914 232.1551 0013682  84.2598 276.0193 15.13120467 23391
1 47617U 21006EJ  21171.16597725  .00000758  00000-0  46404-4 0  9990
2 47617  97.4914 232.4150 0013672  83.4702 276.8085 15.13120909 23430
1 47617U 21006EJ  21172.48858517  .00000668  00000-0  41276-4 0  9997
2 47617  97.4914 233.7146 0013640  79.4616 280.8151 15.13122958 23630
1 47617U 21006EJ  21172.62084584  .00000661  00000-0  40886-4 0  9997
2 47617  97.4914 233.8446 0013636  79.0613 281.2151 15.13123191 23659
1 47617U 21006EJ  21172.95149733  .00000695  00000-0  42839-4 0  9998
2 47617  97.4914 234.1695 0013630  78.0620 282.2138 15.13124014 23707
1 47617U 21006EJ  21173.81119071  .00000739  00000-0  45324-4 0  9997
2 47617  97.4914 235.0143 0013612  75.4608 284.8132 15.13125874 23833
1 47617U 21006EJ  21174.40636261  .00000766  00000-0  46837-4 0  9998
2 47617  97.4914 235.5991 0013603  73.6663 286.6063 15.13127042 23922
1 47617U 21006EJ  21174.73701344  .00000783  00000-0  47802-4 0  9991
2 47617  97.4914 235.9241 0013597  72.6618 287.6099 15.13127702 23973
1 47617U 21006EJ  21175.13379434  .00000800  00000-0  48733-4 0  9991
2 47617  97.4914 236.3139 0013587  71.4505 288.8201 15.13128418 24036
1 47617U 21006EJ  21175.72896551  .00000818  00000-0  49766-4 0  9996
2 47617  97.4914 236.8988 0013570  69.6394 290.6294 15.13129366 24126
1 47617U 21006EJ  21176.12574586  .00000894  00000-0  54011-4 0  9995
2 47617  97.4913 237.2887 0013557  68.4075 291.8599 15.13130390 24182
1 47617U 21006EJ  21176.72091622  .00000862  00000-0  52236-4 0  9998
2 47617  97.4913 237.8735 0013531  66.5942 293.6711 15.13131112 24273
1 47617U 21006EJ  21176.98543613  .00000871  00000-0  52746-4 0  9994
2 47617  97.4913 238.1334 0013516  65.7784 294.4858 15.13131576 24310
1 47617U 21006EJ  21177.44834591  .00000881  00000-0  53300-4 0  9992
2 47617  97.4913 238.5883 0013486  64.3614 295.9009 15.13132359 24387
1 47617U 21006EJ  21177.71286554  .00000877  00000-0  53065-4 0  9995
2 47617  97.4912 238.8482 0013469  63.5390 296.7222 15.13132820 24421
1 47617U 21006EJ  21178.10964457  .00000912  00000-0  55026-4 0  9993
2 47617  97.4912 239.2381 0013441  62.2901 297.9692 15.13133792 24487
1 47617U 21006EJ  21178.44029407  .00000904  00000-0  54587-4 0  9999
2 47617  97.4912 239.5630 0013420  61.2703 298.9875 15.13134265 24539
1 47617U 21006EJ  21178.70481328  .00000913  00000-0  55083-4 0  9994
2 47617  97.4912 239.8229 0013398  60.4473 299.8091 15.13134854 24573
1 47617U 21006EJ  21179.16772191  .00000902  00000-0  54476-4 0  9999
2 47617  97.4911 240.2777 0013364  59.0035 301.2507 15.13135648 24647
1 47617U 21006EJ  21179.76288962  .00000894  00000-0  54007-4 0  9993
2 47617  97.4911 240.8625 0013323  57.1598 303.0913 15.13136787 24739
1 47617U 21006EJ  21180.09353791  .00000899  00000-0  54307-4 0  9992
2 47617  97.4911 241.1874 0013296  56.1155 304.1339 15.13137558 24782
1 47617U 21006EJ  21180.42418659  .00000983  00000-0  59060-4 0  9999
2 47617  97.4911 241.5123 0013278  55.0756 305.1720 15.13138568 24831
1 47617U 21006EJ  21180.88709381  .00000974  00000-0  58546-4 0  9992
2 47617  97.4910 241.9672 0013246  53.6413 306.6039 15.13139570 24903
1 47617U 21006EJ  21181.41613091  .00000871  00000-0  52753-4 0  9994
2 47617  97.4910 242.4870 0013215  51.9987 308.2436 15.13140010 24980
1 47617U 21006EJ  21181.74677834  .00001004  00000-0  60244-4 0  9998
2 47617  97.4910 242.8119 0013195  50.9625 309.2778 15.13141530 25030
1 47617U 21006EJ  21181.81290778  .00000988  00000-0  59302-4 0  9997
2 47617  97.4910 242.8769 0013188  50.7552 309.4847 15.13141600 25048
1 47617U 21006EJ  21182.47420279  .00001016  00000-0  60898-4 0  9996
2 47617  97.4910 243.5267 0013149  48.7167 311.5194 15.13143098 25148
1 47617U 21006EJ  21182.80484998  .00001023  00000-0  61298-4 0  9994
2 47617  97.4910 243.8516 0013127  47.6839 312.5502 15.13143819 25198
1 47617U 21006EJ  21183.40001484  .00001021  00000-0  61174-4 0  9997
2 47617  97.4910 244.4364 0013091  45.8250 314.4054 15.13144906 25284
1 47617U 21006EJ  21183.79679083  .00001058  00000-0  63278-4 0  9992
2 47617  97.4910 244.8263 0013061  44.5583 315.6696 15.13145918 25344
1 47617U 21006EJ  21184.32582553  .00001043  00000-0  62411-4 0  9999
2 47617  97.4910 245.3461 0013024  42.8917 317.3327 15.13146793 25422
1 47617U 21006EJ  21184.78873041  .00001037  00000-0  62075-4 0  9993
2 47617  97.4909 245.8010 0012988  41.4136 318.8077 15.13147650 25499
1 47617U 21006EJ  21185.45002276  .00001008  00000-0  60449-4 0  9993
2 47617  97.4909 246.4508 0012930  39.3169 320.8999 15.13148722 25595
1 47617U 21006EJ  21185.84679755  .00001053  00000-0  62995-4 0  9996
2 47617  97.4908 246.8406 0012897  38.0325 322.1815 15.13149815 25650
1 47617U 21006EJ  21186.50808885  .00000988  00000-0  59314-4 0  9995
2 47617  97.4908 247.4904 0012831  35.8926 324.3164 15.13150780 25755
1 47617U 21006EJ  21186.70647604  .00000980  00000-0  58833-4 0  9994
2 47617  97.4908 247.6853 0012812  35.2367 324.9709 15.13151168 25787
1 47617U 21006EJ  21186.83873416  .00000959  00000-0  57701-4 0  9999
2 47617  97.4908 247.8152 0012800  34.7990 325.4076 15.13151322 25802
1 47617U 21006EJ  21187.43389520  .00000912  00000-0  55011-4 0  9995
2 47617  97.4908 248.4000 0012740  32.8718 327.3303 15.13152399 25899
1 47617U 21006EJ  21187.89679801  .00000912  00000-0  55013-4 0  9991
2 47617  97.4907 248.8548 0012693  31.3511 328.8475 15.13153405 25964
1 47617U 21006EJ  21188.16131394  .00000824  00000-0  50058-4 0  9998
2 47617  97.4907 249.1147 0012667  30.4780 329.7185 15.13153475 26003
1 47617U 21006EJ  21188.88873168  .00000845  00000-0  51262-4 0  9990
2 47617  97.4907 249.8294 0012600  28.1362 332.0547 15.13155221 26112
1 47617U 21006EJ  21189.15324706  .00000857  00000-0  51905-4 0  9997
2 47617  97.4907 250.0893 0012580  27.2624 332.9265 15.13155878 26157
1 47617U 21006EJ  21189.41776240  .00000841  00000-0  51024-4 0  9995
2 47617  97.4907 250.3493 0012551  26.4239 333.7629 15.13156360 26191
1 47617U 21006EJ  21189.74840649  .00000819  00000-0  49766-4 0  9991
2 47617  97.4907 250.6741 0012523  25.3513 334.8330 15.13156937 26249
1 47617U 21006EJ  21190.40969435  .00000765  00000-0  46727-4 0  9995
2 47617  97.4907 251.3239 0012463  23.2256 336.9536 15.13157947 26347
1 47617U 21006EJ  21190.74033806  .00000752  00000-0  46031-4 0  9990
2 47617  97.4907 251.6487 0012431  22.1488 338.0278 15.13158531 26396
1 47617U 21006EJ  21190.80646684  .00000744  00000-0  45580-4 0  9990
2 47617  97.4907 251.7137 0012425  21.9246 338.2514 15.13158584 26406
1 47617U 21006EJ  21191.40162523  .00000764  00000-0  46688-4 0  9994
2 47617  97.4907 252.2985 0012369  20.0094 340.1620 15.13159753 26499
1 47617U 21006EJ  21191.86452601  .00000739  00000-0  45283-4 0  9995
2 47617  97.4906 252.7533 0012325  18.4928 341.6749 15.13160373 26567
1 47617U 21006EJ  21192.45968391  .00000747  00000-0  45742-4 0  9998
2 47617  97.4906 253.3381 0012269  16.5349 343.6280 15.13161334 26658
1 47617U 21006EJ  21192.85645543  .00000748  00000-0  45761-4 0  9995
2 47617  97.4905 253.7279 0012229  15.1931 344.9665 15.13161980 26710
1 47617U 21006EJ  21193.12096971  .00000741  00000-0  45398-4 0  9990
2 47617  97.4905 253.9878 0012201  14.2846 345.8728 15.13162384 26755
1 47617U 21006EJ  21193.45161274  .00000742  00000-0  45456-4 0  9991
2 47617  97.4905 254.3127 0012168  13.1888 346.9659 15.13162814 26802
1 47617U 21006EJ  21193.84838383  .00000742  00000-0  45428-4 0  9995
2 47617  97.4904 254.7026 0012128  11.8160 348.3353 15.13163450 26867
1 47617U 21006EJ  21194.37741200  .00000690  00000-0  42547-4 0  9996
2 47617  97.4904 255.2223 0012068   9.9999 350.1470 15.13163947 26944
1 47617U 21006EJ  21194.77418301  .00000660  00000-0  40807-4 0  9997
2 47617  97.4903 255.6122 0012028   8.6110 351.5326 15.13164338 27000
1 47617U 21006EJ  21195.43546778  .00000591  00000-0  36931-4 0  9997
2 47617  97.4903 256.2619 0011954   6.2937 353.8442 15.13164868 27109
1 47617U 21006EJ  21195.76610996  .00000552  00000-0  34726-4 0  9994
2 47617  97.4902 256.5867 0011915   5.1219 355.0132 15.13165146 27159
1 47617U 21006EJ  21196.09675174  .00000611  00000-0  38050-4 0  9990
2 47617  97.4902 256.9116 0011883   3.9468 356.1855 15.13166030 27209
1 47617U 21006EJ  21197.35319063  .00000575  00000-0  36027-4 0  9993
2 47617  97.4901 258.1460 0011745 359.5780   0.5439 15.13167761 27398
1 47617U 21006EJ  21198.41124351  .00000568  00000-0  35629-4 0  9994
2 47617  97.4901 259.1856 0011641 355.9732   4.1403 15.13169274 27550
1 47617U 21006EJ  21198.80801304  .00000589  00000-0  36811-4 0  9994
2 47617  97.4901 259.5754 0011597 354.5733   5.5370 15.13169949 27611
1 47617U 21006EJ  21199.40316721  .00000591  00000-0  36920-4 0  9999
2 47617  97.4901 260.1601 0011533 352.5066   7.5990 15.13170734 27701
1 47617U 21006EJ  21199.79993643  .00000599  00000-0  37377-4 0  9990
2 47617  97.4901 260.5500 0011492 351.0911   9.0115 15.13171285 27764
1 47617U 21006EJ  21199.93219281  .00000604  00000-0  37664-4 0  9991
2 47617  97.4900 260.6799 0011476 350.6257   9.4758 15.13171468 27786
1 47617U 21006EJ  21200.79185890  .00000646  00000-0  40069-4 0  9995
2 47617  97.4900 261.5245 0011392 347.5822  12.5127 15.13172763 27911
1 47617U 21006EJ  21201.45313986  .00000723  00000-0  44401-4 0  9998
2 47617  97.4900 262.1743 0011331 345.2045  14.8853 15.13174052 28012
1 47617U 21006EJ  21201.84990827  .00000716  00000-0  43957-4 0  9993
2 47617  97.4899 262.5641 0011296 343.7247  16.3619 15.13174531 28072
1 47617U 21006EJ  21202.44506026  .00000813  00000-0  49440-4 0  9995
2 47617  97.4899 263.1488 0011243 341.5454  18.5367 15.13175978 28166
1 47617U 21006EJ  21202.51118835  .00000780  00000-0  47615-4 0  9995
2 47617  97.4899 263.2138 0011234 341.2796  18.8021 15.13175879 28176
1 47617U 21006EJ  21202.90795605  .00000825  00000-0  50102-4 0  9999
2 47617  97.4899 263.6036 0011201 339.8007  20.2779 15.13176758 28230
1 47617U 21006EJ  21203.43697978  .00000905  00000-0  54622-4 0  9992
2 47617  97.4899 264.1233 0011156 337.8220  22.2527 15.13177966 28313
1 47617U 21006EJ  21203.76761864  .00001097  00000-0  65426-4 0  9991
2 47617  97.4898 264.4482 0011132 336.5846  23.4876 15.13179768 28362
1 47617U 21006EJ  21204.49502506  .00001099  00000-0  65555-4 0  9993
2 47617  97.4898 265.1628 0011066 333.8496  26.2175 15.13181085 28479
1 47617U 21006EJ  21204.89179148  .00001137  00000-0  67705-4 0  9991
2 47617  97.4898 265.5527 0011034 332.3690  27.6953 15.13182187 28536
1 47617U 21006EJ  21205.09017462  .00001140  00000-0  67840-4 0  9998
2 47617  97.4898 265.7475 0011020 331.6200  28.4430 15.13182672 28565
1 47617U 21006EJ  21205.48694144  .00001013  00000-0  60709-4 0  9995
2 47617  97.4898 266.1374 0010979 330.1446  29.9157 15.13182702 28629
1 47617U 21006EJ  21206.14821804  .00001015  00000-0  60816-4 0  9995
2 47617  97.4897 266.7870 0010926 327.6627  32.3933 15.13184243 28722
1 47617U 21006EJ  21206.47885652  .00000981  00000-0  58874-4 0  9994
2 47617  97.4897 267.1119 0010893 326.4063  33.6477 15.13184680 28774
1 47617U 21006EJ  21206.61111162  .00001003  00000-0  60138-4 0  9990
2 47617  97.4897 267.2418 0010882 325.9019  34.1512 15.13185151 28792
1 47617U 21006EJ  21207.14013214  .00001015  00000-0  60830-4 0  9990
2 47617  97.4897 267.7615 0010840 323.9433  36.1066 15.13186425 28878
1 47617U 21006EJ  21207.66915271  .00000962  00000-0  57833-4 0  9990
2 47617  97.4897 268.2813 0010789 321.9569  38.0899 15.13187201 28951
1 47617U 21006EJ  21208.13204539  .00000976  00000-0  58590-4 0  9997
2 47617  97.4896 268.7361 0010757 320.2186  39.8255 15.13188161 29025
1 47617U 21006EJ  21208.66106509  .00000939  00000-0  56553-4 0  9999
2 47617  97.4896 269.2558 0010711 318.1815  41.8597 15.13189032 29103
1 47617U 21006EJ  21209.12395703  .00000944  00000-0  56783-4 0  9998
2 47617  97.4894 269.7106 0010682 316.4130  43.6256 15.13189958 29179
1 47617U 21006EJ  21209.71910325  .00000947  00000-0  56992-4 0  9991
2 47617  97.4894 270.2952 0010642 314.0785  45.9569 15.13191195 29269
1 47617U 21006EJ  21210.18199455  .00000978  00000-0  58705-4 0  9995
2 47617  97.4893 270.7500 0010619 312.2690  47.7640 15.13192253 29335
1 47617U 21006EJ  21210.71101276  .00000957  00000-0  57563-4 0  9996
2 47617  97.4893 271.2697 0010591 310.2068  49.8236 15.13193227 29419
1 47617U 21006EJ  21211.43841231  .00000937  00000-0  56387-4 0  9999
2 47617  97.4892 271.9843 0010557 307.3425  52.6843 15.13194562 29525
1 47617U 21006EJ  21211.63679386  .00000942  00000-0  56685-4 0  9998
2 47617  97.4892 272.1792 0010547 306.5385  53.4874 15.13195029 29551
1 47617U 21006EJ  21211.90130256  .00000934  00000-0  56262-4 0  9998
2 47617  97.4891 272.4391 0010539 305.4771  54.5476 15.13195503 29597
1 47617U 21006EJ  21212.43031988  .00000886  00000-0  53532-4 0  9992
2 47617  97.4891 272.9588 0010518 303.4018  56.6206 15.13196294 29670
1 47617U 21006EJ  21212.89320960  .00000841  00000-0  50982-4 0  9990
2 47617  97.4891 273.4136 0010497 301.5574  58.4631 15.13197035 29741
1 47617U 21006EJ  21213.15771792  .00000828  00000-0  50298-4 0  9998
2 47617  97.4890 273.6734 0010489 300.5174  59.5021 15.13197536 29787
1 47617U 21006EJ  21213.42222645  .00000689  00000-0  42467-4 0  9990
2 47617  97.4891 273.9332 0010469 299.4723  60.5463 15.13197260 29820
1 47617U 21006EJ  21213.88511577  .00000751  00000-0  45930-4 0  9993
2 47617  97.4890 274.3880 0010448 297.6504  62.3666 15.13198534 29893
1 47617U 21006EJ  21214.48025918  .00000657  00000-0  40624-4 0  9999
2 47617  97.4891 274.9726 0010420 295.2788  64.7363 15.13199120 29989
1 47617U 21006EJ  21215.14152881  .00000695  00000-0  42755-4 0  9992
2 47617  97.4891 275.6222 0010392 292.6998  67.3134 15.13200619 30084
1 47617U 21006EJ  21215.60441730  .00000706  00000-0  43388-4 0  9993
2 47617  97.4891 276.0770 0010365 290.8699  69.1422 15.13201540 30157
1 47617U 21006EJ  21216.13343272  .00000686  00000-0  42262-4 0  9991
2 47617  97.4890 276.5967 0010351 288.7736  71.2372 15.13202250 30238
1 47617U 21006EJ  21216.79470134  .00000778  00000-0  47429-4 0  9993
2 47617  97.4890 277.2463 0010326 286.1659  73.8435 15.13203793 30337
1 47617U 21006EJ  21217.38984312  .00000726  00000-0  44503-4 0  9990
2 47617  97.4890 277.8309 0010311 283.7891  76.2192 15.13204316 30426
1 47617U 21006EJ  21218.11723808  .00000705  00000-0  43355-4 0  9994
2 47617  97.4888 278.5455 0010304 280.8833  79.1239 15.13205205 30533
1 47617U 21006EJ  21218.44787188  .00000693  00000-0  42635-4 0  9997
2 47617  97.4888 278.8703 0010299 279.5316  80.4751 15.13205630 30587
1 47617U 21006EJ  21219.10913914  .00000697  00000-0  42893-4 0  9999
2 47617  97.4887 279.5199 0010309 276.8503  83.1555 15.13206676 30687
1 47617U 21006EJ  21219.43977236  .00000764  00000-0  46672-4 0  9996
2 47617  97.4887 279.8447 0010310 275.5036  84.5019 15.13207632 30734
1 47617U 21006EJ  21220.10103881  .00000762  00000-0  46534-4 0  9994
2 47617  97.4886 280.4942 0010326 272.8264  87.1785 15.13208763 30837
1 47617U 21006EJ  21220.43167214  .00000773  00000-0  47170-4 0  9999
2 47617  97.4886 280.8190 0010328 271.5107  88.4941 15.13209312 30884
1 47617U 21006EJ  21220.76230516  .00000738  00000-0  45200-4 0  9994
2 47617  97.4886 281.1438 0010335 270.1748  89.8299 15.13209718 30934
1 47617U 21006EJ  21221.42357109  .00000736  00000-0  45087-4 0  9997
2 47617  97.4885 281.7934 0010346 267.5009  92.5038 15.13210794 31032
1 47617U 21006EJ  21222.41546908  .00000624  00000-0  38798-4 0  9991
2 47617  97.4884 282.7677 0010355 263.4816  96.5236 15.13211916 31184
1 47617U 21006EJ  21222.48159558  .00000646  00000-0  40013-4 0  9996
2 47617  97.4884 282.8327 0010358 263.2196  96.7856 15.13212142 31192
1 47617U 21006EJ  21223.47349279  .00000626  00000-0  38873-4 0  9996
2 47617  97.4883 283.8070 0010374 259.2179 100.7884 15.13213592 31345
1 47617U 21006EJ  21224.13475724  .00000592  00000-0  36957-4 0  9998
2 47617  97.4882 284.4566 0010380 256.5632 103.4443 15.13214357 31444
1 47617U 21006EJ  21225.12665326  .00000611  00000-0  38048-4 0  9992
2 47617  97.4881 285.4309 0010411 252.6027 107.4066 15.13215743 31590
1 47617U 21006EJ  21225.72179047  .00000648  00000-0  40143-4 0  9997
2 47617  97.4880 286.0155 0010437 250.2293 109.7813 15.13216683 31681
1 47617U 21006EJ  21226.44918001  .00000616  00000-0  38295-4 0  9998
2 47617  97.4879 286.7299 0010476 247.3521 112.6603 15.13217393 31790
1 47617U 21006EJ  21226.91206396  .00000633  00000-0  39293-4 0  9995
2 47617  97.4878 287.1846 0010503 245.5536 114.4600 15.13218076 31863
1 47617U 21006EJ  21227.17656908  .00000629  00000-0  39063-4 0  9992
2 47617  97.4878 287.4444 0010515 244.5328 115.4816 15.13218398 31903
1 47617U 21006EJ  21227.44107410  .00000628  00000-0  38970-4 0  9996
2 47617  97.4878 287.7042 0010530 243.4892 116.5260 15.13218724 31943
1 47617U 21006EJ  21227.70557899  .00000632  00000-0  39184-4 0  9998
2 47617  97.4877 287.9640 0010556 242.4514 117.5645 15.13219127 31986
1 47617U 21006EJ  21228.43296726  .00000667  00000-0  41199-4 0  9995
2 47617  97.4877 288.6785 0010593 239.6714 120.3470 15.13220327 32090
1 47617U 21006EJ  21228.69747204  .00000659  00000-0  40709-4 0  9992
2 47617  97.4877 288.9383 0010614 238.6448 121.3745 15.13220663 32138
1 47617U 21006EJ  21229.42485988  .00000630  00000-0  39113-4 0  9998
2 47617  97.4876 289.6527 0010657 235.8134 124.2088 15.13221533 32244
1 47617U 21006EJ  21229.62323825  .00000639  00000-0  39613-4 0  9995
2 47617  97.4876 289.8476 0010671 235.0421 124.9809 15.13221912 32278
1 47617U 21006EJ  21230.41675148  .00000638  00000-0  39538-4 0  9997
2 47617  97.4876 290.6270 0010724 231.9755 128.0509 15.13223103 32393
1 47617U 21006EJ  21230.81350794  .00000626  00000-0  38892-4 0  9997
2 47617  97.4876 291.0167 0010746 230.4370 129.5912 15.13223637 32457
1 47617U 21006EJ  21231.47476841  .00000643  00000-0  39815-4 0  9997
2 47617  97.4876 291.6662 0010787 227.8520 132.1796 15.13224686 32551
1 47617U 21006EJ  21231.67314647  .00000638  00000-0  39556-4 0  9990
2 47617  97.4876 291.8610 0010796 227.0935 132.9391 15.13224961 32586
1 47617U 21006EJ  21232.13602824  .00000671  00000-0  41382-4 0  9996
2 47617  97.4875 292.3156 0010828 225.3303 134.7047 15.13225842 32657
1 47617U 21006EJ  21233.32629514  .00000755  00000-0  46109-4 0  9998
2 47617  97.4874 293.4847 0010914 220.7924 139.2491 15.13227909 32838
1 47617U 21006EJ  21233.92142776  .00000835  00000-0  50626-4 0  9992
2 47617  97.4873 294.0692 0010959 218.5602 141.4847 15.13229236 32924
1 47617U 21006EJ  21234.38430888  .00000815  00000-0  49458-4 0  9996
2 47617  97.4873 294.5238 0010994 216.8269 143.2208 15.13229720 32990
1 47617U 21006EJ  21234.91331523  .00000819  00000-0  49713-4 0  9999
2 47617  97.4872 295.0434 0011045 214.8831 145.1678 15.13230539 33076
1 47617U 21006EJ  21235.44232167  .00000789  00000-0  48023-4 0  9991
2 47617  97.4871 295.5629 0011090 212.9380 147.1161 15.13231099 33154
1 47617U 21006EJ  21235.77295019  .00000785  00000-0  47805-4 0  9995
2 47617  97.4870 295.8877 0011125 211.7536 148.3025 15.13231666 33208
1 47617U 21006EJ  21236.16970465  .00000850  00000-0  51422-4 0  9997
2 47617  97.4869 296.2773 0011169 210.3596 149.6990 15.13232579 33260
1 47617U 21006EJ  21236.69871007  .00000826  00000-0  50085-4 0  9994
2 47617  97.4869 296.7968 0011222 208.4299 151.6321 15.13233363 33341
1 47617U 21006EJ  21236.89708708  .00000646  00000-0  39958-4 0  9999
2 47617  97.4868 296.9917 0011242 207.7223 152.3410 15.13232724 33377
1 47617U 21006EJ  21237.42609197  .00000907  00000-0  54670-4 0  9999
2 47617  97.4868 297.5112 0011288 205.8280 154.2389 15.13235082 33458
1 47617U 21006EJ  21237.88897081  .00000906  00000-0  54562-4 0  9999
2 47617  97.4867 297.9658 0011335 204.1490 155.9211 15.13236017 33523
1 47617U 21006EJ  21238.08734740  .00000910  00000-0  54822-4 0  9998
2 47617  97.4866 298.1606 0011350 203.4455 156.6260 15.13236454 33558
1 47617U 21006EJ  21238.15347334  .00000924  00000-0  55587-4 0  9999
2 47617  97.4866 298.2256 0011355 203.2065 156.8655 15.13236518 33562
1 47617U 21006EJ  21238.61635182  .00000942  00000-0  56606-4 0  9994
2 47617  97.4866 298.6802 0011400 201.4960 158.5794 15.13237578 33636
1 47617U 21006EJ  21239.40985759  .00000982  00000-0  58874-4 0  9993
2 47617  97.4865 299.4594 0011473 198.6000 161.4814 15.13239262 33755
1 47617U 21006EJ  21239.47598304  .00000971  00000-0  58226-4 0  9995
2 47617  97.4865 299.5244 0011483 198.3772 161.7046 15.13239317 33764
1 47617U 21006EJ  21239.67435929  .00000977  00000-0  58578-4 0  9996
2 47617  97.4865 299.7192 0011503 197.6751 162.4082 15.13239747 33798
1 47617U 21006EJ  21240.13723619  .00001206  00000-0  71427-4 0  9999
2 47617  97.4864 300.1738 0011546 196.0499 164.0368 15.13242105 33864
1 47617U 21006EJ  21240.73236216  .00002213  00000-0  12802-3 0  9997
2 47617  97.4863 300.7582 0011583 193.9413 166.1500 15.13249247 33954
1 47617U 21006EJ  21241.12911309  .00002026  00000-0  11748-3 0  9994
2 47617  97.4862 301.1478 0011628 192.5187 167.5757 15.13249288 34017
1 47617U 21006EJ  21241.72423868  .00002114  00000-0  12242-3 0  9996
2 47617  97.4862 301.7323 0011683 190.3816 169.7176 15.13251423 34101
1 47617U 21006EJ  21242.45161441  .00002008  00000-0  11645-3 0  9991
2 47617  97.4861 302.4465 0011763 187.8169 172.2881 15.13252700 34219
1 47617U 21006EJ  21242.84836681  .00001550  00000-0  90753-4 0  9998
2 47617  97.4860 302.8361 0011803 186.4456 173.6626 15.13250514 34275
1 47617U 21006EJ  21243.11286650  .00001531  00000-0  89676-4 0  9995
2 47617  97.4860 303.0958 0011826 185.5373 174.5729 15.13251190 34313
1 47617U 21006EJ  21243.44349190  .00001481  00000-0  86857-4 0  9992
2 47617  97.4860 303.4205 0011864 184.4120 175.7009 15.13251561 34363
1 47617U 21006EJ  21243.84024210  .00001338  00000-0  78807-4 0  9996
2 47617  97.4859 303.8101 0011907 183.0780 177.0380 15.13251608 34421
1 47617U 21006EJ  21244.17086658  .00001343  00000-0  79128-4 0  9990
2 47617  97.4859 304.1347 0011942 181.9747 178.1439 15.13252491 34479
1 47617U 21006EJ  21244.69986495  .00001304  00000-0  76893-4 0  9998
2 47617  97.4859 304.6542 0011999 180.1861 179.9367 15.13253812 34557
1 47617U 21006EJ  21245.42723757  .00001136  00000-0  67489-4 0  9994
2 47617  97.4858 305.3685 0012068 177.7317 182.3971 15.13254806 34663
1 47617U 21006EJ  21245.82398555  .00001112  00000-0  66097-4 0  9990
2 47617  97.4858 305.7581 0012110 176.4064 183.7256 15.13255840 34722
1 47617U 21006EJ  21246.15460941  .00000965  00000-0  57834-4 0  9990
2 47617  97.4857 306.0827 0012145 175.2648 184.8700 15.13255785 34770
1 47617U 21006EJ  21246.48523245  .00001002  00000-0  59932-4 0  9997
2 47617  97.4857 306.4074 0012180 174.1472 185.9904 15.13256896 34828
1 47617U 21006EJ  21246.88197983  .00001003  00000-0  59967-4 0  9996
2 47617  97.4857 306.7970 0012216 172.8237 187.3171 15.13257991 34885
1 47617U 21006EJ  21247.41097679  .00001007  00000-0  60193-4 0  9994
2 47617  97.4856 307.3164 0012270 171.0343 189.1110 15.13259148 34963
1 47617U 21006EJ  21247.93997293  .00001016  00000-0  60737-4 0  9996
2 47617  97.4856 307.8359 0012323 169.2529 190.8967 15.13260413 35044
1 47617U 21006EJ  21248.46896892  .00001046  00000-0  62384-4 0  9991
2 47617  97.4855 308.3553 0012372 167.4459 192.7083 15.13261672 35128
1 47617U 21006EJ  21248.60121782  .00001045  00000-0  62355-4 0  9993
2 47617  97.4855 308.4852 0012385 167.0051 193.1502 15.13261961 35143
1 47617U 21006EJ  21248.93184004  .00001011  00000-0  60440-4 0  9991
2 47617  97.4855 308.8098 0012415 165.9015 194.2565 15.13262421 35198
1 47617U 21006EJ  21249.79145701  .00001032  00000-0  61607-4 0  9996
2 47617  97.4853 309.6539 0012493 163.0531 197.1120 15.13264248 35326
1 47617U 21006EJ  21250.32045152  .00001094  00000-0  65088-4 0  9991
2 47617  97.4852 310.1733 0012539 161.3222 198.8471 15.13265626 35404
1 47617U 21006EJ  21250.78332134  .00001063  00000-0  63352-4 0  9998
2 47617  97.4851 310.6278 0012578 159.8185 200.3545 15.13266415 35470
1 47617U 21006EJ  21251.11394237  .00001066  00000-0  63472-4 0  9994
2 47617  97.4850 310.9524 0012605 158.7670 201.4087 15.13267135 35523
1 47617U 21006EJ  21251.44456292  .00001214  00000-0  71783-4 0  9999
2 47617  97.4850 311.2771 0012632 157.6974 202.4809 15.13268737 35573
1 47617U 21006EJ  21251.77518364  .00001161  00000-0  68813-4 0  9995
2 47617  97.4849 311.6017 0012659 156.6399 203.5410 15.13269192 35629
1 47617U 21006EJ  21252.10580428  .00001177  00000-0  69707-4 0  9993
2 47617  97.4848 311.9263 0012685 155.6013 204.5821 15.13269979 35670
1 47617U 21006EJ  21252.63479656  .00001166  00000-0  69085-4 0  9998
2 47617  97.4847 312.4457 0012727 153.9362 206.2512 15.13271229 35751
1 47617U 21006EJ  21252.83316859  .00001092  00000-0  64973-4 0  9994
2 47617  97.4847 312.6404 0012739 153.3225 206.8665 15.13271299 35785
1 47617U 21006EJ  21253.16378841  .00001229  00000-0  72612-4 0  9991
2 47617  97.4846 312.9651 0012761 152.2922 207.8992 15.13272859 35831
1 47617U 21006EJ  21253.69277950  .00001240  00000-0  73227-4 0  9994
2 47617  97.4846 313.4844 0012807 150.6112 209.5842 15.13274382 35910
1 47617U 21006EJ  21253.82502735  .00001233  00000-0  72854-4 0  9998
2 47617  97.4845 313.6143 0012815 150.1921 210.0042 15.13274643 35936
1 47617U 21006EJ  21254.42014100  .00001399  00000-0  82155-4 0  9997
2 47617  97.4845 314.1986 0012864 148.2634 211.9375 15.13277410 36025
1 47617U 21006EJ  21254.75076022  .00001272  00000-0  75013-4 0  9999
2 47617  97.4844 314.5232 0012890 147.2045 212.9989 15.13277536 36072
1 47617U 21006EJ  21255.41199754  .00001203  00000-0  71171-4 0  9996
2 47617  97.4843 315.1724 0012947 145.0553 215.1530 15.13278930 36174
1 47617U 21006EJ  21255.87486294  .00001212  00000-0  71675-4 0  9993
2 47617  97.4843 315.6268 0012980 143.5342 216.6776 15.13280274 36248
1 47617U 21006EJ  21255.94098655  .00001208  00000-0  71455-4 0  9992
2 47617  97.4842 315.6917 0012985 143.3236 216.8886 15.13280430 36252
1 47617U 21006EJ  21256.40385184  .00001157  00000-0  68589-4 0  9997
2 47617  97.4842 316.1461 0013026 141.8264 218.3892 15.13281341 36327
1 47617U 21006EJ  21256.80059287  .00001202  00000-0  71120-4 0  9999
2 47617  97.4841 316.5357 0013055 140.5563 219.6621 15.13282675 36385
1 47617U 21006EJ  21257.13121032  .00001195  00000-0  70673-4 0  9997
2 47617  97.4841 316.8603 0013080 139.5186 220.7021 15.13283495 36433
1 47617U 21006EJ  21258.45367876  .00001121  00000-0  66523-4 0  9999
2 47617  97.4839 318.1586 0013175 135.3485 224.8809 15.13286236 36633
1 47617U 21006EJ  21258.91654210  .00001083  00000-0  64393-4 0  9991
2 47617  97.4838 318.6130 0013198 133.9218 226.3105 15.13287082 36709
1 47617U 21006EJ  21259.44552827  .00001095  00000-0  65062-4 0  9998
2 47617  97.4838 319.1323 0013229 132.2750 227.9605 15.13288386 36785
1 47617U 21006EJ  21260.04063747  .00001003  00000-0  59914-4 0  9992
2 47617  97.4837 319.7165 0013257 130.4539 229.7851 15.13289192 36879
1 47617U 21006EJ  21260.43737654  .00000979  00000-0  58579-4 0  9997
2 47617  97.4836 320.1060 0013278 129.2761 230.9650 15.13289950 36934
1 47617U 21006EJ  21260.90023826  .00000967  00000-0  57900-4 0  9992
2 47617  97.4836 320.5603 0013297 127.8824 232.3612 15.13291008 37006
1 47617U 21006EJ  21261.09860755  .00000954  00000-0  57145-4 0  9990
2 47617  97.4835 320.7551 0013300 127.2660 232.9786 15.13291399 37030
1 47617U 21006EJ  21261.42922268  .00000980  00000-0  58624-4 0  9997
2 47617  97.4835 321.0796 0013316 126.2520 233.9944 15.13292364 37081
1 47617U 21006EJ  21262.42106821  .00000750  00000-0  45704-4 0  9997
2 47617  97.4834 322.0533 0013368 123.2381 237.0134 15.13293284 37234
1 47617U 21006EJ  21262.88392861  .00000843  00000-0  50950-4 0  9990
2 47617  97.4834 322.5077 0013393 121.8088 238.4449 15.13294899 37303
1 47617U 21006EJ  21263.41291198  .00000866  00000-0  52186-4 0  9999
2 47617  97.4833 323.0270 0013429 120.1638 240.0926 15.13296129 37381
1 47617U 21006EJ  21263.74352645  .00000849  00000-0  51279-4 0  9993
2 47617  97.4832 323.3515 0013447 119.1322 241.1257 15.13296717 37431
1 47617U 21006EJ  21264.40475479  .00000919  00000-0  55188-4 0  9999
2 47617  97.4832 324.0006 0013474 117.1151 243.1456 15.13298377 37530
1 47617U 21006EJ  21265.13210515  .00000937  00000-0  56161-4 0  9990
2 47617  97.4830 324.7146 0013510 114.8679 245.3958 15.13299902 37648
1 47617U 21006EJ  21265.39659572  .00001134  00000-0  67255-4 0  9994
2 47617  97.4830 324.9743 0013518 114.0400 246.2247 15.13301537 37688
1 47617U 21006EJ  21265.99169949  .00001146  00000-0  67878-4 0  9998
2 47617  97.4829 325.5584 0013534 112.2176 248.0492 15.13302809 37779
1 47617U 21006EJ  21266.65292503  .00001328  00000-0  78080-4 0  9994
2 47617  97.4827 326.2075 0013554 110.1685 250.1005 15.13305242 37873
1 47617U 21006EJ  21266.71904794  .00001221  00000-0  72107-4 0  9999
2 47617  97.4827 326.2724 0013556 109.9713 250.2980 15.13304687 37880
1 47617U 21006EJ  21267.44639514  .00001229  00000-0  72559-4 0  9994
2 47617  97.4825 326.9863 0013574 107.7544 252.5170 15.13306368 37993
1 47617U 21006EJ  21267.71088471  .00001442  00000-0  84467-4 0  9992
2 47617  97.4824 327.2459 0013572 106.9427 253.3293 15.13308142 38039
1 47617U 21006EJ  21268.10761908  .00001499  00000-0  87675-4 0  9995
2 47617  97.4823 327.6353 0013569 105.7459 254.5270 15.13309334 38091
1 47617U 21006EJ  21268.43823049  .00001527  00000-0  89222-4 0  9998
2 47617  97.4823 327.9598 0013574 104.7496 255.5241 15.13310368 38145
1 47617U 21006EJ  21269.09945288  .00001598  00000-0  93220-4 0  9992
2 47617  97.4821 328.6088 0013568 102.7512 257.5237 15.13312526 38241
1 47617U 21006EJ  21269.43006360  .00001605  00000-0  93596-4 0  9994
2 47617  97.4821 328.9333 0013568 101.7434 258.5321 15.13313538 38293
1 47617U 21006EJ  21269.62843000  .00001613  00000-0  94040-4 0  9999
2 47617  97.4821 329.1280 0013567 101.1449 259.1308 15.13314175 38320
1 47617U 21006EJ  21270.42189461  .00001569  00000-0  91569-4 0  9996
2 47617  97.4819 329.9068 0013564  98.7440 261.5328 15.13316367 38445
1 47617U 21006EJ  21271.54596715  .00001560  00000-0  91092-4 0  9996
2 47617  97.4819 331.0101 0013580  95.3379 264.9402 15.13319950 38619
1 47617U 21006EJ  21271.74433257  .00001550  00000-0  90522-4 0  9995
2 47617  97.4819 331.2048 0013583  94.7188 265.5594 15.13320552 38647
1 47617U 21006EJ  21272.40555064  .00001561  00000-0  91123-4 0  9990
2 47617  97.4818 331.8538 0013593  92.7044 267.5743 15.13322552 38747
1 47617U 21006EJ  21273.13288878  .00001599  00000-0  93222-4 0  9990
2 47617  97.4817 332.5677 0013594  90.4710 269.8079 15.13325032 38859
1 47617U 21006EJ  21273.52961853  .00001682  00000-0  97911-4 0  9996
2 47617  97.4817 332.9571 0013596  89.2679 271.0110 15.13326602 38910
1 47617U 21006EJ  21274.52144004  .00001791  00000-0  10399-3 0  9993
2 47617  97.4816 333.9305 0013592  86.2243 274.0542 15.13330414 39060
1 47617U 21006EJ  21274.85204678  .00001785  00000-0  10367-3 0  9991
2 47617  97.4815 334.2549 0013587  85.2042 275.0740 15.13331389 39112
1 47617U 21006EJ  21275.18265392  .00001541  00000-0  89977-4 0  9992
2 47617  97.4815 334.5794 0013581  84.2315 276.0465 15.13331015 39169
1 47617U 21006EJ  21275.71162328  .00001688  00000-0  98232-4 0  9992
2 47617  97.4814 335.0985 0013572  82.6123 277.6650 15.13333665 39240
1 47617U 21006EJ  21276.57119770  .00001631  00000-0  95028-4 0  9998
2 47617  97.4813 335.9421 0013540  80.0023 280.2735 15.13336327 39375
1 47617U 21006EJ  21276.83568172  .00001644  00000-0  95749-4 0  9995
2 47617  97.4812 336.2017 0013524  79.1700 281.1052 15.13337326 39419
1 47617U 21006EJ  21277.10016564  .00001605  00000-0  93525-4 0  9996
2 47617  97.4812 336.4612 0013511  78.3602 281.9145 15.13338093 39457
1 47617U 21006EJ  21277.49689132  .00001624  00000-0  94593-4 0  9992
2 47617  97.4811 336.8506 0013494  77.1844 283.0894 15.13339598 39519
1 47617U 21006EJ  21277.89361659  .00001565  00000-0  91327-4 0  9993
2 47617  97.4811 337.2399 0013476  75.9466 284.3262 15.13340693 39577
1 47617U 21006EJ  21278.42258302  .00001518  00000-0  88663-4 0  9990
2 47617  97.4810 337.7590 0013454  74.3328 285.9387 15.13342389 39658
1 47617U 21006EJ  21279.41439388  .00001342  00000-0  78794-4 0  9994
2 47617  97.4808 338.7324 0013415  71.3061 288.9625 15.13344809 39803
1 47617U 21006EJ  21279.74499680  .00001349  00000-0  79210-4 0  9992
2 47617  97.4808 339.0568 0013406  70.2843 289.9833 15.13346045 39854
1 47617U 21006EJ  21279.87723780  .00001362  00000-0  79934-4 0  9995
2 47617  97.4807 339.1866 0013404  69.8823 290.3849 15.13346609 39876
1 47617U 21006EJ  21280.53844285  .00001443  00000-0  84453-4 0  9996
2 47617  97.4806 339.8355 0013380  67.8612 292.4038 15.13349252 39973
1 47617U 21006EJ  21280.93516537  .00001451  00000-0  84905-4 0  9997
2 47617  97.4805 340.2248 0013364  66.6164 293.6471 15.13350591 40031
1 47617U 21006EJ  21281.19964737  .00001467  00000-0  85784-4 0  9998
2 47617  97.4805 340.4844 0013355  65.7820 294.4806 15.13351397 40074
1 47617U 21006EJ  21281.39800849  .00001479  00000-0  86438-4 0  9993
2 47617  97.4805 340.6790 0013349  65.1823 295.0795 15.13352051 40102
1 47617U 21006EJ  21281.79473043  .00001442  00000-0  84407-4 0  9993
2 47617  97.4804 341.0683 0013334  63.9687 296.2915 15.13353053 40161
1 47617U 21006EJ  21282.19145232  .00001451  00000-0  84891-4 0  9991
2 47617  97.4803 341.4576 0013315  62.7252 297.5334 15.13354257 40222
1 47617U 21006EJ  21282.38981309  .00001451  00000-0  84896-4 0  9990
2 47617  97.4802 341.6523 0013306  62.1241 298.1336 15.13354806 40259
1 47617U 21006EJ  21282.72041402  .00001484  00000-0  86717-4 0  9999
2 47617  97.4801 341.9767 0013289  61.1040 299.1523 15.13355966 40300
1 47617U 21006EJ  21283.44773478  .00001949  00000-0  11277-3 0  9998
2 47617  97.4800 342.6904 0013248  58.8346 301.4182 15.13360790 40418
1 47617U 21006EJ  21283.91057568  .00001695  00000-0  98535-4 0  9996
2 47617  97.4799 343.1446 0013219  57.3825 302.8680 15.13360609 40480
1 47617U 21006EJ  21284.43953380  .00001933  00000-0  11185-3 0  9991
2 47617  97.4798 343.6636 0013184  55.7154 304.5324 15.13364062 40563
1 47617U 21006EJ  21284.70401493  .00001642  00000-0  95550-4 0  9990
2 47617  97.4798 343.9232 0013158  54.8894 305.3568 15.13362848 40604
1 47617U 21006EJ  21284.90237460  .00001648  00000-0  95880-4 0  9995
2 47617  97.4797 344.1178 0013143  54.2597 305.9855 15.13363458 40639
1 47617U 21006EJ  21285.16685351  .00001816  00000-0  10530-3 0  9995
2 47617  97.4797 344.3773 0013121  53.3894 306.8543 15.13365328 40674
1 47617U 21006EJ  21286.09252820  .00001917  00000-0  11092-3 0  9995
2 47617  97.4796 345.2856 0013046  50.4654 309.7728 15.13369495 40815
1 47617U 21006EJ  21286.42312659  .00001809  00000-0  10489-3 0  9998
2 47617  97.4795 345.6099 0013030  49.6638 310.5729 15.13370652 40865
1 47617U 21006EJ  21286.55536569  .00001653  00000-0  96171-4 0  9990
2 47617  97.4795 345.7397 0013021  49.2383 310.9977 15.13370711 40887
1 47617U 21006EJ  21287.41491929  .00001603  00000-0  93353-4 0  9990
2 47617  97.4795 346.5832 0012946  46.2954 313.9348 15.13372446 41014
1 47617U 21006EJ  21287.54715786  .00001652  00000-0  96100-4 0  9991
2 47617  97.4794 346.7130 0012937  45.9150 314.3144 15.13373293 41032
1 47617U 21006EJ  21288.14223187  .00001590  00000-0  92606-4 0  9995
2 47617  97.4794 347.2969 0012896  44.0044 316.2212 15.13375177 41124
1 47617U 21006EJ  21288.73730491  .00001614  00000-0  93973-4 0  9996
2 47617  97.4794 347.8807 0012857  42.1670 318.0548 15.13377538 41217
1 47617U 21006EJ  21289.06790103  .00001526  00000-0  89058-4 0  9990
2 47617  97.4793 348.2051 0012835  41.1112 319.1084 15.13378180 41264
1 47617U 21006EJ  21289.13402022  .00001538  00000-0  89731-4 0  9999
2 47617  97.4793 348.2700 0012831  40.9037 319.3155 15.13378471 41279
1 47617U 21006EJ  21290.12580701  .00001412  00000-0  82676-4 0  9993
2 47617  97.4792 349.2431 0012760  37.7761 322.4363 15.13381013 41428
1 47617U 21006EJ  21291.11759107  .00001456  00000-0  85101-4 0  9995
2 47617  97.4790 350.2162 0012674  34.5817 325.6236 15.13384507 41571
1 47617U 21006EJ  21291.64654124  .00001568  00000-0  91377-4 0  9992
2 47617  97.4789 350.7352 0012630  32.8955 327.3060 15.13386961 41650
1 47617U 21006EJ  21292.43996627  .00001527  00000-0  89059-4 0  9996
2 47617  97.4788 351.5137 0012556  30.2928 329.9026 15.13389159 41773
1 47617U 21006EJ  21292.70444112  .00001284  00000-0  75513-4 0  9993
2 47617  97.4787 351.7732 0012524  29.4295 330.7639 15.13388659 41816
1 47617U 21006EJ  21293.43174551  .00001485  00000-0  86743-4 0  9991
2 47617  97.4786 352.4868 0012458  26.9803 333.2074 15.13392038 41925
1 47617U 21006EJ  21293.76233844  .00001405  00000-0  82236-4 0  9993
2 47617  97.4785 352.8111 0012420  25.8805 334.3045 15.13392574 41978
1 47617U 21006EJ  21294.42352362  .00001287  00000-0  75631-4 0  9993
2 47617  97.4784 353.4598 0012357  23.6765 336.5032 15.13393879 42074
1 47617U 21006EJ  21295.15082603  .00001250  00000-0  73598-4 0  9992
2 47617  97.4782 354.1734 0012292  21.2403 338.9336 15.13395969 42180
1 47617U 21006EJ  21295.41529956  .00001221  00000-0  71974-4 0  9992
2 47617  97.4782 354.4328 0012265  20.3779 339.7939 15.13396561 42220
1 47617U 21006EJ  21295.67977314  .00001172  00000-0  69231-4 0  9993
2 47617  97.4781 354.6923 0012238  19.4809 340.6887 15.13397022 42265
1 47617U 21006EJ  21296.14260093  .00001157  00000-0  68395-4 0  9998
2 47617  97.4780 355.1464 0012197  17.9074 342.2585 15.13398359 42336
1 47617U 21006EJ  21296.73766550  .00001137  00000-0  67255-4 0  9994
2 47617  97.4779 355.7302 0012142  15.9527 344.2084 15.13399759 42423
1 47617U 21006EJ  21297.39884737  .00001118  00000-0  66200-4 0  9993
2 47617  97.4778 356.3789 0012080  13.7656 346.3902 15.13401331 42521
1 47617U 21006EJ  21297.72943810  .00001134  00000-0  67075-4 0  9997
2 47617  97.4777 356.7032 0012050  12.6269 347.5262 15.13402200 42573
1 47617U 21006EJ  21298.12614666  .00001145  00000-0  67695-4 0  9996
2 47617  97.4776 357.0924 0012015  11.2662 348.8836 15.13403193 42639
1 47617U 21006EJ  21299.44850633  .00001485  00000-0  86700-4 0  9993
2 47617  97.4774 358.3896 0011893   6.7628 353.3762 15.13408138 42838
1 47617U 21006EJ  21300.17580250  .00001575  00000-0  91705-4 0  9992
2 47617  97.4772 359.1030 0011824   4.2530 355.8800 15.13410524 42948
1 47617U 21006EJ  21300.70474435  .00001685  00000-0  97877-4 0  9996
2 47617  97.4772 359.6219 0011774   2.3923 357.7363 15.13412622 43027
1 47617U 21006EJ  21301.43203874  .00001789  00000-0  10368-3 0  9998
2 47617  97.4771   0.3354 0011705 359.8307   0.2918 15.13415239 43131
1 47617U 21006EJ  21301.69650898  .00001810  00000-0  10489-3 0  9997
2 47617  97.4771   0.5949 0011678 358.8875   1.2329 15.13416217 43179
1 47617U 21006EJ  21302.02709645  .00001843  00000-0  10671-3 0  9999
2 47617  97.4771   0.9192 0011648 357.6914   2.4261 15.13417493 43222
1 47617U 21006EJ  21302.15933181  .00002232  00000-0  12843-3 0  9993
2 47617  97.4771   1.0489 0011645 357.2080   2.9084 15.13419857 43246
1 47617U 21006EJ  21302.68827055  .00002448  00000-0  14052-3 0  9996
2 47617  97.4770   1.5677 0011600 355.3601   4.7521 15.13423060 43324
1 47617U 21006EJ  21303.15109219  .00002359  00000-0  13554-3 0  9991
2 47617  97.4770   2.0217 0011559 353.6973   6.4111 15.13424169 43398
1 47617U 21006EJ  21304.40731748  .00002337  00000-0  13431-3 0  9998
2 47617  97.4769   3.2540 0011438 349.1869  10.9115 15.13429213 43588
1 47617U 21006EJ  21305.39907267  .00002456  00000-0  14092-3 0  9994
2 47617  97.4772   4.2269 0011311 345.7814  14.3097 15.13432067 43738
1 47617U 21006EJ  21305.92800710  .00002480  00000-0  14227-3 0  9995
2 47617  97.4770   4.7458 0011255 343.8702  16.2170 15.13434375 43819
1 47617U 21006EJ  21306.39082368  .00003101  00000-0  17696-3 0  9992
2 47617  97.4770   5.1998 0011222 342.2365  17.8472 15.13438562 43886
1 47617U 21006EJ  21306.58917376  .00003369  00000-0  19193-3 0  9999
2 47617  97.4769   5.3944 0011211 341.5409  18.5414 15.13440209 43915
1 47617U 21006EJ  21307.11810612  .00003850  00000-0  21876-3 0  9990
2 47617  97.4767   5.9133 0011171 339.6194  20.4590 15.13444163 43991
1 47617U 21006EJ  21307.44868781  .00004008  00000-0  22755-3 0  9999
2 47617  97.4767   6.2376 0011133 338.4019  21.6741 15.13446571 44048
1 47617U 21006EJ  21308.44042733  .00005221  00000-0  29520-3 0  9996
2 47617  97.4766   7.2106 0011097 334.5174  25.5509 15.13458040 44192
1 47617U 21006EJ  21308.57265490  .00009255  00000-0  52001-3 0  9998
2 47617  97.4764   7.3402 0011032 334.2638  25.8043 15.13473723 44215
1 47617U 21006EJ  21309.10158784  .00003478  00000-0  19792-3 0  9996
2 47617  97.4763   7.8591 0010970 332.2785  27.7860 15.13456460 44294
1 47617U 21006EJ  21309.16770392  .00003146  00000-0  17941-3 0  9993
2 47617  97.4763   7.9240 0010974 331.9977  28.0663 15.13455752 44309
1 47617U 21006EJ  21309.76274499  .00002807  00000-0  16047-3 0  9995
2 47617  97.4760   8.5076 0010922 329.8177  30.2424 15.13458958 44391
1 47617U 21006EJ  21310.15943798  .00002557  00000-0  14650-3 0  9995
2 47617  97.4759   8.8967 0010896 328.2918  31.7656 15.13461139 44452
1 47617U 21006EJ  21310.42389979  .00002410  00000-0  13824-3 0  9990
2 47617  97.4758   9.1561 0010868 327.3101  32.7456 15.13462474 44494
1 47617U 21006EJ  21311.15116905  .00001832  00000-0  10595-3 0  9997
2 47617  97.4755   9.8695 0010820 324.5470  35.5041 15.13465212 44609
1 47617U 21006EJ  21311.61397599  .00001580  00000-0  91881-4 0  9996
2 47617  97.4755  10.3234 0010789 322.8134  37.2349 15.13467007 44678
1 47617U 21006EJ  21311.87843680  .00001444  00000-0  84290-4 0  9996
2 47617  97.4753  10.5827 0010764 321.8061  38.2407 15.13467893 44711
1 47617U 21006EJ  21312.14289770  .00001364  00000-0  79828-4 0  9993
2 47617  97.4752  10.8421 0010745 320.7943  39.2509 15.13468786 44759
1 47617U 21006EJ  21312.34124339  .00001316  00000-0  77130-4 0  9995
2 47617  97.4752  11.0366 0010730 320.0320  40.0121 15.13469328 44782
1 47617U 21006EJ  21313.06851024  .00001333  00000-0  78093-4 0  9991
2 47617  97.4751  11.7499 0010673 317.2869  42.7532 15.13471570 44896
1 47617U 21006EJ  21313.59743222  .00001593  00000-0  92630-4 0  9990
2 47617  97.4754  12.2686 0010676 315.2458  44.7911 15.13472609 44974
1 47617U 21006EJ  21314.39081141  .00001553  00000-0  90355-4 0  9992
2 47617  97.4753  13.0468 0010624 312.2531  47.7799 15.13475785 45091
1 47617U 21006EJ  21315.38253534  .00001573  00000-0  91482-4 0  9993
2 47617  97.4751  14.0193 0010527 308.2648  51.7635 15.13478278 45242
1 47617U 21006EJ  21315.71310864  .00001298  00000-0  76127-4 0  9993
2 47617  97.4751  14.3437 0010548 307.0891  52.9375 15.13478891 45296
1 47617U 21006EJ  21315.91145288  .00001268  00000-0  74462-4 0  9998
2 47617  97.4751  14.5382 0010542 306.3177  53.7080 15.13479329 45323
1 47617U 21006EJ  21316.44037094  .00001241  00000-0  72951-4 0  9994
2 47617  97.4750  15.0570 0010516 304.2149  55.8085 15.13480669 45400
1 47617U 21006EJ  21316.90317380  .00001088  00000-0  64366-4 0  9994
2 47617  97.4750  15.5109 0010500 302.3417  57.6797 15.13481146 45471
1 47617U 21006EJ  21317.10151784  .00001073  00000-0  63578-4 0  9999
2 47617  97.4749  15.7054 0010498 301.5756  58.4450 15.13481600 45507
1 47617U 21006EJ  21317.56432035  .00001108  00000-0  65514-4 0  9991
2 47617  97.4749  16.1593 0010472 299.7116  60.3072 15.13483022 45579
1 47617U 21006EJ  21317.69654958  .00001098  00000-0  64934-4 0  9998
2 47617  97.4749  16.2890 0010468 299.1917  60.8267 15.13483317 45598
1 47617U 21006EJ  21318.42381006  .00001095  00000-0  64785-4 0  9992
2 47617  97.4749  17.0022 0010452 296.3369  63.6788 15.13485114 45706
1 47617U 21006EJ  21318.55603907  .00001076  00000-0  63721-4 0  9991
2 47617  97.4749  17.1319 0010444 295.7859  64.2294 15.13485394 45725
1 47617U 21006EJ  21318.88661171  .00000979  00000-0  58296-4 0  9996
2 47617  97.4748  17.4561 0010434 294.4791  65.5351 15.13485699 45777
1 47617U 21006EJ  21319.54775651  .00001087  00000-0  64351-4 0  9999
2 47617  97.4748  18.1046 0010408 291.8646  68.1479 15.13487934 45879
1 47617U 21006EJ  21319.74609981  .00001080  00000-0  63931-4 0  9999
2 47617  97.4748  18.2991 0010400 291.0918  68.9201 15.13488389 45905
1 47617U 21006EJ  21320.53947190  .00001154  00000-0  68037-4 0  9999
2 47617  97.4747  19.0772 0010374 287.9517  72.0583 15.13490880 46021
1 47617U 21006EJ  21320.73781486  .00001153  00000-0  67978-4 0  9997
2 47617  97.4747  19.2717 0010366 287.1780  72.8317 15.13491361 46058
1 47617U 21006EJ  21321.13450100  .00001059  00000-0  62746-4 0  9991
2 47617  97.4746  19.6608 0010357 285.6009  74.4079 15.13491679 46119
1 47617U 21006EJ  21321.92787177  .00001141  00000-0  67327-4 0  9997
2 47617  97.4744  20.4389 0010332 282.4505  77.5570 15.13493948 46236
1 47617U 21006EJ  21322.39067093  .00001121  00000-0  66235-4 0  9992
2 47617  97.4744  20.8927 0010328 280.6099  79.3969 15.13494926 46308
1 47617U 21006EJ  21322.58901351  .00001106  00000-0  65379-4 0  9998
2 47617  97.4743  21.0873 0010322 279.8087  80.1978 15.13495256 46331
1 47617U 21006EJ  21323.44849690  .00001176  00000-0  69250-4 0  9990
2 47617  97.4741  21.9302 0010322 276.4140  83.5916 15.13497497 46460
1 47617U 21006EJ  21323.91129514  .00001067  00000-0  63165-4 0  9996
2 47617  97.4740  22.3840 0010325 274.5574  85.4478 15.13497974 46536
1 47617U 21006EJ  21324.44020702  .00001164  00000-0  68615-4 0  9997
2 47617  97.4739  22.9027 0010328 272.4625  87.5424 15.13499733 46612
1 47617U 21006EJ  21324.57243496  .00001142  00000-0  67400-4 0  9995
2 47617  97.4738  23.0324 0010332 271.9176  88.0872 15.13499935 46632
1 47617U 21006EJ  21325.43191545  .00001109  00000-0  65550-4 0  9995
2 47617  97.4736  23.8753 0010353 268.5160  91.4885 15.13501896 46768
1 47617U 21006EJ  21325.63025698  .00001109  00000-0  65544-4 0  9995
2 47617  97.4736  24.0698 0010358 267.7148  92.2898 15.13502412 46792
1 47617U 21006EJ  21325.89471209  .00001200  00000-0  70596-4 0  9991
2 47617  97.4735  24.3291 0010364 266.6793  93.3253 15.13503585 46838
1 47617U 21006EJ  21326.88641871  .00001030  00000-0  61090-4 0  9995
2 47617  97.4734  25.3016 0010383 262.7026  97.3025 15.13505129 46983
1 47617U 21006EJ  21327.08475986  .00001019  00000-0  60477-4 0  9995
2 47617  97.4734  25.4961 0010387 261.9308  98.0745 15.13505562 47014
1 47617U 21006EJ  21327.54755544  .00001057  00000-0  62601-4 0  9990
2 47617  97.4733  25.9500 0010394 260.0480  99.9578 15.13506980 47082
1 47617U 21006EJ  21328.14257788  .00001088  00000-0  64321-4 0  9999
2 47617  97.4732  26.5335 0010408 257.7216 102.2850 15.13508658 47175
1 47617U 21006EJ  21329.06816597  .00001155  00000-0  68048-4 0  9995
2 47617  97.4732  27.4411 0010416 254.0310 105.9774 15.13511726 47315
1 47617U 21006EJ  21329.59707312  .00001304  00000-0  76373-4 0  9993
2 47617  97.4733  27.9598 0010415 251.8994 108.1103 15.13513960 47390
1 47617U 21006EJ  21330.05986645  .00001268  00000-0  74401-4 0  9993
2 47617  97.4732  28.4137 0010433 250.1117 109.8990 15.13515008 47468
1 47617U 21006EJ  21330.91933884  .00001316  00000-0  77070-4 0  9994
2 47617  97.4731  29.2564 0010468 246.7511 113.2618 15.13517563 47595
1 47617U 21006EJ  21331.11767845  .00001312  00000-0  76839-4 0  9997
2 47617  97.4730  29.4509 0010477 246.0016 114.0119 15.13518091 47624
1 47617U 21006EJ  21331.58047003  .00001646  00000-0  95445-4 0  9999
2 47617  97.4730  29.9047 0010492 244.1972 115.8177 15.13521310 47691
1 47617U 21006EJ  21332.17548645  .00001592  00000-0  92408-4 0  9999
2 47617  97.4730  30.4882 0010583 242.1483 117.8677 15.13523099 47784
1 47617U 21006EJ  21332.43993770  .00001840  00000-0  10622-3 0  9994
2 47617  97.4730  30.7475 0010595 241.1343 118.8825 15.13525443 47828
1 47617U 21006EJ  21332.90272655  .00001961  00000-0  11297-3 0  9991
2 47617  97.4728  31.2013 0010583 239.1752 120.8438 15.13528105 47895
1 47617U 21006EJ  21333.43162717  .00002321  00000-0  13306-3 0  9991
2 47617  97.4728  31.7199 0010606 237.0872 122.9339 15.13532466 47978
1 47617U 21006EJ  21333.56385271  .00002201  00000-0  12636-3 0  9999
2 47617  97.4728  31.8495 0010617 236.5616 123.4601 15.13532296 47991
1 47617U 21006EJ  21333.96052820  .00002229  00000-0  12789-3 0  9993
2 47617  97.4727  32.2385 0010642 235.0352 124.9880 15.13534090 48059
1 47617U 21006EJ  21334.55554027  .00002088  00000-0  12005-3 0  9999
2 47617  97.4731  32.8220 0010666 232.3696 127.6569 15.13537298 48142
1 47617U 21006EJ  21334.88610206  .00001756  00000-0  10154-3 0  9991
2 47617  97.4731  33.1462 0010686 231.1204 128.9075 15.13537805 48193
1 47617U 21006EJ  21335.41500013  .00002533  00000-0  14480-3 0  9995
2 47617  97.4726  33.6646 0010729 229.4308 130.5990 15.13542459 48274
1 47617U 21006EJ  21335.74556146  .00001997  00000-0  11497-3 0  9997
2 47617  97.4729  33.9890 0010737 227.8844 132.1476 15.13542242 48320
1 47617U 21006EJ  21336.60501973  .00001903  00000-0  10970-3 0  9993
2 47617  97.4728  34.8317 0010810 224.7664 135.2696 15.13544848 48457
1 47617U 21006EJ  21337.13391626  .00001851  00000-0  10678-3 0  9991
2 47617  97.4726  35.3504 0010831 222.5731 137.4662 15.13546431 48539
1 47617U 21006EJ  21337.53058857  .00001794  00000-0  10362-3 0  9997
2 47617  97.4725  35.7394 0010874 221.1762 138.8650 15.13547310 48590
1 47617U 21006EJ  21337.59670056  .00001793  00000-0  10356-3 0  9996
2 47617  97.4725  35.8042 0010884 220.9784 139.0631 15.13547516 48605
1 47617U 21006EJ  21338.12559584  .00002050  00000-0  11784-3 0  9991
2 47617  97.4723  36.3228 0010921 219.0116 141.0329 15.13550050 48687
1 47617U 21006EJ  21338.39004334  .00002018  00000-0  11607-3 0  9996
2 47617  97.4723  36.5820 0010943 217.9997 142.0464 15.13550792 48724
1 47617U 21006EJ  21338.91893725  .00001467  00000-0  85390-4 0  9992
2 47617  97.4720  37.1003 0010973 216.2206 143.8284 15.13550974 48809
1 47617U 21006EJ  21339.44783080  .00001544  00000-0  89662-4 0  9995
2 47617  97.4720  37.6189 0011009 214.2721 145.7801 15.13553290 48888
1 47617U 21006EJ  21339.91061165  .00001558  00000-0  90424-4 0  9993
2 47617  97.4719  38.0727 0011049 212.5457 147.5094 15.13555168 48958
1 47617U 21006EJ  21340.43950314  .00001619  00000-0  93838-4 0  9995
2 47617  97.4718  38.5913 0011093 210.7023 149.3561 15.13557626 49037
1 47617U 21006EJ  21340.57172642  .00001514  00000-0  88002-4 0  9991
2 47617  97.4718  38.7209 0011110 210.1815 149.8778 15.13557467 49050
1 47617U 21006EJ  21340.90228201  .00001773  00000-0  10238-3 0  9993
2 47617  97.4717  39.0451 0011121 209.0655 150.9958 15.13560529 49105
1 47617U 21006EJ  21341.43117246  .00001777  00000-0  10262-3 0  9999
2 47617  97.4714  39.5638 0011192 206.8814 153.1839 15.13563741 49184
1 47617U 21006EJ  21341.62950652  .00001639  00000-0  94940-4 0  9999
2 47617  97.4717  39.7581 0011192 206.4263 153.6399 15.13562608 49211
1 47617U 21006EJ  21342.15839667  .00001466  00000-0  85304-4 0  9992
2 47617  97.4715  40.2767 0011246 204.4870 155.5829 15.13563609 49293
1 47617U 21006EJ  21342.75339752  .00001395  00000-0  81301-4 0  9992
2 47617  97.4715  40.8600 0011307 202.4337 157.6401 15.13565318 49387
1 47617U 21006EJ  21342.88562005  .00001283  00000-0  75085-4 0  9993
2 47617  97.4715  40.9897 0011323 201.9628 158.1119 15.13565106 49401
1 47617U 21006EJ  21343.67895376  .00001208  00000-0  70881-4 0  9997
2 47617  97.4714  41.7675 0011392 199.0141 161.0667 15.13567267 49520
1 47617U 21006EJ  21344.53839772  .00001089  00000-0  64259-4 0  9990
2 47617  97.4713  42.6101 0011474 195.8907 164.1966 15.13569074 49656
1 47617U 21006EJ  21344.93506403  .00000897  00000-0  53590-4 0  9998
2 47617  97.4713  42.9990 0011514 194.4161 165.6743 15.13569008 49710
1 47617U 21006EJ  21345.13339711  .00000878  00000-0  52500-4 0  9996
2 47617  97.4713  43.1935 0011527 193.6541 166.4380 15.13569377 49747
1 47617U 21006EJ  21345.59617385  .00001001  00000-0  59365-4 0  9997
2 47617  97.4713  43.6472 0011567 192.0424 168.0533 15.13571102 49810
1 47617U 21006EJ  21346.12506181  .00000785  00000-0  47328-4 0  9992
2 47617  97.4712  44.1657 0011619 190.1306 169.9693 15.13570886 49899
1 47617U 21006EJ  21346.65394899  .00000932  00000-0  55517-4 0  9994
2 47617  97.4711  44.6843 0011653 188.3535 171.7504 15.13572658 49971
1 47617U 21006EJ  21346.91839262  .00000830  00000-0  49854-4 0  9995
2 47617  97.4711  44.9435 0011686 187.4320 172.6740 15.13572531 50018
1 47617U 21006EJ  21347.51339006  .00000990  00000-0  58731-4 0  9994
2 47617  97.4711  45.5269 0011749 185.3112 174.7997 15.13574489 50107
1 47617U 21006EJ  21347.91005534  .00000842  00000-0  50490-4 0  9994
2 47617  97.4711  45.9157 0011802 183.9194 176.1946 15.13574238 50169
1 47617U 21006EJ  21348.10838768  .00000846  00000-0  50731-4 0  9991
2 47617  97.4711  46.1102 0011818 183.2776 176.8380 15.13574625 50190
1 47617U 21006EJ  21348.17449846  .00000933  00000-0  55541-4 0  9994
2 47617  97.4711  46.1750 0011812 183.0713 177.0447 15.13575202 50203
1 47617U 21006EJ  21348.57116290  .00000984  00000-0  58401-4 0  9996
2 47617  97.4710  46.5639 0011851 181.7100 178.4093 15.13576228 50267
1 47617U 21006EJ  21349.16615936  .00000983  00000-0  58329-4 0  9991
2 47617  97.4709  47.1473 0011907 179.7267 180.3973 15.13577309 50351
1 47617U 21006EJ  21349.76115487  .00001101  00000-0  64928-4 0  9998
2 47617  97.4708  47.7306 0011958 177.7068 182.4221 15.13579253 50443
1 47617U 21006EJ  21350.42226021  .00001161  00000-0  68228-4 0  9993
2 47617  97.4708  48.3787 0012022 175.4997 184.6345 15.13581146 50548
1 47617U 21006EJ  21350.88503350  .00001262  00000-0  73875-4 0  9992
2 47617  97.4706  48.8324 0012059 173.9503 186.1877 15.13582845 50616
1 47617U 21006EJ  21351.01725433  .00001272  00000-0  74407-4 0  9999
2 47617  97.4706  48.9621 0012072 173.5024 186.6366 15.13583257 50634
1 47617U 21006EJ  21351.74446834  .00001419  00000-0  82617-4 0  9999
2 47617  97.4705  49.6750 0012138 171.0285 189.1165 15.13586042 50741
1 47617U 21006EJ  21352.14112985  .00001468  00000-0  85324-4 0  9993
2 47617  97.4704  50.0639 0012170 169.7118 190.4365 15.13587492 50801
1 47617U 21006EJ  21352.73612115  .00001841  00000-0  10604-3 0  9991
2 47617  97.4704  50.6472 0012216 167.6796 192.4736 15.13591389 50895
1 47617U 21006EJ  21353.39722137  .00002059  00000-0  11815-3 0  9997
2 47617  97.4702  51.2953 0012270 165.4842 194.6744 15.13594805 50992
1 47617U 21006EJ  21353.59555130  .00002152  00000-0  12333-3 0  9996
2 47617  97.4702  51.4897 0012284 164.7981 195.3622 15.13595976 51020
1 47617U 21006EJ  21353.72777111  .00002176  00000-0  12465-3 0  9998
2 47617  97.4701  51.6194 0012294 164.3533 195.8081 15.13596576 51044
1 47617U 21006EJ  21354.38886440  .00005810  00000-0  32656-3 0  9999
2 47617  97.4699  52.2678 0012378 162.0384 198.1287 15.13611837 51149
1 47617U 21006EJ  21354.71941149  .00006912  00000-0  38770-3 0  9991
2 47617  97.4697  52.5919 0012410 161.0263 199.1433 15.13615320 51190
1 47617U 21006EJ  21355.44660629  .00008415  00000-0  47091-3 0  9999
2 47617  97.4696  53.3048 0012454 158.7146 201.4606 15.13629825 51309
1 47617U 21006EJ  21355.57882314  .00007815  00000-0  43765-3 0  9997
2 47617  97.4697  53.4344 0012438 158.4110 201.7648 15.13630907 51324
1 47617U 21006EJ  21355.71103975  .00007608  00000-0  42610-3 0  9990
2 47617  97.4697  53.5639 0012480 158.0542 202.1227 15.13632690 51345
1 47617U 21006EJ  21356.50433751  .00005346  00000-0  30051-3 0  9999
2 47617  97.4695  54.3415 0012562 155.0621 205.1220 15.13640014 51468
1 47617U 21006EJ  21356.76876968  .00005001  00000-0  28136-3 0  9997
2 47617  97.4695  54.6006 0012595 154.1895 205.9967 15.13641552 51505
1 47617U 21006EJ  21356.90098538  .00004475  00000-0  25214-3 0  9990
2 47617  97.4694  54.7303 0012627 153.6976 206.4900 15.13641931 51521
1 47617U 21006EJ  21357.42984767  .00004558  00000-0  25672-3 0  9996
2 47617  97.4693  55.2487 0012680 151.9490 208.2428 15.13646590 51600
1 47617U 21006EJ  21357.69427740  .00004741  00000-0  26686-3 0  9998
2 47617  97.4692  55.5078 0012681 151.0195 209.1743 15.13650141 51643
1 47617U 21006EJ  21358.15702732  .00005079  00000-0  28553-3 0  9997
2 47617  97.4692  55.9615 0012681 149.6280 210.5689 15.13656631 51715
1 47617U 21006EJ  21358.42145581  .00005875  00000-0  32968-3 0  9999
2 47617  97.4692  56.2208 0012683 148.8164 211.3823 15.13660977 51752
1 47617U 21006EJ  21358.75199054  .00005780  00000-0  32439-3 0  9997
2 47617  97.4691  56.5446 0012712 147.7388 212.4624 15.13664874 51804
1 47617U 21006EJ  21359.61137923  .00004397  00000-0  24764-3 0  9995
2 47617  97.4689  57.3871 0012786 145.0314 215.1760 15.13670267 51931
1 47617U 21006EJ  21359.74359257  .00004323  00000-0  24348-3 0  9992
2 47617  97.4689  57.5166 0012783 144.6379 215.5703 15.13671132 51958
1 47617U 21006EJ  21360.14023299  .00003469  00000-0  19611-3 0  9999
2 47617  97.4689  57.9055 0012795 143.4439 216.7668 15.13671521 52019
1 47617U 21006EJ  21360.40465891  .00003608  00000-0  20382-3 0  9998
2 47617  97.4690  58.1647 0012814 142.6142 217.5983 15.13673745 52058
1 47617U 21006EJ  21360.73519082  .00003660  00000-0  20672-3 0  9996
2 47617  97.4691  58.4889 0012913 141.5521 218.6633 15.13676298 52105
1 47617U 21006EJ  21361.26403928  .00004856  00000-0  27294-3 0  9991
2 47617  97.4690  59.0074 0012869 139.9343 220.2840 15.13683828 52184
1 47617U 21006EJ  21361.79288682  .00005205  00000-0  29227-3 0  9994
2 47617  97.4690  59.5259 0012922 138.3074 221.9144 15.13689266 52264
1 47617U 21006EJ  21362.12341572  .00005543  00000-0  31098-3 0  9994
2 47617  97.4690  59.8498 0012932 137.1606 223.0636 15.13693122 52312
1 47617U 21006EJ  21362.71836478  .00006136  00000-0  34371-3 0  9999
2 47617  97.4692  60.4332 0012965 135.3379 224.8899 15.13700549 52404
1 47617U 21006EJ  21363.11499526  .00006683  00000-0  37395-3 0  9999
2 47617  97.4692  60.8220 0012999 134.1066 226.1237 15.13706787 52468
1 47617U 21006EJ  21363.90825177  .00006880  00000-0  38474-3 0  9999
2 47617  97.4696  61.6000 0013067 131.4991 228.7364 15.13718410 52589
1 47617U 21006EJ  21364.17266922  .00006708  00000-0  37517-3 0  9992
2 47617  97.4696  61.8592 0013081 130.6086 229.6285 15.13722241 52623
1 47617U 21006EJ  21364.70150324  .00005310  00000-0  29774-3 0  9993
2 47617  97.4696  62.3778 0013130 128.8846 231.3559 15.13726574 52709
1 47617U 21006EJ  21365.62696061  .00002887  00000-0  16358-3 0  9998
2 47617  97.4696  63.2851 0013241 126.1228 234.1232 15.13730015 52848
1 47617U 21006EJ  21365.75916883  .00002779  00000-0  15755-3 0  9999
2 47617  97.4694  63.4146 0013211 125.6961 234.5502 15.13729884 52868
1 47617U 21006EJ  22001.61851986  .00002528  00000-0  14368-3 0  9995
2 47617  97.4689  64.2569 0013233 123.1536 237.0967 15.13733617 52991
1 47617U 21006EJ  22001.94903914  .00001947  00000-0  11148-3 0  9997
2 47617  97.4687  64.5809 0013236 122.0398 238.2121 15.13733677 53044

